Nucleotide	Sequence	Modified_mutations	Modified_read_depth	Modified_effective_depth	Modified_rate	Modified_off_target_mapped_depth	Modified_low_mapq_mapped_depth	Modified_primer_pair_1_mapped_depth	Untreated_mutations	Untreated_read_depth	Untreated_effective_depth	Untreated_rate	Untreated_off_target_mapped_depth	Untreated_low_mapq_mapped_depth	Untreated_primer_pair_1_mapped_depth	Denatured_mutations	Denatured_read_depth	Denatured_effective_depth	Denatured_rate	Denatured_off_target_mapped_depth	Denatured_low_mapq_mapped_depth	Denatured_primer_pair_1_mapped_depth	Reactivity_profile	Std_err	HQ_profile	HQ_stderr	Norm_profile	Norm_stderr
1	g	0	851305	0	nan	50006	30	851305	0	809591	0	nan	59793	23	809591	0	0	0	nan	0	0	0	nan	nan	nan	nan	nan	nan
2	g	0	852311	0	nan	50050	30	852311	0	810578	0	nan	59849	23	810578	0	0	0	nan	0	0	0	nan	nan	nan	nan	nan	nan
3	c	0	852841	0	nan	50073	31	852841	0	811073	0	nan	59888	23	811073	0	0	0	nan	0	0	0	nan	nan	nan	nan	nan	nan
4	c	0	853061	0	nan	50084	31	853061	0	811298	0	nan	59901	23	811298	0	0	0	nan	0	0	0	nan	nan	nan	nan	nan	nan
5	u	0	853099	0	nan	50085	31	853099	0	811335	0	nan	59901	23	811335	0	0	0	nan	0	0	0	nan	nan	nan	nan	nan	nan
6	u	0	853178	0	nan	50088	31	853178	0	811387	0	nan	59901	23	811387	0	0	0	nan	0	0	0	nan	nan	nan	nan	nan	nan
7	c	0	853247	0	nan	50088	31	853247	0	811434	0	nan	59901	23	811434	0	0	0	nan	0	0	0	nan	nan	nan	nan	nan	nan
8	g	0	853280	0	nan	50088	31	853280	0	811489	0	nan	59901	23	811489	0	0	0	nan	0	0	0	nan	nan	nan	nan	nan	nan
9	g	0	853317	0	nan	50091	31	853317	0	811544	0	nan	59901	23	811544	0	0	0	nan	0	0	0	nan	nan	nan	nan	nan	nan
10	g	0	853342	0	nan	50092	31	853342	0	811572	0	nan	59901	23	811572	0	0	0	nan	0	0	0	nan	nan	nan	nan	nan	nan
11	c	0	853375	0	nan	50093	31	853375	0	811606	0	nan	59902	23	811606	0	0	0	nan	0	0	0	nan	nan	nan	nan	nan	nan
12	c	0	853387	0	nan	50096	31	853380	0	811627	0	nan	59902	23	811609	0	0	0	nan	0	0	0	nan	nan	nan	nan	nan	nan
13	a	0	853409	0	nan	50098	31	853388	0	811659	0	nan	59902	23	811613	0	0	0	nan	0	0	0	nan	nan	nan	nan	nan	nan
14	a	0	853419	0	nan	50100	31	853389	0	811675	0	nan	59902	23	811614	0	0	0	nan	0	0	0	nan	nan	nan	nan	nan	nan
15	G	2584	853430	796602	0.003244	50100	31	853390	2415	811683	756889	0.003191	59902	23	811614	0	0	0	nan	0	0	0	0.000053	0.000091	0.000053	0.000091	0.004536	0.007788
16	U	13523	853444	793871	0.017034	50102	31	853399	10322	811696	753829	0.013693	59902	23	811620	0	0	0	nan	0	0	0	0.003341	0.000199	0.003341	0.000199	0.285931	0.017031
17	U	5453	853453	791592	0.006889	50103	31	853405	1301	811710	752441	0.001729	59902	23	811625	0	0	0	nan	0	0	0	0.005160	0.000105	0.005160	0.000105	0.441605	0.008986
18	A	2404	853463	789845	0.003044	50105	31	853411	640	811719	752646	0.000850	59902	23	811631	0	0	0	nan	0	0	0	0.002193	0.000071	0.002193	0.000071	0.187682	0.006076
19	A	1736	853468	801708	0.002165	50107	31	853414	566	811724	763943	0.000741	59902	23	811636	0	0	0	nan	0	0	0	0.001424	0.000061	0.001424	0.000061	0.121869	0.005221
20	U	4109	853475	815068	0.005041	50109	31	853417	2446	811726	775834	0.003153	59902	23	811636	0	0	0	nan	0	0	0	0.001889	0.000101	0.001889	0.000101	0.161665	0.008644
21	C	3277	853499	814571	0.004023	50110	31	853437	816	811745	775513	0.001052	59903	23	811651	0	0	0	nan	0	0	0	0.002971	0.000079	0.002971	0.000079	0.254265	0.006761
22	A	1759	853520	816268	0.002155	50112	31	853453	1046	811750	776970	0.001346	59903	23	811655	0	0	0	nan	0	0	0	0.000809	0.000066	0.000809	0.000066	0.069236	0.005648
23	U	3725	853530	809038	0.004604	50112	31	853455	2306	811756	770172	0.002994	59903	23	811656	0	0	0	nan	0	0	0	0.001610	0.000098	0.001610	0.000098	0.137788	0.008387
24	G	4618	853218	803355	0.005748	50113	31	853136	3680	811454	763259	0.004821	59903	23	811348	0	0	0	nan	0	0	0	0.000927	0.000116	0.000927	0.000116	0.079335	0.009928
25	C	2402	852879	794127	0.003025	50115	31	852786	1535	811080	757002	0.002028	59903	23	810969	0	0	0	nan	0	0	0	0.000997	0.000081	0.000997	0.000081	0.085326	0.006932
26	U	2159	852227	789303	0.002735	50118	31	852130	1512	810445	753719	0.002006	59903	23	810328	0	0	0	nan	0	0	0	0.000729	0.000078	0.000729	0.000078	0.062390	0.006675
27	C	4498	853022	788863	0.005702	50119	31	852900	2096	810122	756400	0.002771	59903	23	809994	0	0	0	nan	0	0	0	0.002931	0.000104	0.002931	0.000104	0.250842	0.008901
28	G	15266	852610	789810	0.019329	50120	31	852468	5715	809590	754184	0.007578	59903	22	809447	0	0	0	nan	0	0	0	0.011751	0.000186	0.011751	0.000186	1.005678	0.015918
29	G	10438	853814	791429	0.013189	50121	31	853647	7543	809383	753477	0.010011	59904	22	809224	0	0	0	nan	0	0	0	0.003178	0.000173	0.003178	0.000173	0.271981	0.014806
30	G	3500	856169	797821	0.004387	49964	31	855966	2681	809708	759550	0.003530	59551	20	809537	0	0	0	nan	0	0	0	0.000857	0.000101	0.000857	0.000101	0.073344	0.008644
31	U	3983	863336	809643	0.004919	49963	30	863104	2158	823470	776959	0.002777	59548	20	823253	0	0	0	nan	0	0	0	0.002142	0.000098	0.002142	0.000098	0.183317	0.008387
32	A	1945	864781	817099	0.002380	49784	29	864534	588	824646	786834	0.000747	59092	20	824412	0	0	0	nan	0	0	0	0.001633	0.000062	0.001633	0.000062	0.139756	0.005306
33	A	2097	864426	816629	0.002568	49783	29	864169	661	824325	785539	0.000841	59092	20	824087	0	0	0	nan	0	0	0	0.001726	0.000065	0.001726	0.000065	0.147715	0.005563
34	U	5463	863800	813808	0.006713	49783	29	863531	3814	823797	783611	0.004867	59092	20	823554	0	0	0	nan	0	0	0	0.001846	0.000120	0.001846	0.000120	0.157985	0.010270
35	C	2649	863385	809730	0.003271	49783	28	863111	935	823340	781092	0.001197	59091	20	823092	0	0	0	nan	0	0	0	0.002074	0.000075	0.002074	0.000075	0.177498	0.006419
36	G	10131	862597	812909	0.012463	49784	28	862315	6554	822524	781147	0.008390	59093	20	822265	0	0	0	nan	0	0	0	0.004072	0.000161	0.004072	0.000161	0.348491	0.013779
37	C	2066	862065	809908	0.002551	49786	28	861780	1516	821506	776262	0.001953	59090	20	821244	0	0	0	nan	0	0	0	0.000598	0.000075	0.000598	0.000075	0.051178	0.006419
38	U	2564	861796	810991	0.003162	49786	28	861500	2053	821228	776676	0.002643	59091	20	820957	0	0	0	nan	0	0	0	0.000518	0.000085	0.000518	0.000085	0.044332	0.007274
39	G	5450	861787	809488	0.006733	49786	28	861468	4739	821141	775275	0.006113	59092	20	820858	0	0	0	nan	0	0	0	0.000620	0.000127	0.000620	0.000127	0.053061	0.010869
40	C	2948	861714	811906	0.003631	49788	28	861373	2641	821033	777838	0.003395	59089	20	820735	0	0	0	nan	0	0	0	0.000236	0.000094	0.000236	0.000094	0.020197	0.008045
41	G	3271	861831	810250	0.004037	49789	28	861470	2903	821104	776493	0.003739	59087	20	820793	0	0	0	nan	0	0	0	0.000298	0.000099	0.000298	0.000099	0.025504	0.008473
42	G	7336	861998	810595	0.009050	49789	28	861620	8257	821312	777500	0.010620	59089	20	820988	0	0	0	nan	0	0	0	-0.001570	0.000158	-0.001570	0.000158	-0.134364	0.013522
43	C	1826	862003	813144	0.002246	49791	28	861611	1669	821295	780782	0.002138	59087	20	820962	0	0	0	nan	0	0	0	0.000108	0.000074	0.000108	0.000074	0.009243	0.006333
44	C	2910	862076	812358	0.003582	49794	28	861676	1565	821398	783208	0.001998	59089	20	821059	0	0	0	nan	0	0	0	0.001584	0.000083	0.001584	0.000083	0.135562	0.007103
45	G	26446	861976	801200	0.033008	49795	28	861569	9253	821529	786006	0.011772	59088	20	821183	0	0	0	nan	0	0	0	0.021236	0.000237	0.021236	0.000237	1.817426	0.020283
46	G	36669	861839	807405	0.045416	49797	28	861424	13877	821538	786227	0.017650	59090	20	821191	0	0	0	nan	0	0	0	0.027766	0.000281	0.027766	0.000281	2.376279	0.024049
47	U	17098	861647	797266	0.021446	49800	28	861225	2524	821376	784120	0.003219	59084	20	821027	0	0	0	nan	0	0	0	0.018227	0.000176	0.018227	0.000176	1.559909	0.015062
48	U	15698	861397	806555	0.019463	49799	27	860975	1414	821247	784129	0.001803	59063	20	820893	0	0	0	nan	0	0	0	0.017660	0.000163	0.017660	0.000163	1.511384	0.013950
49	U	15182	860933	812241	0.018691	43857	14	860504	2486	820186	784259	0.003170	37154	5	819831	0	0	0	nan	0	0	0	0.015522	0.000164	0.015522	0.000164	1.328409	0.014036
50	C	5817	860662	813899	0.007147	43858	14	860225	1650	819960	783725	0.002105	37152	5	819600	0	0	0	nan	0	0	0	0.005042	0.000107	0.005042	0.000107	0.431506	0.009157
51	G	3223	860367	818012	0.003940	43838	15	859915	2892	819417	786627	0.003676	36999	5	819054	0	0	0	nan	0	0	0	0.000264	0.000097	0.000264	0.000097	0.022594	0.008301
52	G	10494	860043	817552	0.012836	43509	14	859578	9437	818956	785363	0.012016	35882	2	818587	0	0	0	nan	0	0	0	0.000820	0.000176	0.000820	0.000176	0.070178	0.015062
53	C	3778	859598	819368	0.004611	43269	14	859127	3545	818537	786648	0.004506	34893	1	818170	0	0	0	nan	0	0	0	0.000104	0.000107	0.000104	0.000107	0.008901	0.009157
54	C	2249	858697	820069	0.002742	43133	14	858215	2186	817705	786955	0.002778	34233	1	817335	0	0	0	nan	0	0	0	-0.000035	0.000083	-0.000035	0.000083	-0.002995	0.007103
55	G	2859	857335	810979	0.003525	43029	13	856843	2574	816584	778432	0.003307	33905	1	816208	0	0	0	nan	0	0	0	0.000219	0.000093	0.000219	0.000093	0.018743	0.007959
56	U	1624	856510	806340	0.002014	42978	13	856012	1424	815856	774797	0.001838	33623	1	815477	0	0	0	nan	0	0	0	0.000176	0.000070	0.000176	0.000070	0.015062	0.005991
57	A	1792	855922	800464	0.002239	42969	13	855416	1086	815335	769975	0.001410	33577	1	814948	0	0	0	nan	0	0	0	0.000828	0.000068	0.000828	0.000068	0.070862	0.005820
58	G	3091	855498	797565	0.003876	42956	13	854979	1119	814883	765617	0.001462	33507	1	814491	0	0	0	nan	0	0	0	0.002414	0.000082	0.002414	0.000082	0.206596	0.007018
59	A	7182	855397	799395	0.008984	42937	13	854871	1533	814743	767870	0.001996	33436	1	814348	0	0	0	nan	0	0	0	0.006988	0.000118	0.006988	0.000118	0.598049	0.010099
60	G	7800	855497	800004	0.009750	42933	13	854967	2906	814790	769792	0.003775	33416	1	814391	0	0	0	nan	0	0	0	0.005975	0.000131	0.005975	0.000131	0.511354	0.011211
61	G	23489	855591	808613	0.029049	42933	13	855051	6223	814899	777923	0.008000	33416	1	814494	0	0	0	nan	0	0	0	0.021049	0.000215	0.021049	0.000215	1.801422	0.018400
62	A	7472	855824	808896	0.009237	42936	13	855276	1833	815117	778360	0.002355	33420	1	814707	0	0	0	nan	0	0	0	0.006882	0.000120	0.006882	0.000120	0.588978	0.010270
63	A	3267	855966	812615	0.004020	42936	13	855412	739	815267	780399	0.000947	33420	1	814855	0	0	0	nan	0	0	0	0.003073	0.000078	0.003073	0.000078	0.262994	0.006675
64	A	1989	855813	816675	0.002435	42936	13	855255	683	815011	784533	0.000871	33421	1	814598	0	0	0	nan	0	0	0	0.001565	0.000064	0.001565	0.000064	0.133936	0.005477
65	G	3344	855471	811497	0.004121	42937	13	854907	1791	814844	782215	0.002290	33421	1	814430	0	0	0	nan	0	0	0	0.001831	0.000089	0.001831	0.000089	0.156701	0.007617
66	U	24355	855274	817835	0.029780	42939	12	854708	17242	814681	785388	0.021953	33421	1	814266	0	0	0	nan	0	0	0	0.007826	0.000254	0.007826	0.000254	0.669767	0.021738
67	C	2024	855149	819073	0.002471	42940	12	854576	1106	814622	785744	0.001408	33420	1	814205	0	0	0	nan	0	0	0	0.001064	0.000069	0.001064	0.000069	0.091060	0.005905
68	C	1675	854852	821102	0.002040	42959	13	854266	974	814406	787481	0.001237	33427	1	813983	0	0	0	nan	0	0	0	0.000803	0.000064	0.000803	0.000064	0.068723	0.005477
69	A	4154	854347	819249	0.005070	42959	13	853748	1432	814009	785542	0.001823	33426	1	813584	0	0	0	nan	0	0	0	0.003248	0.000092	0.003248	0.000092	0.277971	0.007874
70	U	7195	854055	819812	0.008776	42958	13	853451	2442	813804	786049	0.003107	33426	1	813369	0	0	0	nan	0	0	0	0.005670	0.000121	0.005670	0.000121	0.485252	0.010355
71	G	8372	853719	820298	0.010206	42959	12	853105	4069	813569	785144	0.005182	33426	1	813126	0	0	0	nan	0	0	0	0.005024	0.000138	0.005024	0.000138	0.429966	0.011810
72	C	5474	853347	815396	0.006713	42961	12	852730	4100	813268	782187	0.005242	33425	1	812823	0	0	0	nan	0	0	0	0.001472	0.000122	0.001472	0.000122	0.125977	0.010441
73	U	3937	852797	815079	0.004830	42961	12	852173	3178	812982	782009	0.004064	33425	1	812533	0	0	0	nan	0	0	0	0.000766	0.000105	0.000766	0.000105	0.065556	0.008986
74	C	2220	852712	813694	0.002728	42899	12	852081	1449	812954	781330	0.001855	33297	1	812500	0	0	0	nan	0	0	0	0.000874	0.000076	0.000874	0.000076	0.074799	0.006504
75	G	8199	852530	813931	0.010073	42897	12	851889	6355	812837	780739	0.008140	33297	1	812378	0	0	0	nan	0	0	0	0.001934	0.000151	0.001934	0.000151	0.165516	0.012923
76	C	1733	852324	809558	0.002141	42846	11	851678	1065	812688	777719	0.001369	33227	1	812227	0	0	0	nan	0	0	0	0.000771	0.000066	0.000771	0.000066	0.065984	0.005648
77	A	1990	852435	810437	0.002455	42788	9	851773	1055	812850	778299	0.001356	33139	1	812372	0	0	0	nan	0	0	0	0.001100	0.000069	0.001100	0.000069	0.094141	0.005905
78	C	2166	852583	813651	0.002662	42787	9	851902	1191	812949	782105	0.001523	33139	1	812455	0	0	0	nan	0	0	0	0.001139	0.000072	0.001139	0.000072	0.097478	0.006162
79	G	12218	852776	815322	0.014985	42787	8	852067	8065	813214	783796	0.010290	33139	1	812699	0	0	0	nan	0	0	0	0.004696	0.000178	0.004696	0.000178	0.401895	0.015234
80	G	5089	852520	803206	0.006336	42787	8	851800	3979	812978	779487	0.005105	33139	1	812454	0	0	0	nan	0	0	0	0.001231	0.000120	0.001231	0.000120	0.105352	0.010270
81	U	41498	852164	808135	0.051350	42791	8	851438	2424	812770	776393	0.003122	33138	1	812239	0	0	0	nan	0	0	0	0.048228	0.000260	0.048228	0.000260	4.127465	0.022251
82	G	5981	852048	809148	0.007392	42789	8	851319	4661	812632	777326	0.005996	33131	1	812095	0	0	0	nan	0	0	0	0.001396	0.000130	0.001396	0.000130	0.119473	0.011126
83	C	1754	851782	809090	0.002168	42789	8	851047	1483	812456	776155	0.001911	33130	1	811914	0	0	0	nan	0	0	0	0.000257	0.000072	0.000257	0.000072	0.021995	0.006162
84	U	2304	851304	810206	0.002844	42788	8	850568	2110	811975	777765	0.002713	33129	1	811428	0	0	0	nan	0	0	0	0.000131	0.000084	0.000131	0.000084	0.011211	0.007189
85	G	2615	851112	805996	0.003244	42748	8	850362	1929	811823	774080	0.002492	33088	1	811272	0	0	0	nan	0	0	0	0.000752	0.000085	0.000752	0.000085	0.064358	0.007274
86	A	3727	850710	809683	0.004603	42745	8	849951	1942	811444	777121	0.002499	33080	1	810890	0	0	0	nan	0	0	0	0.002104	0.000094	0.002104	0.000094	0.180065	0.008045
87	G	1709	850722	804589	0.002124	42743	8	849951	1189	811508	772895	0.001538	33079	1	810941	0	0	0	nan	0	0	0	0.000586	0.000068	0.000586	0.000068	0.050151	0.005820
88	A	2355	850850	807926	0.002915	42837	9	850060	1273	811616	777758	0.001637	33081	1	811041	0	0	0	nan	0	0	0	0.001278	0.000076	0.001278	0.000076	0.109374	0.006504
89	U	25950	850948	811402	0.031982	42838	8	850149	1624	811763	778123	0.002087	33081	1	811179	0	0	0	nan	0	0	0	0.029895	0.000205	0.029895	0.000205	2.558484	0.017544
90	G	5227	851179	813686	0.006424	42839	8	850370	4007	811939	781483	0.005127	33081	1	811344	0	0	0	nan	0	0	0	0.001296	0.000120	0.001296	0.000120	0.110915	0.010270
91	C	7394	851400	811366	0.009113	42840	8	850576	6440	812120	779905	0.008257	33081	1	811511	0	0	0	nan	0	0	0	0.000856	0.000148	0.000856	0.000148	0.073258	0.012666
92	C	1653	851442	814495	0.002029	42840	8	850605	1372	812170	783062	0.001752	33081	1	811556	0	0	0	nan	0	0	0	0.000277	0.000069	0.000277	0.000069	0.023706	0.005905
93	C	3626	851411	813954	0.004455	42846	8	850561	2573	812168	783043	0.003286	33081	1	811546	0	0	0	nan	0	0	0	0.001169	0.000098	0.001169	0.000098	0.100046	0.008387
94	G	5181	851363	812509	0.006377	42858	8	850503	3721	812255	783925	0.004747	33081	1	811622	0	0	0	nan	0	0	0	0.001630	0.000118	0.001630	0.000118	0.139499	0.010099
95	U	5263	851258	809929	0.006498	42879	7	850387	3750	812154	781508	0.004798	33081	1	811518	0	0	0	nan	0	0	0	0.001700	0.000119	0.001700	0.000119	0.145490	0.010184
96	A	15503	851309	808753	0.019169	42881	7	850432	1773	812292	781320	0.002269	33081	1	811648	0	0	0	nan	0	0	0	0.016900	0.000163	0.016900	0.000163	1.446341	0.013950
97	G	7016	851505	809114	0.008671	42941	7	850618	2675	812380	782591	0.003418	33081	1	811734	0	0	0	nan	0	0	0	0.005253	0.000123	0.005253	0.000123	0.449564	0.010527
98	U	17202	851571	815141	0.021103	43033	6	850673	3017	812436	785203	0.003842	33082	1	811788	0	0	0	nan	0	0	0	0.017261	0.000175	0.017261	0.000175	1.477237	0.014977
99	G	7977	851549	815055	0.009787	43040	6	850649	2393	812448	786525	0.003042	33082	1	811797	0	0	0	nan	0	0	0	0.006745	0.000126	0.006745	0.000126	0.577253	0.010783
100	U	6450	851556	812526	0.007938	43047	6	850655	3398	812414	783697	0.004336	33082	1	811761	0	0	0	nan	0	0	0	0.003602	0.000124	0.003602	0.000124	0.308268	0.010612
101	U	2125	851375	805181	0.002639	43056	7	850472	1248	812227	781728	0.001596	33082	1	811569	0	0	0	nan	0	0	0	0.001043	0.000073	0.001043	0.000073	0.089262	0.006248
102	C	4520	851142	786203	0.005749	43058	7	850231	1486	812093	781889	0.001901	33082	1	811432	0	0	0	nan	0	0	0	0.003849	0.000099	0.003849	0.000099	0.329406	0.008473
103	G	26000	851187	792503	0.032807	43058	7	850259	1685	812142	781186	0.002157	33082	1	811471	0	0	0	nan	0	0	0	0.030650	0.000210	0.030650	0.000210	2.623098	0.017972
104	U	32049	851194	805801	0.039773	43060	7	850260	2672	812132	783325	0.003411	33081	1	811458	0	0	0	nan	0	0	0	0.036362	0.000232	0.036362	0.000232	3.111945	0.019855
105	G	19063	851385	807606	0.023604	43071	7	850440	2839	812271	782937	0.003626	33082	1	811592	0	0	0	nan	0	0	0	0.019978	0.000184	0.019978	0.000184	1.709764	0.015747
106	G	9879	851555	811253	0.012177	43070	7	850602	5389	812433	785353	0.006862	33082	1	811747	0	0	0	nan	0	0	0	0.005316	0.000154	0.005316	0.000154	0.454956	0.013180
107	A	11899	851691	812334	0.014648	43064	7	850730	954	812521	784108	0.001217	33076	1	811831	0	0	0	nan	0	0	0	0.013431	0.000140	0.013431	0.000140	1.149456	0.011982
108	A	1306	851581	815666	0.001601	43068	7	850615	519	812439	784094	0.000662	33073	1	811747	0	0	0	nan	0	0	0	0.000939	0.000053	0.000939	0.000053	0.080362	0.004536
109	A	3133	851040	814635	0.003846	43078	7	850072	755	812093	782706	0.000965	33074	1	811398	0	0	0	nan	0	0	0	0.002881	0.000077	0.002881	0.000077	0.246563	0.006590
110	C	1999	850516	818757	0.002442	43079	7	849543	1328	811760	786776	0.001688	33073	1	811064	0	0	0	nan	0	0	0	0.000754	0.000072	0.000754	0.000072	0.064529	0.006162
111	A	1320	850127	819502	0.001611	43080	7	849150	815	811563	787306	0.001035	33073	1	810864	0	0	0	nan	0	0	0	0.000576	0.000057	0.000576	0.000057	0.049295	0.004878
112	C	1931	849835	818548	0.002359	43085	7	848855	1406	811347	786553	0.001788	33074	1	810647	0	0	0	nan	0	0	0	0.000572	0.000072	0.000572	0.000072	0.048953	0.006162
113	G	3759	849445	812064	0.004629	43085	7	848464	2152	811059	780156	0.002758	33074	1	810359	0	0	0	nan	0	0	0	0.001871	0.000096	0.001871	0.000096	0.160125	0.008216
114	A	5351	849128	808987	0.006614	43084	7	848144	1085	810837	778176	0.001394	33074	1	810136	0	0	0	nan	0	0	0	0.005220	0.000100	0.005220	0.000100	0.446740	0.008558
115	G	5553	848959	804697	0.006901	43089	7	847973	4536	810744	773790	0.005862	33074	1	810036	0	0	0	nan	0	0	0	0.001039	0.000127	0.001039	0.000127	0.088920	0.010869
116	C	2901	848841	810214	0.003581	43093	7	847849	2133	810670	779740	0.002736	33074	1	809961	0	0	0	nan	0	0	0	0.000845	0.000089	0.000845	0.000089	0.072317	0.007617
117	G	2289	848978	808360	0.002832	43100	5	847975	1887	810766	777316	0.002428	33077	1	810052	0	0	0	nan	0	0	0	0.000404	0.000081	0.000404	0.000081	0.034575	0.006932
118	A	2718	849071	811626	0.003349	43098	5	848062	1396	810830	781326	0.001787	33077	1	810112	0	0	0	nan	0	0	0	0.001562	0.000080	0.001562	0.000080	0.133680	0.006847
119	G	36402	849489	810682	0.044903	43099	5	848470	31142	811149	780539	0.039898	33077	1	810416	0	0	0	nan	0	0	0	0.005005	0.000326	0.005005	0.000326	0.428340	0.027900
120	A	9907	850067	811550	0.012208	43107	5	849035	925	811589	782894	0.001182	33076	1	810851	0	0	0	nan	0	0	0	0.011026	0.000129	0.011026	0.000129	0.943631	0.011040
121	A	7043	850544	809523	0.008700	43109	5	849503	437	812040	781722	0.000559	33076	1	811289	0	0	0	nan	0	0	0	0.008141	0.000107	0.008141	0.000107	0.696726	0.009157
122	A	9793	850627	809317	0.012100	43110	5	849573	1936	812129	780056	0.002482	33076	1	811369	0	0	0	nan	0	0	0	0.009618	0.000135	0.009618	0.000135	0.823131	0.011554
123	C	3205	850609	802915	0.003992	43142	5	849537	2553	812015	777184	0.003285	33076	1	811243	0	0	0	nan	0	0	0	0.000707	0.000096	0.000707	0.000096	0.060507	0.008216
124	C	1548	850438	803237	0.001927	43139	5	849352	1274	811871	777448	0.001639	33076	1	811091	0	0	0	nan	0	0	0	0.000289	0.000067	0.000289	0.000067	0.024733	0.005734
125	C	8760	850123	801914	0.010924	43138	5	849018	3330	811713	779049	0.004274	33075	1	810915	0	0	0	nan	0	0	0	0.006649	0.000138	0.006649	0.000138	0.569037	0.011810
126	A	7571	849684	784464	0.009651	43134	5	848551	988	811458	777145	0.001271	33065	1	810639	0	0	0	nan	0	0	0	0.008380	0.000118	0.008380	0.000118	0.717180	0.010099
127	A	13027	849197	785504	0.016584	43142	5	848043	571	811101	770168	0.000741	33064	1	810262	0	0	0	nan	0	0	0	0.015843	0.000149	0.015843	0.000149	1.355881	0.012752
128	A	8704	848555	772638	0.011265	43168	5	847388	706	810568	765251	0.000923	33061	1	809720	0	0	0	nan	0	0	0	0.010343	0.000126	0.010343	0.000126	0.885178	0.010783
129	U	25765	847903	754810	0.034134	43163	5	846729	1373	810208	768147	0.001787	33060	1	809355	0	0	0	nan	0	0	0	0.032347	0.000218	0.032347	0.000218	2.768332	0.018657
130	G	24113	847735	767615	0.031413	43153	5	846552	1152	810018	771789	0.001493	33059	1	809158	0	0	0	nan	0	0	0	0.029920	0.000207	0.029920	0.000207	2.560623	0.017716
131	A	22085	847576	784449	0.028154	43155	5	846386	925	809826	775044	0.001193	33057	1	808964	0	0	0	nan	0	0	0	0.026960	0.000193	0.026960	0.000193	2.307300	0.016517
132	U	20987	847537	787702	0.026643	43152	5	846338	1481	809796	776096	0.001908	33057	1	808927	0	0	0	nan	0	0	0	0.024735	0.000190	0.024735	0.000190	2.116879	0.016261
133	G	23985	847792	787075	0.030474	43124	5	846580	3933	809988	772964	0.005088	33050	1	809112	0	0	0	nan	0	0	0	0.025385	0.000213	0.025385	0.000213	2.172507	0.018229
134	G	15563	848150	786169	0.019796	43116	5	846926	2471	810339	772910	0.003197	33047	1	809457	0	0	0	nan	0	0	0	0.016599	0.000171	0.016599	0.000171	1.420581	0.014635
135	U	16052	848206	780906	0.020556	43092	5	846980	968	810369	769156	0.001259	33027	1	809485	0	0	0	nan	0	0	0	0.019297	0.000167	0.019297	0.000167	1.651482	0.014292
136	A	22062	848300	789187	0.027955	43089	5	847070	974	810411	768938	0.001267	33028	1	809523	0	0	0	nan	0	0	0	0.026689	0.000193	0.026689	0.000193	2.284107	0.016517
137	G	12798	848641	799118	0.016015	43092	5	847398	5952	810538	772260	0.007707	33034	1	809645	0	0	0	nan	0	0	0	0.008308	0.000173	0.008308	0.000173	0.711018	0.014806
138	G	9549	848661	805258	0.011858	43095	4	847411	7446	810458	775828	0.009597	33034	1	809557	0	0	0	nan	0	0	0	0.002261	0.000165	0.002261	0.000165	0.193502	0.014121
139	G	4713	848281	804750	0.005856	43094	4	847025	3526	810084	773914	0.004556	33032	1	809179	0	0	0	nan	0	0	0	0.001300	0.000115	0.001300	0.000115	0.111257	0.009842
140	G	11796	847739	798646	0.014770	43092	3	846476	8577	809630	767445	0.011176	33029	1	808720	0	0	0	nan	0	0	0	0.003594	0.000182	0.003594	0.000182	0.307583	0.015576
141	C	5383	847285	790433	0.006810	43064	0	846019	1796	809344	760300	0.002362	33024	1	808428	0	0	0	nan	0	0	0	0.004448	0.000108	0.004448	0.000108	0.380670	0.009243
142	A	6357	846881	788578	0.008061	42995	0	845617	1097	809005	757146	0.001449	33010	0	808085	0	0	0	nan	0	0	0	0.006612	0.000110	0.006612	0.000110	0.565870	0.009414
143	C	2649	846767	789016	0.003357	42991	0	845498	1897	808902	755882	0.002510	33012	0	807978	0	0	0	nan	0	0	0	0.000848	0.000087	0.000848	0.000087	0.072574	0.007446
144	C	5812	846665	796487	0.007297	42990	0	845381	4741	808810	761824	0.006223	33012	0	807875	0	0	0	nan	0	0	0	0.001074	0.000132	0.001074	0.000132	0.091915	0.011297
145	U	5090	846753	796511	0.006390	42991	0	845453	3856	808919	761851	0.005061	33012	0	807980	0	0	0	nan	0	0	0	0.001329	0.000121	0.001329	0.000121	0.113739	0.010355
146	U	10296	846970	798490	0.012894	42989	0	845641	8138	809149	764839	0.010640	33012	0	808192	0	0	0	nan	0	0	0	0.002254	0.000173	0.002254	0.000173	0.192903	0.014806
147	C	5024	847065	798160	0.006294	42987	0	845722	3757	809292	763658	0.004920	33012	0	808320	0	0	0	nan	0	0	0	0.001375	0.000120	0.001375	0.000120	0.117676	0.010270
148	C	2386	847255	801829	0.002976	42952	0	845874	1027	809545	766675	0.001340	32996	0	808540	0	0	0	nan	0	0	0	0.001636	0.000074	0.001636	0.000074	0.140013	0.006333
149	C	1800	847457	804468	0.002238	42951	0	846036	1083	809872	768393	0.001409	32996	0	808822	0	0	0	nan	0	0	0	0.000828	0.000068	0.000828	0.000068	0.070862	0.005820
150	G	1383	847659	804283	0.001720	42951	0	846188	1050	810163	770983	0.001362	32995	0	809067	0	0	0	nan	0	0	0	0.000358	0.000062	0.000358	0.000062	0.030638	0.005306
151	A	1684	847745	801287	0.002102	42950	0	846225	954	810381	769986	0.001239	32995	0	809234	0	0	0	nan	0	0	0	0.000863	0.000065	0.000863	0.000065	0.073858	0.005563
152	A	2756	847873	801134	0.003440	42949	0	846341	1359	810546	770334	0.001764	32996	0	809382	0	0	0	nan	0	0	0	0.001676	0.000081	0.001676	0.000081	0.143436	0.006932
153	G	3948	848031	802515	0.004920	42949	0	846485	3204	810652	770544	0.004158	32996	0	809480	0	0	0	nan	0	0	0	0.000761	0.000107	0.000761	0.000107	0.065128	0.009157
154	G	2783	848077	803638	0.003463	42949	0	846524	2229	810612	771707	0.002888	32996	0	809439	0	0	0	nan	0	0	0	0.000575	0.000090	0.000575	0.000090	0.049210	0.007702
155	A	2893	848100	800307	0.003615	42949	0	846547	1263	810622	770151	0.001640	32996	0	809447	0	0	0	nan	0	0	0	0.001975	0.000082	0.001975	0.000082	0.169025	0.007018
156	A	2183	847954	803252	0.002718	42949	0	846393	537	810503	771749	0.000696	32995	0	809325	0	0	0	nan	0	0	0	0.002022	0.000065	0.002022	0.000065	0.173047	0.005563
157	A	3774	847770	800210	0.004716	42951	0	846198	548	810293	769390	0.000712	32998	0	809109	0	0	0	nan	0	0	0	0.004004	0.000083	0.004004	0.000083	0.342672	0.007103
158	U	9037	847346	803850	0.011242	42952	0	845769	2305	809930	771369	0.002988	32998	0	808745	0	0	0	nan	0	0	0	0.008254	0.000134	0.008254	0.000134	0.706397	0.011468
159	G	2153	847216	800000	0.002691	42951	0	845629	1234	809832	767338	0.001608	32998	0	808643	0	0	0	nan	0	0	0	0.001083	0.000074	0.001083	0.000074	0.092686	0.006333
160	A	1822	847076	797751	0.002284	42951	0	845486	959	809706	764568	0.001254	32999	0	808515	0	0	0	nan	0	0	0	0.001030	0.000067	0.001030	0.000067	0.088150	0.005734
161	A	1289	846786	794966	0.001621	42950	0	845197	610	809498	762261	0.000800	32998	0	808304	0	0	0	nan	0	0	0	0.000821	0.000056	0.000821	0.000056	0.070263	0.004793
162	C	1539	846501	797029	0.001931	42952	0	844910	1340	809323	764869	0.001752	32999	0	808125	0	0	0	nan	0	0	0	0.000179	0.000069	0.000179	0.000069	0.015319	0.005905
163	G	3253	846447	801523	0.004059	42952	0	844848	2425	809319	769812	0.003150	32999	0	808118	0	0	0	nan	0	0	0	0.000908	0.000096	0.000908	0.000096	0.077709	0.008216
164	G	4152	846332	795389	0.005220	42973	0	844727	2183	809218	765777	0.002851	33006	0	808013	0	0	0	nan	0	0	0	0.002369	0.000101	0.002369	0.000101	0.202745	0.008644
165	A	7639	845954	795544	0.009602	42968	0	844343	4952	808935	765650	0.006468	33008	0	807726	0	0	0	nan	0	0	0	0.003135	0.000143	0.003135	0.000143	0.268301	0.012238
166	G	13359	846021	799594	0.016707	43165	2	844399	12210	808979	769839	0.015860	33240	1	807759	0	0	0	nan	0	0	0	0.000847	0.000204	0.000847	0.000204	0.072488	0.017459
167	G	13663	845999	808170	0.016906	43239	3	844344	12433	808966	776872	0.016004	33271	1	807729	0	0	0	nan	0	0	0	0.000902	0.000204	0.000902	0.000204	0.077195	0.017459
168	G	3624	845845	805989	0.004496	43252	3	844160	3239	808776	775403	0.004177	33277	1	807530	0	0	0	nan	0	0	0	0.000319	0.000105	0.000319	0.000105	0.027301	0.008986
169	A	1642	845542	803477	0.002044	43251	3	843843	1342	808473	772946	0.001736	33277	1	807216	0	0	0	nan	0	0	0	0.000307	0.000069	0.000307	0.000069	0.026274	0.005905
170	A	2616	845225	803456	0.003256	43254	3	843505	2134	808142	772513	0.002762	33278	1	806870	0	0	0	nan	0	0	0	0.000494	0.000087	0.000494	0.000087	0.042278	0.007446
171	G	4236	844771	806039	0.005255	43257	3	843045	3514	807742	774923	0.004535	33279	1	806463	0	0	0	nan	0	0	0	0.000721	0.000111	0.000721	0.000111	0.061705	0.009500
172	G	2125	844266	805418	0.002638	43258	3	842534	1543	807244	774367	0.001993	33279	1	805959	0	0	0	nan	0	0	0	0.000646	0.000076	0.000646	0.000076	0.055286	0.006504
173	A	1852	843856	800317	0.002314	43259	3	842119	1152	806868	769929	0.001496	33280	1	805580	0	0	0	nan	0	0	0	0.000818	0.000070	0.000818	0.000070	0.070006	0.005991
174	C	901	843532	800648	0.001125	43263	3	841792	827	806621	769249	0.001075	33281	1	805329	0	0	0	nan	0	0	0	0.000050	0.000053	0.000050	0.000053	0.004279	0.004536
175	A	2266	843286	803894	0.002819	43263	3	841539	1770	806405	772322	0.002292	33281	1	805113	0	0	0	nan	0	0	0	0.000527	0.000080	0.000527	0.000080	0.045102	0.006847
176	G	4205	843102	808144	0.005203	43265	3	841349	3576	806226	775753	0.004610	33281	1	804930	0	0	0	nan	0	0	0	0.000594	0.000111	0.000594	0.000111	0.050836	0.009500
177	G	8037	842857	802357	0.010017	43265	3	841094	7028	806006	772052	0.009103	33281	1	804706	0	0	0	nan	0	0	0	0.000914	0.000156	0.000914	0.000156	0.078222	0.013351
178	C	3233	842414	799066	0.004046	43266	3	840648	2013	805665	771333	0.002610	33281	1	804358	0	0	0	nan	0	0	0	0.001436	0.000092	0.001436	0.000092	0.122896	0.007874
179	G	7572	842200	795979	0.009513	43259	3	840422	4199	805556	771385	0.005443	33280	1	804242	0	0	0	nan	0	0	0	0.004069	0.000138	0.004069	0.000138	0.348234	0.011810
180	G	10953	841812	792789	0.013816	43261	3	840031	9874	805189	770698	0.012812	33280	1	803867	0	0	0	nan	0	0	0	0.001004	0.000185	0.001004	0.000185	0.085925	0.015833
181	C	8370	841037	791133	0.010580	43263	4	839249	4138	804509	769213	0.005380	33283	1	803181	0	0	0	nan	0	0	0	0.005200	0.000143	0.005200	0.000143	0.445028	0.012238
182	G	13781	840377	788258	0.017483	43253	4	838575	5865	803981	765989	0.007657	33273	1	802643	0	0	0	nan	0	0	0	0.009826	0.000179	0.009826	0.000179	0.840932	0.015319
183	C	5806	839933	787044	0.007377	43332	6	838119	1003	803600	766204	0.001309	33286	1	802255	0	0	0	nan	0	0	0	0.006068	0.000105	0.006068	0.000105	0.519314	0.008986
184	A	16958	839201	780428	0.021729	43327	6	837373	825	802926	761564	0.001083	33281	1	801577	0	0	0	nan	0	0	0	0.020646	0.000171	0.020646	0.000171	1.766933	0.014635
185	U	35262	838682	790771	0.044592	43327	6	836838	2608	802487	762878	0.003419	33282	1	801126	0	0	0	nan	0	0	0	0.041173	0.000247	0.041173	0.000247	3.523681	0.021139
186	G	6697	838982	791698	0.008459	43331	7	837116	5564	802607	761683	0.007305	33280	1	801239	0	0	0	nan	0	0	0	0.001154	0.000142	0.001154	0.000142	0.098762	0.012153
187	C	3073	838999	793624	0.003872	43333	7	837113	2549	802567	764381	0.003335	33280	1	801181	0	0	0	nan	0	0	0	0.000537	0.000096	0.000537	0.000096	0.045958	0.008216
188	A	4533	838810	793562	0.005712	43335	7	836888	874	802454	763149	0.001145	33277	1	801045	0	0	0	nan	0	0	0	0.004567	0.000093	0.004567	0.000093	0.390854	0.007959
189	G	5028	838708	791262	0.006354	43343	7	836768	4138	802321	762735	0.005425	33278	1	800898	0	0	0	nan	0	0	0	0.000929	0.000123	0.000929	0.000123	0.079506	0.010527
190	C	3283	838447	789427	0.004159	43343	7	836498	2716	802036	761218	0.003568	33280	1	800600	0	0	0	nan	0	0	0	0.000591	0.000100	0.000591	0.000100	0.050579	0.008558
191	C	2374	838114	790041	0.003005	43352	8	836143	2653	801639	762039	0.003481	33280	1	800193	0	0	0	nan	0	0	0	-0.000477	0.000091	-0.000477	0.000091	-0.040823	0.007788
192	U	4507	838010	792298	0.005689	43372	9	836009	4002	801540	763606	0.005241	33279	1	800066	0	0	0	nan	0	0	0	0.000448	0.000119	0.000448	0.000119	0.038341	0.010184
193	G	2756	837822	796708	0.003459	43392	11	835796	1917	801375	766968	0.002499	33279	1	799886	0	0	0	nan	0	0	0	0.000960	0.000087	0.000960	0.000087	0.082159	0.007446
194	U	3077	837260	794251	0.003874	43404	11	835219	2801	800817	764041	0.003666	33279	1	799318	0	0	0	nan	0	0	0	0.000208	0.000098	0.000208	0.000098	0.017801	0.008387
195	A	5716	836951	791657	0.007220	43424	13	834874	1309	800654	763697	0.001714	33279	1	799118	0	0	0	nan	0	0	0	0.005506	0.000107	0.005506	0.000107	0.471216	0.009157
196	G	4521	836745	789800	0.005724	43433	13	834656	1370	800531	762439	0.001797	33279	1	798988	0	0	0	nan	0	0	0	0.003927	0.000098	0.003927	0.000098	0.336082	0.008387
197	A	7721	836390	785665	0.009827	43452	13	834287	1022	800243	763287	0.001339	33279	1	798687	0	0	0	nan	0	0	0	0.008488	0.000119	0.008488	0.000119	0.726423	0.010184
198	U	14700	836144	781480	0.018810	43457	13	834030	1283	800132	760474	0.001687	33279	1	798571	0	0	0	nan	0	0	0	0.017123	0.000162	0.017123	0.000162	1.465426	0.013864
199	A	24401	836152	784828	0.031091	43458	14	834028	880	800213	762150	0.001155	33279	1	798637	0	0	0	nan	0	0	0	0.029936	0.000203	0.029936	0.000203	2.561993	0.017373
200	G	9951	836434	774814	0.012843	43465	14	834294	1262	800284	756802	0.001668	33280	1	798702	0	0	0	nan	0	0	0	0.011176	0.000137	0.011176	0.000137	0.956468	0.011725
201	A	7021	836411	772441	0.009089	43461	14	834256	866	800213	751314	0.001153	33278	1	798617	0	0	0	nan	0	0	0	0.007937	0.000115	0.007937	0.000115	0.679267	0.009842
202	U	13182	836677	775806	0.016991	43461	14	834495	1731	800453	751283	0.002304	33277	1	798844	0	0	0	nan	0	0	0	0.014687	0.000158	0.014687	0.000158	1.256948	0.013522
203	G	2143	837123	781175	0.002743	43460	14	834910	1447	800659	757852	0.001909	33279	1	799034	0	0	0	nan	0	0	0	0.000834	0.000078	0.000834	0.000078	0.071376	0.006675
204	A	3362	837371	780271	0.004309	43454	14	835137	1584	800752	756526	0.002094	33279	1	799120	0	0	0	nan	0	0	0	0.002215	0.000091	0.002215	0.000091	0.189565	0.007788
205	U	3588	837665	774933	0.004630	43455	15	835402	2168	800858	751724	0.002884	33278	1	799207	0	0	0	nan	0	0	0	0.001746	0.000099	0.001746	0.000099	0.149427	0.008473
206	U	3711	838059	777267	0.004774	43452	15	835749	1779	800998	751567	0.002367	33278	1	799325	0	0	0	nan	0	0	0	0.002407	0.000096	0.002407	0.000096	0.205997	0.008216
207	A	2028	838508	780723	0.002598	43443	15	836110	768	801128	753273	0.001020	33277	1	799392	0	0	0	nan	0	0	0	0.001578	0.000068	0.001578	0.000068	0.135049	0.005820
208	C	2256	838480	781666	0.002886	43437	14	836044	1364	800970	752681	0.001812	33278	1	799210	0	0	0	nan	0	0	0	0.001074	0.000078	0.001074	0.000078	0.091915	0.006675
209	C	5480	838498	782037	0.007007	43439	14	835992	982	800835	751769	0.001306	33278	1	799046	0	0	0	nan	0	0	0	0.005701	0.000103	0.005701	0.000103	0.487905	0.008815
210	G	11311	838521	772901	0.014634	43440	14	835964	7983	800746	744318	0.010725	33276	1	798920	0	0	0	nan	0	0	0	0.003909	0.000183	0.003909	0.000183	0.334541	0.015662
211	C	2300	838320	768163	0.002994	43429	14	835646	1853	800373	739980	0.002504	33277	1	798474	0	0	0	nan	0	0	0	0.000490	0.000085	0.000490	0.000085	0.041935	0.007274
212	C	1751	837937	766711	0.002284	43423	14	835182	1061	799855	738697	0.001436	33271	0	797900	0	0	0	nan	0	0	0	0.000847	0.000070	0.000847	0.000070	0.072488	0.005991
213	G	6762	838284	773356	0.008744	43414	14	835387	4886	800174	744447	0.006563	33271	0	798070	0	0	0	nan	0	0	0	0.002180	0.000142	0.002180	0.000142	0.186569	0.012153
214	G	4630	838422	772148	0.005996	43410	14	835390	2606	800286	743942	0.003503	33271	0	798069	0	0	0	nan	0	0	0	0.002493	0.000112	0.002493	0.000112	0.213357	0.009585
215	A	4131	838070	773783	0.005339	43407	14	834939	1612	799806	744928	0.002164	33270	0	797510	0	0	0	nan	0	0	0	0.003175	0.000099	0.003175	0.000099	0.271724	0.008473
216	G	2728	838222	767195	0.003556	43403	14	835031	1782	799870	737594	0.002416	33265	0	797528	0	0	0	nan	0	0	0	0.001140	0.000089	0.001140	0.000089	0.097564	0.007617
217	U	3144	838228	772347	0.004071	43402	14	835003	2380	799790	741226	0.003211	33264	0	797424	0	0	0	nan	0	0	0	0.000860	0.000098	0.000860	0.000098	0.073601	0.008387
218	A	1414	838144	766036	0.001846	43401	15	834902	701	799668	734653	0.000954	33264	0	797284	0	0	0	nan	0	0	0	0.000892	0.000061	0.000892	0.000061	0.076339	0.005221
219	C	1804	838105	776124	0.002324	43403	15	834838	957	799493	745708	0.001283	33264	0	797097	0	0	0	nan	0	0	0	0.001041	0.000069	0.001041	0.000069	0.089091	0.005905
220	G	3491	838441	763036	0.004575	43403	15	835149	1161	799699	733078	0.001584	33264	0	797278	0	0	0	nan	0	0	0	0.002991	0.000090	0.002991	0.000090	0.255977	0.007702
221	A	4134	838144	770436	0.005366	43404	15	834814	1669	799392	742051	0.002249	33263	0	796943	0	0	0	nan	0	0	0	0.003117	0.000100	0.003117	0.000100	0.266760	0.008558
222	G	3501	838724	760041	0.004606	43406	16	835355	2358	799907	734460	0.003211	33263	0	797416	0	0	0	nan	0	0	0	0.001396	0.000102	0.001396	0.000102	0.119473	0.008729
223	G	9627	838888	757823	0.012703	43406	16	835490	10021	799971	733228	0.013667	33262	0	797444	0	0	0	nan	0	0	0	-0.000963	0.000188	-0.000963	0.000188	-0.082416	0.016089
224	C	2246	838935	756589	0.002969	43413	17	835513	1825	800018	733451	0.002488	33283	1	797461	0	0	0	nan	0	0	0	0.000480	0.000086	0.000480	0.000086	0.041080	0.007360
225	G	7983	839266	752405	0.010610	43407	17	835816	8244	800370	732230	0.011259	33283	1	797792	0	0	0	nan	0	0	0	-0.000649	0.000172	-0.000649	0.000172	-0.055543	0.014720
226	C	10305	839661	751932	0.013705	43407	17	836172	4432	800801	742044	0.005973	33282	1	798189	0	0	0	nan	0	0	0	0.007732	0.000162	0.007732	0.000162	0.661723	0.013864
227	A	31468	840098	737246	0.042683	43402	19	836585	1196	801227	739045	0.001618	33280	1	798598	0	0	0	nan	0	0	0	0.041065	0.000245	0.041065	0.000245	3.514438	0.020968
228	A	33427	840852	753485	0.044363	43404	19	837309	845	801789	736100	0.001148	33278	1	799135	0	0	0	nan	0	0	0	0.043215	0.000246	0.043215	0.000246	3.698440	0.021053
229	A	11459	841548	756086	0.015156	43403	19	837982	551	802305	737045	0.000748	33278	1	799632	0	0	0	nan	0	0	0	0.014408	0.000145	0.014408	0.000145	1.233070	0.012409
230	G	5536	841926	747085	0.007410	43404	21	838333	3225	802501	732612	0.004402	33279	1	799805	0	0	0	nan	0	0	0	0.003008	0.000126	0.003008	0.000126	0.257432	0.010783
231	C	16745	842133	762301	0.021966	43404	21	838516	2072	802595	740879	0.002797	33280	1	799879	0	0	0	nan	0	0	0	0.019170	0.000181	0.019170	0.000181	1.640613	0.015490
232	C	2229	842474	758662	0.002938	43414	25	838812	1145	802726	736633	0.001554	33289	1	799983	0	0	0	nan	0	0	0	0.001384	0.000077	0.001384	0.000077	0.118446	0.006590
233	G	5894	842667	759694	0.007758	43415	26	838947	5798	802859	738221	0.007854	33289	1	800077	0	0	0	nan	0	0	0	-0.000096	0.000144	-0.000096	0.000144	-0.008216	0.012324
234	C	9379	843041	756914	0.012391	43419	26	839280	4555	803205	733967	0.006206	33288	1	800387	0	0	0	nan	0	0	0	0.006185	0.000158	0.006185	0.000158	0.529327	0.013522
235	U	3464	843756	758492	0.004567	43421	27	839934	2634	803708	739082	0.003564	33289	1	800851	0	0	0	nan	0	0	0	0.001003	0.000104	0.001003	0.000104	0.085839	0.008901
236	U	5411	844737	756068	0.007157	43420	27	840851	1983	804675	738849	0.002684	33289	1	801758	0	0	0	nan	0	0	0	0.004473	0.000114	0.004473	0.000114	0.382810	0.009756
237	G	38662	845444	770760	0.050161	43418	27	841491	6932	805282	750354	0.009238	33288	1	802299	0	0	0	nan	0	0	0	0.040923	0.000278	0.040923	0.000278	3.502286	0.023792
238	C	4346	846194	766326	0.005671	43418	27	842170	1857	805714	745695	0.002490	33288	1	802676	0	0	0	nan	0	0	0	0.003181	0.000104	0.003181	0.000104	0.272237	0.008901
239	A	23021	847268	782556	0.029418	43416	27	843141	1385	806731	752710	0.001840	33287	1	803615	0	0	0	nan	0	0	0	0.027578	0.000200	0.027578	0.000200	2.360189	0.017116
240	G	2615	848403	769822	0.003397	43423	33	844212	1816	807579	737012	0.002464	33285	1	804415	0	0	0	nan	0	0	0	0.000933	0.000088	0.000933	0.000088	0.079848	0.007531
241	U	2709	848819	770570	0.003516	43425	34	844592	1746	807804	738486	0.002364	33285	1	804611	0	0	0	nan	0	0	0	0.001151	0.000088	0.001151	0.000088	0.098505	0.007531
242	A	717	849445	754360	0.000950	43426	35	845204	486	808345	721740	0.000673	33285	1	805141	0	0	0	nan	0	0	0	0.000277	0.000047	0.000277	0.000047	0.023706	0.004022
243	C	1577	849906	765363	0.002060	43425	35	845652	890	808660	732440	0.001215	33287	1	805443	0	0	0	nan	0	0	0	0.000845	0.000066	0.000845	0.000066	0.072317	0.005648
244	G	1242	850823	772344	0.001608	43424	38	846555	733	809409	737276	0.000994	33287	1	806183	0	0	0	nan	0	0	0	0.000614	0.000059	0.000614	0.000059	0.052548	0.005049
245	A	3103	851548	791475	0.003921	43423	39	847261	858	809916	757845	0.001132	33284	1	806674	0	0	0	nan	0	0	0	0.002788	0.000080	0.002788	0.000080	0.238604	0.006847
246	A	4278	852223	789921	0.005416	43425	39	847927	1172	810536	756418	0.001549	33284	1	807282	0	0	0	nan	0	0	0	0.003866	0.000094	0.003866	0.000094	0.330861	0.008045
247	G	9774	852646	782548	0.012490	43430	39	848323	6511	810808	752024	0.008658	33285	1	807535	0	0	0	nan	0	0	0	0.003832	0.000166	0.003832	0.000166	0.327951	0.014207
248	G	5545	853076	774156	0.007163	43430	39	848738	5098	811163	742344	0.006867	33285	1	807885	0	0	0	nan	0	0	0	0.000295	0.000136	0.000295	0.000136	0.025247	0.011639
249	U	4114	853431	784142	0.005246	43433	40	849078	2646	811425	750482	0.003526	33287	1	808136	0	0	0	nan	0	0	0	0.001721	0.000107	0.001721	0.000107	0.147287	0.009157
250	A	5621	853887	788476	0.007129	43435	40	849506	877	811769	753260	0.001164	33287	1	808463	0	0	0	nan	0	0	0	0.005965	0.000103	0.005965	0.000103	0.510499	0.008815
251	C	3671	854340	801862	0.004578	43436	40	849948	889	812154	766558	0.001160	33289	1	808834	0	0	0	nan	0	0	0	0.003418	0.000085	0.003418	0.000085	0.292520	0.007274
252	A	5427	854789	800824	0.006777	43437	40	850382	1060	812601	766673	0.001383	33289	1	809273	0	0	0	nan	0	0	0	0.005394	0.000101	0.005394	0.000101	0.461631	0.008644
253	G	2771	855135	801521	0.003457	43437	40	850713	1196	812808	768987	0.001555	33288	1	809471	0	0	0	nan	0	0	0	0.001902	0.000080	0.001902	0.000080	0.162778	0.006847
254	A	3028	855488	801032	0.003780	43438	40	851049	678	813041	769145	0.000881	33289	1	809697	0	0	0	nan	0	0	0	0.002899	0.000077	0.002899	0.000077	0.248103	0.006590
255	A	11916	855784	795087	0.014987	43440	40	851334	612	813267	763340	0.000802	33289	1	809914	0	0	0	nan	0	0	0	0.014185	0.000141	0.014185	0.000141	1.213985	0.012067
256	C	2945	856120	795066	0.003704	43448	40	851656	648	813532	761961	0.000850	33291	1	810175	0	0	0	nan	0	0	0	0.002854	0.000076	0.002854	0.000076	0.244252	0.006504
257	A	3378	856411	787665	0.004289	43448	41	851942	693	813780	754846	0.000918	33291	1	810416	0	0	0	nan	0	0	0	0.003371	0.000082	0.003371	0.000082	0.288498	0.007018
258	U	4807	856629	788934	0.006093	43448	41	852155	1887	813987	755979	0.002496	33292	1	810621	0	0	0	nan	0	0	0	0.003597	0.000105	0.003597	0.000105	0.307840	0.008986
259	G	5370	857053	793866	0.006764	43454	41	852569	2688	814283	761142	0.003532	33292	1	810917	0	0	0	nan	0	0	0	0.003233	0.000115	0.003233	0.000115	0.276688	0.009842
260	G	7126	857275	797824	0.008932	43456	42	852792	5999	814437	764780	0.007844	33292	1	811070	0	0	0	nan	0	0	0	0.001088	0.000146	0.001088	0.000146	0.093114	0.012495
261	C	2297	857493	797846	0.002879	43456	42	853012	1709	814587	765041	0.002234	33293	1	811220	0	0	0	nan	0	0	0	0.000645	0.000081	0.000645	0.000081	0.055201	0.006932
262	U	6064	857887	795811	0.007620	43457	42	853405	1925	814820	765105	0.002516	33293	1	811453	0	0	0	nan	0	0	0	0.005104	0.000113	0.005104	0.000113	0.436812	0.009671
263	U	4187	858381	795016	0.005267	43456	42	853899	1253	815242	771425	0.001624	33292	1	811875	0	0	0	nan	0	0	0	0.003642	0.000093	0.003642	0.000093	0.311691	0.007959
264	A	14369	858647	800752	0.017944	42580	41	854260	826	815503	764500	0.001080	32758	1	812189	0	0	0	nan	0	0	0	0.016864	0.000154	0.016864	0.000154	1.443260	0.013180
265	U	7455	859220	804104	0.009271	42581	41	854832	1083	815810	755875	0.001433	32758	1	812496	0	0	0	nan	0	0	0	0.007838	0.000116	0.007838	0.000116	0.670794	0.009928
266	A	8576	859970	802181	0.010691	42581	41	855583	794	816502	752676	0.001055	32758	1	813188	0	0	0	nan	0	0	0	0.009636	0.000121	0.009636	0.000121	0.824671	0.010355
267	G	2117	860292	804691	0.002631	42584	41	855905	1398	816848	757269	0.001846	32759	2	813534	0	0	0	nan	0	0	0	0.000785	0.000076	0.000785	0.000076	0.067182	0.006504
268	A	1246	860484	798772	0.001560	42585	41	856097	927	817061	759507	0.001221	32759	2	813747	0	0	0	nan	0	0	0	0.000339	0.000060	0.000339	0.000060	0.029012	0.005135
269	G	5470	860861	795594	0.006875	42585	41	856474	4680	817519	755397	0.006195	32759	2	814205	0	0	0	nan	0	0	0	0.000680	0.000130	0.000680	0.000130	0.058196	0.011126
270	C	1300	861503	804900	0.001615	42584	41	857117	999	818306	756036	0.001321	32761	2	814992	0	0	0	nan	0	0	0	0.000294	0.000061	0.000294	0.000061	0.025161	0.005221
271	A	1135	862201	804651	0.001411	42584	41	857815	769	819196	755655	0.001018	32761	2	815882	0	0	0	nan	0	0	0	0.000393	0.000056	0.000393	0.000056	0.033634	0.004793
272	U	3328	862765	805930	0.004129	42584	41	858380	2777	819868	757356	0.003667	32761	2	816553	0	0	0	nan	0	0	0	0.000463	0.000100	0.000463	0.000100	0.039625	0.008558
273	G	1939	863317	803248	0.002414	42581	41	858932	1576	820549	762305	0.002067	32761	2	817234	0	0	0	nan	0	0	0	0.000347	0.000076	0.000347	0.000076	0.029697	0.006504
274	A	2276	863775	793852	0.002867	42581	41	859390	1877	821111	757392	0.002478	32761	2	817797	0	0	0	nan	0	0	0	0.000389	0.000083	0.000389	0.000083	0.033292	0.007103
275	U	2865	864242	786916	0.003641	42581	41	859857	2376	821563	749165	0.003172	32761	2	818249	0	0	0	nan	0	0	0	0.000469	0.000094	0.000469	0.000094	0.040138	0.008045
276	U	1394	864766	784126	0.001778	42581	41	860381	1062	822188	744934	0.001426	32760	2	818874	0	0	0	nan	0	0	0	0.000352	0.000065	0.000352	0.000065	0.030125	0.005563
277	A	771	865443	790833	0.000975	42581	42	861058	564	822904	750797	0.000751	32760	2	819590	0	0	0	nan	0	0	0	0.000224	0.000047	0.000224	0.000047	0.019170	0.004022
278	A	1098	865790	797408	0.001377	42581	42	861406	716	823301	760636	0.000941	32759	2	819987	0	0	0	nan	0	0	0	0.000436	0.000054	0.000436	0.000054	0.037314	0.004621
279	C	3043	866112	797309	0.003817	42604	42	861728	1120	823674	763297	0.001467	32814	2	820360	0	0	0	nan	0	0	0	0.002349	0.000082	0.002349	0.000082	0.201033	0.007018
280	G	13606	866664	803749	0.016928	42603	44	862280	1539	824240	769099	0.002001	32814	5	820926	0	0	0	nan	0	0	0	0.014927	0.000154	0.014927	0.000154	1.277487	0.013180
281	U	9711	867054	791325	0.012272	42578	46	862738	6950	824634	763590	0.009102	32804	5	821367	0	0	0	nan	0	0	0	0.003170	0.000166	0.003170	0.000166	0.271296	0.014207
282	C	20435	867485	796875	0.025644	42566	46	863171	880	825097	761180	0.001156	32792	7	821831	0	0	0	nan	0	0	0	0.024488	0.000184	0.024488	0.000184	2.095740	0.015747
283	U	6261	868102	797023	0.007855	42544	50	863788	3766	825430	764355	0.004927	32785	18	822164	0	0	0	nan	0	0	0	0.002928	0.000128	0.002928	0.000128	0.250585	0.010955
284	C	21741	868775	809127	0.026870	42544	50	864461	1074	826125	771084	0.001393	32785	19	822859	0	0	0	nan	0	0	0	0.025477	0.000187	0.025477	0.000187	2.180381	0.016004
285	G	2063	869326	806112	0.002559	42539	50	865012	1234	826576	771718	0.001599	32781	19	823310	0	0	0	nan	0	0	0	0.000960	0.000072	0.000960	0.000072	0.082159	0.006162
286	A	5915	869993	806233	0.007337	42537	50	865680	4721	827460	771450	0.006120	32779	19	824194	0	0	0	nan	0	0	0	0.001217	0.000131	0.001217	0.000131	0.104154	0.011211
287	U	4698	870569	804465	0.005840	42502	51	866258	4911	828018	770337	0.006375	32736	19	824757	0	0	0	nan	0	0	0	-0.000535	0.000125	-0.000535	0.000125	-0.045787	0.010698
288	C	1823	871198	812523	0.002244	42504	51	866887	1478	828585	776829	0.001903	32736	19	825324	0	0	0	nan	0	0	0	0.000341	0.000072	0.000341	0.000072	0.029184	0.006162
289	C	1561	872065	819795	0.001904	42502	52	867754	1136	829374	787288	0.001443	32736	19	826113	0	0	0	nan	0	0	0	0.000461	0.000064	0.000461	0.000064	0.039453	0.005477
290	G	5764	873013	828542	0.006957	42502	52	868702	4407	830274	797510	0.005526	32737	19	827013	0	0	0	nan	0	0	0	0.001431	0.000124	0.001431	0.000124	0.122468	0.010612
291	G	3975	874045	831903	0.004778	42501	53	869735	3199	831135	804153	0.003978	32738	20	827874	0	0	0	nan	0	0	0	0.000800	0.000103	0.000800	0.000103	0.068466	0.008815
292	U	3075	874414	823378	0.003735	42500	53	870104	1639	831487	797951	0.002054	32734	20	828226	0	0	0	nan	0	0	0	0.001681	0.000084	0.001681	0.000084	0.143864	0.007189
293	U	3063	874648	812673	0.003769	42476	53	870338	1728	831746	790181	0.002187	32729	20	828485	0	0	0	nan	0	0	0	0.001582	0.000086	0.001582	0.000086	0.135391	0.007360
294	C	25787	874807	793518	0.032497	42455	53	870501	1148	831914	782627	0.001467	32701	20	828657	0	0	0	nan	0	0	0	0.031030	0.000207	0.031030	0.000207	2.655620	0.017716
295	G	30466	872456	813292	0.037460	21572	48	870357	4634	830122	779117	0.005948	16144	20	828529	0	0	0	nan	0	0	0	0.031512	0.000232	0.031512	0.000232	2.696870	0.019855
296	C	2560	872460	817913	0.003130	17289	47	870876	1862	829912	781067	0.002384	12680	20	828670	0	0	0	nan	0	0	0	0.000746	0.000083	0.000746	0.000083	0.063844	0.007103
297	C	1563	872238	822696	0.001900	11378	47	871202	1210	829669	784609	0.001542	8084	20	828903	0	0	0	nan	0	0	0	0.000358	0.000065	0.000358	0.000065	0.030638	0.005563
298	G	3606	872369	827820	0.004356	8022	47	871649	3094	829867	789814	0.003917	5506	20	829349	0	0	0	nan	0	0	0	0.000439	0.000101	0.000439	0.000101	0.037571	0.008644
299	G	2481	872554	822786	0.003015	4944	46	872171	1934	830176	786052	0.002460	3015	20	829897	0	0	0	nan	0	0	0	0.000555	0.000082	0.000555	0.000082	0.047498	0.007018
300	A	985	872831	815086	0.001208	3297	46	872613	845	830480	779152	0.001085	1699	20	830341	0	0	0	nan	0	0	0	0.000124	0.000054	0.000124	0.000054	0.010612	0.004621
301	U	8411	873172	806978	0.010423	2716	46	873018	8212	830821	771323	0.010647	1288	20	830724	0	0	0	nan	0	0	0	-0.000224	0.000163	-0.000224	0.000163	-0.019170	0.013950
302	C	2979	873499	808683	0.003684	2662	46	873351	1436	831136	771981	0.001860	1248	20	831046	0	0	0	nan	0	0	0	0.001824	0.000083	0.001824	0.000083	0.156102	0.007103
303	C	5955	873827	815365	0.007303	2180	46	873737	4547	831489	779943	0.005830	961	20	831441	0	0	0	nan	0	0	0	0.001474	0.000128	0.001474	0.000128	0.126148	0.010955
304	A	12868	873807	806893	0.015948	2057	46	873734	1622	831481	778415	0.002084	876	20	831441	0	0	0	nan	0	0	0	0.013864	0.000150	0.013864	0.000150	1.186513	0.012837
305	A	7115	873779	811040	0.008773	1832	46	873730	430	831461	780356	0.000551	743	20	831436	0	0	0	nan	0	0	0	0.008222	0.000107	0.008222	0.000107	0.703658	0.009157
306	A	5555	873763	789989	0.007032	1707	46	873727	361	831455	757731	0.000476	681	20	831435	0	0	0	nan	0	0	0	0.006555	0.000098	0.006555	0.000098	0.560992	0.008387
307	U	5278	873743	801520	0.006585	1515	46	873722	701	831448	766486	0.000915	579	20	831434	0	0	0	nan	0	0	0	0.005670	0.000097	0.005670	0.000097	0.485252	0.008301
308	C	6708	873732	809995	0.008282	1426	46	873718	1970	831441	773197	0.002548	522	20	831432	0	0	0	nan	0	0	0	0.005734	0.000116	0.005734	0.000116	0.490729	0.009928
309	G	0	873726	837843	0.000000	1409	46	873718	0	831439	799849	0.000000	511	20	831432	0	0	0	nan	0	0	0	0.000000	0.000000	0.000000	0.000000	0.000000	0.000000
310	g	0	873725	0	nan	1404	46	873718	0	831438	0	nan	505	20	831432	0	0	0	nan	0	0	0	nan	nan	nan	nan	nan	nan
311	g	0	873724	0	nan	1400	46	873718	0	831438	0	nan	503	20	831432	0	0	0	nan	0	0	0	nan	nan	nan	nan	nan	nan
312	c	0	873720	0	nan	1381	46	873717	0	831434	0	nan	482	20	831431	0	0	0	nan	0	0	0	nan	nan	nan	nan	nan	nan
313	u	0	873718	0	nan	1380	46	873717	0	831431	0	nan	481	20	831431	0	0	0	nan	0	0	0	nan	nan	nan	nan	nan	nan
314	u	0	873716	0	nan	1375	46	873716	0	831431	0	nan	480	20	831431	0	0	0	nan	0	0	0	nan	nan	nan	nan	nan	nan
315	c	0	873715	0	nan	1375	46	873715	0	831431	0	nan	480	20	831431	0	0	0	nan	0	0	0	nan	nan	nan	nan	nan	nan
316	g	0	873710	0	nan	1375	46	873710	0	831431	0	nan	480	20	831431	0	0	0	nan	0	0	0	nan	nan	nan	nan	nan	nan
317	g	0	873703	0	nan	1375	46	873703	0	831427	0	nan	480	20	831427	0	0	0	nan	0	0	0	nan	nan	nan	nan	nan	nan
318	u	0	873696	0	nan	1375	46	873696	0	831422	0	nan	480	20	831422	0	0	0	nan	0	0	0	nan	nan	nan	nan	nan	nan
319	c	0	873684	0	nan	1375	46	873684	0	831415	0	nan	480	20	831415	0	0	0	nan	0	0	0	nan	nan	nan	nan	nan	nan
320	c	0	873658	0	nan	1375	46	873658	0	831406	0	nan	480	20	831406	0	0	0	nan	0	0	0	nan	nan	nan	nan	nan	nan
321	g	0	873629	0	nan	1375	46	873629	0	831382	0	nan	480	20	831382	0	0	0	nan	0	0	0	nan	nan	nan	nan	nan	nan
322	g	0	873579	0	nan	1375	46	873579	0	831360	0	nan	480	20	831360	0	0	0	nan	0	0	0	nan	nan	nan	nan	nan	nan
323	u	0	873488	0	nan	1375	46	873488	0	831254	0	nan	480	20	831254	0	0	0	nan	0	0	0	nan	nan	nan	nan	nan	nan
324	u	0	873079	0	nan	1374	46	873079	0	830908	0	nan	480	20	830908	0	0	0	nan	0	0	0	nan	nan	nan	nan	nan	nan
325	c	0	871927	0	nan	1372	46	871927	0	829838	0	nan	480	19	829838	0	0	0	nan	0	0	0	nan	nan	nan	nan	nan	nan