2 components; BIC=23074646.5
p 0.532 0.468
Nt	Seq	nReact	Raw		nReact	Raw		Background
1	G	nan	nan		nan	nan		0.0000
2	G	nan	nan		nan	nan		0.0000
3	C	nan	nan		nan	nan		0.0000
4	C	nan	nan		nan	nan		0.0000
5	U	nan	nan		nan	nan		0.0000
6	U	nan	nan		nan	nan		0.0000
7	C	nan	nan		nan	nan		0.0000
8	G	nan	nan		nan	nan		0.0000
9	G	nan	nan		nan	nan		0.0000
10	G	nan	nan		nan	nan		0.0000
11	C	nan	nan		nan	nan		0.0000
12	C	nan	nan		nan	nan		0.0000
13	A	nan	nan		nan	nan		0.0000
14	A	nan	nan		nan	nan		0.0000
15	G	0.0139	0.0036		0.0340	0.0043		0.0032 i
16	U	0.1170	0.0175		0.1308	0.0179		0.0138
17	U	0.1047	0.0050		0.0861	0.0044		0.0017
18	A	0.0425	0.0022		0.0444	0.0022		0.0008 i
19	A	0.0339	0.0018		0.0371	0.0019		0.0007 i
20	U	0.0539	0.0049		0.0658	0.0053		0.0033 i
21	C	0.0491	0.0026		0.0597	0.0029		0.0011 i
22	A	0.0189	0.0019		0.0212	0.0019		0.0013 i
23	U	0.0399	0.0043		0.0502	0.0046		0.0030 i
24	G	0.0358	0.0059		0.0222	0.0055		0.0048 i
25	C	0.0173	0.0025		0.0096	0.0023		0.0020 i
26	U	0.0246	0.0028		0.0119	0.0024		0.0020 i
27	C	0.2485	0.0106		0.0841	0.0054		0.0028
28	G	1.2648	0.0471		1.0228	0.0396		0.0076
29	G	0.4146	0.0231		0.6174	0.0295		0.0102
30	G	0.1501	0.0083		0.2982	0.0130		0.0036
31	U	0.3557	0.0139		0.7946	0.0277		0.0028
32	A	0.2657	0.0090		0.6402	0.0208		0.0007
33	A	0.2570	0.0088		0.6234	0.0203		0.0008
34	U	0.2758	0.0136		0.5375	0.0218		0.0050
35	C	0.4075	0.0139		0.4691	0.0158		0.0012
36	G	0.6715	0.0296		0.3758	0.0203		0.0086
37	C	0.0587	0.0038		0.0408	0.0032		0.0020 i
38	U	0.0596	0.0045		0.0370	0.0038		0.0026 i
39	G	0.0697	0.0082		0.0484	0.0076		0.0061 i
40	C	0.0296	0.0044		0.0239	0.0042		0.0034 i
41	G	0.0303	0.0047		0.0195	0.0044		0.0037 i
42	G	0.0140	0.0099		-0.0061	0.0093		0.0095 i
43	C	0.0205	0.0028		-0.0000	0.0021		0.0021 i
44	C	0.0496	0.0036		0.0599	0.0039		0.0020 i
45	G	0.7756	0.0360		0.9344	0.0410		0.0118
46	G	0.9591	0.0476		1.0380	0.0501		0.0176
47	U	0.5939	0.0217		0.6839	0.0245		0.0031
48	U	0.6027	0.0207		0.6557	0.0223		0.0018
49	U	0.5035	0.0186		0.5411	0.0198		0.0028
50	C	0.1814	0.0077		0.2408	0.0096		0.0021
51	G	0.0290	0.0045		0.0400	0.0049		0.0036 i
52	G	0.0635	0.0141		0.1056	0.0154		0.0121
53	C	0.0327	0.0056		0.0259	0.0054		0.0046 i
54	C	0.0062	0.0030		0.0329	0.0039		0.0028 i
55	G	0.0103	0.0037		0.0199	0.0040		0.0033 i
56	U	0.0111	0.0022		0.0099	0.0022		0.0019 i
57	A	0.1199	0.0051		0.0748	0.0037		0.0014
58	G	0.2235	0.0084		0.1514	0.0062		0.0014
59	A	0.6687	0.0228		0.3810	0.0138		0.0019
60	G	0.5911	0.0223		0.4903	0.0192		0.0038
61	G	0.9815	0.0387		1.1776	0.0448		0.0080
62	A	0.6327	0.0221		0.9283	0.0314		0.0023
63	A	0.2981	0.0103		0.3964	0.0134		0.0010
64	A	0.1849	0.0067		0.1642	0.0060		0.0009
65	G	0.0896	0.0051		0.2996	0.0117		0.0023
66	U	nan	nan		nan	nan		0.0222
67	C	0.0747	0.0037		0.0900	0.0042		0.0014
68	C	0.0935	0.0041		0.0274	0.0021		0.0012 i
69	A	0.4609	0.0162		0.0496	0.0033		0.0018
70	U	0.8142	0.0286		0.0799	0.0056		0.0031
71	G	0.6572	0.0258		0.0845	0.0079		0.0052
72	C	0.0788	0.0077		0.0677	0.0073		0.0052
73	U	0.0470	0.0056		0.0447	0.0055		0.0041 i
74	C	0.0587	0.0037		0.1409	0.0063		0.0019
75	G	0.0674	0.0103		0.7820	0.0326		0.0082
76	C	0.0493	0.0029		0.2995	0.0107		0.0014
77	A	0.1378	0.0055		0.7931	0.0259		0.0011
78	C	0.1562	0.0064		0.7185	0.0240		0.0015
79	G	0.2988	0.0197		0.2201	0.0172		0.0103
80	G	0.1417	0.0096		0.0338	0.0062		0.0052
81	U	1.5824	0.0526		0.3425	0.0138		0.0031
82	G	0.2207	0.0129		0.3573	0.0172		0.0060
83	C	0.0683	0.0041		0.1951	0.0080		0.0019
84	U	0.1004	0.0059		0.2623	0.0109		0.0027
85	G	0.1696	0.0078		0.5519	0.0198		0.0025
86	A	0.3252	0.0127		0.9859	0.0333		0.0025
87	G	0.0570	0.0033		0.1936	0.0076		0.0015
88	A	0.2740	0.0101		0.9450	0.0311		0.0016
89	U	1.0400	0.0346		1.0334	0.0344		0.0021
90	G	0.0873	0.0079		0.1044	0.0085		0.0052
91	C	0.1382	0.0126		-0.0132	0.0078		0.0083 i
92	C	0.0325	0.0028		0.0081	0.0020		0.0018 i
93	C	0.1056	0.0066		0.0699	0.0055		0.0033
94	G	0.1408	0.0092		0.3071	0.0144		0.0048
95	U	0.1858	0.0106		0.2122	0.0115		0.0048
96	A	0.7363	0.0252		0.7067	0.0242		0.0021
97	G	0.1587	0.0084		0.5217	0.0198		0.0034
98	U	0.3173	0.0138		1.6407	0.0552		0.0039
99	G	0.1193	0.0068		0.1164	0.0067		0.0031
100	U	0.0279	0.0053		0.0849	0.0071		0.0044 i
101	U	0.0290	0.0025		0.0217	0.0023		0.0016 i
102	C	0.1741	0.0073		0.0044	0.0020		0.0019
103	G	0.9456	0.0318		0.0608	0.0041		0.0022 i
104	U	1.3695	0.0463		0.1002	0.0066		0.0034
105	G	0.6089	0.0227		0.1731	0.0090		0.0036
106	G	0.1286	0.0109		0.2613	0.0151		0.0069
107	A	0.3423	0.0119		0.4267	0.0146		0.0012
108	A	0.0146	0.0011		0.1233	0.0045		0.0006
109	A	0.0655	0.0030		0.3744	0.0127		0.0010
110	C	0.0497	0.0032		0.0900	0.0045		0.0017
111	A	0.0375	0.0022		0.0387	0.0022		0.0010 i
112	C	0.0567	0.0036		0.0163	0.0023		0.0018 i
113	G	0.1274	0.0067		0.0154	0.0032		0.0028
114	A	0.2869	0.0103		0.0591	0.0032		0.0014
115	G	0.0323	0.0069		0.0786	0.0083		0.0059 i
116	C	0.0575	0.0045		0.1253	0.0067		0.0027
117	G	0.0398	0.0037		0.1590	0.0074		0.0024
118	A	0.1761	0.0073		0.8640	0.0288		0.0018
119	G	nan	nan		nan	nan		0.0402
120	A	0.6651	0.0220		0.5912	0.0197		0.0012
121	A	0.5878	0.0189		0.5685	0.0183		0.0005
122	A	0.5459	0.0196		0.5432	0.0195		0.0025
123	C	0.1207	0.0070		0.0918	0.0061		0.0032
124	C	0.0585	0.0034		0.0751	0.0039		0.0016
125	C	0.3235	0.0143		0.3038	0.0137		0.0042
126	A	0.5035	0.0170		0.5612	0.0188		0.0012
127	A	0.6590	0.0213		0.8535	0.0274		0.0007
128	A	0.4763	0.0157		0.5098	0.0167		0.0008
129	U	1.1684	0.0383		1.3028	0.0425		0.0018
130	G	0.7418	0.0247		0.8524	0.0282		0.0015
131	A	0.9481	0.0308		1.0398	0.0337		0.0012
132	U	0.7908	0.0267		0.9116	0.0304		0.0019
133	G	0.3948	0.0175		0.3931	0.0175		0.0052
134	G	0.2101	0.0098		0.2394	0.0107		0.0033
135	U	0.3467	0.0120		0.4278	0.0145		0.0012
136	A	0.8203	0.0269		0.9529	0.0310		0.0012
137	G	1.0285	0.0399		1.2593	0.0471		0.0077
138	G	0.2709	0.0182		0.2322	0.0170		0.0097
139	G	0.1436	0.0091		0.1452	0.0092		0.0046
140	G	0.2898	0.0204		0.2633	0.0195		0.0113
141	C	0.3304	0.0127		0.2948	0.0116		0.0024
142	A	0.6521	0.0218		0.9266	0.0304		0.0014
143	C	0.0388	0.0037		0.0603	0.0044		0.0025 i
144	C	0.0253	0.0070		0.1597	0.0112		0.0062
145	U	0.0551	0.0069		0.0763	0.0075		0.0051 i
146	U	0.1115	0.0141		0.1058	0.0140		0.0107
147	C	0.0461	0.0064		0.0380	0.0061		0.0049 i
148	C	0.0442	0.0027		0.0264	0.0022		0.0013 i
149	C	0.0327	0.0024		0.0369	0.0026		0.0014 i
150	G	0.0311	0.0023		0.0735	0.0037		0.0014 i
151	A	0.0911	0.0041		0.1889	0.0071		0.0012
152	A	0.1403	0.0061		0.2196	0.0086		0.0017
153	G	0.0775	0.0066		0.1303	0.0082		0.0042
154	G	0.1353	0.0071		0.2364	0.0103		0.0029
155	A	0.3628	0.0130		0.6697	0.0226		0.0016
156	A	0.6097	0.0197		0.9344	0.0299		0.0007
157	A	0.5403	0.0176		0.8412	0.0270		0.0007
158	U	0.7712	0.0271		1.1108	0.0377		0.0030
159	G	0.2808	0.0104		0.4993	0.0172		0.0016
160	A	0.3110	0.0110		0.5820	0.0194		0.0012
161	A	0.2111	0.0074		0.4220	0.0140		0.0008
162	C	0.0664	0.0038		0.1541	0.0065		0.0017
163	G	0.0834	0.0058		0.1586	0.0081		0.0032
164	G	0.0990	0.0059		0.1008	0.0060		0.0028
165	A	0.1539	0.0112		0.2387	0.0139		0.0064
166	G	0.0824	0.0184		0.1249	0.0197		0.0158
167	G	0.1640	0.0213		0.0636	0.0182		0.0162
168	G	0.0251	0.0050		0.0074	0.0044		0.0042 i
169	A	0.0150	0.0022		0.0247	0.0025		0.0017 i
170	A	0.0300	0.0037		0.0326	0.0038		0.0028 i
171	G	0.0255	0.0054		0.0641	0.0066		0.0046 i
172	G	0.0754	0.0043		0.1532	0.0068		0.0020
173	A	0.0871	0.0042		0.2170	0.0083		0.0015
174	C	0.0119	0.0014		0.0422	0.0024		0.0011 i
175	A	0.0694	0.0044		0.1174	0.0059		0.0023
176	G	0.1052	0.0080		0.1847	0.0104		0.0047
177	G	0.0759	0.0116		0.1171	0.0129		0.0092
178	C	0.0751	0.0050		0.0582	0.0045		0.0026
179	G	0.1746	0.0109		0.1452	0.0100		0.0055
180	G	0.0796	0.0154		0.0457	0.0144		0.0129 i
181	C	0.1186	0.0091		0.1864	0.0112		0.0054
182	G	0.3575	0.0189		0.4325	0.0213		0.0077
183	C	0.2140	0.0080		0.2796	0.0100		0.0013
184	A	0.7181	0.0235		0.7935	0.0259		0.0011
185	U	1.3481	0.0456		1.6084	0.0537		0.0034
186	G	0.0800	0.0099		0.1241	0.0112		0.0074
187	C	0.0395	0.0046		0.0427	0.0047		0.0033 i
188	A	0.1608	0.0061		0.2669	0.0094		0.0011
189	G	0.0488	0.0070		0.0879	0.0082		0.0054 i
190	C	0.0406	0.0049		0.0390	0.0048		0.0036 i
191	C	-0.0067	0.0033		0.0022	0.0036		0.0035 i
192	U	0.0481	0.0068		0.0555	0.0070		0.0053 i
193	G	0.0856	0.0052		0.1686	0.0078		0.0025
194	U	0.0451	0.0051		0.0469	0.0052		0.0037 i
195	A	0.5152	0.0178		0.7185	0.0242		0.0017
196	G	0.3222	0.0119		0.4377	0.0155		0.0018
197	A	0.6375	0.0213		0.8752	0.0287		0.0013
198	U	0.5941	0.0203		0.7203	0.0242		0.0017
199	A	0.6050	0.0201		0.5554	0.0185		0.0012
200	G	0.8897	0.0295		0.7387	0.0248		0.0017
201	A	0.8403	0.0274		0.8647	0.0282		0.0012
202	U	1.6846	0.0550		1.4569	0.0479		0.0023
203	G	0.1181	0.0056		0.2441	0.0096		0.0020
204	A	0.2965	0.0114		0.6821	0.0234		0.0021
205	U	0.2232	0.0098		0.5578	0.0203		0.0028
206	U	0.3388	0.0130		0.9290	0.0314		0.0024
207	A	0.2166	0.0078		0.3231	0.0111		0.0010
208	C	0.1516	0.0066		0.2161	0.0086		0.0018
209	C	0.9868	0.0322		0.4933	0.0167		0.0013
210	G	0.3909	0.0231		0.4972	0.0264		0.0109
211	C	0.0648	0.0045		0.0859	0.0052		0.0025
212	C	0.0832	0.0040		0.1331	0.0056		0.0014
213	G	0.1669	0.0118		0.2056	0.0130		0.0066
214	G	0.1193	0.0072		0.1548	0.0083		0.0035
215	A	0.1305	0.0062		0.1852	0.0079		0.0022
216	G	0.0672	0.0045		0.0631	0.0044		0.0024 i
217	U	0.0781	0.0056		0.0873	0.0059		0.0032
218	A	0.1000	0.0041		0.0801	0.0035		0.0010
219	C	0.1240	0.0052		0.0852	0.0039		0.0013
220	G	0.2123	0.0082		0.3167	0.0115		0.0016
221	A	0.2163	0.0090		0.2270	0.0094		0.0023
222	G	0.0890	0.0060		0.0779	0.0057		0.0032
223	G	0.0858	0.0165		0.0054	0.0140		0.0139 i
224	C	0.0522	0.0041		0.0309	0.0034		0.0025 i
225	G	0.0373	0.0125		0.0589	0.0131		0.0113 i
226	C	0.4150	0.0190		0.4419	0.0198		0.0060
227	A	1.3313	0.0433		1.6081	0.0519		0.0016
228	A	1.3029	0.0419		1.6528	0.0529		0.0012
229	A	0.4797	0.0158		0.5112	0.0167		0.0008
230	G	0.1195	0.0082		0.1463	0.0090		0.0045
231	C	0.6603	0.0235		0.6773	0.0240		0.0028
232	C	0.0738	0.0039		0.0551	0.0033		0.0016
233	G	0.1069	0.0113		0.0347	0.0090		0.0079
234	C	0.2592	0.0143		0.4432	0.0201		0.0062
235	U	0.0831	0.0062		0.0919	0.0065		0.0036
236	U	0.2698	0.0112		0.3532	0.0138		0.0027
237	G	1.5034	0.0562		1.9184	0.0692		0.0092
238	C	0.1560	0.0074		0.1629	0.0076		0.0025
239	A	0.8398	0.0281		0.8739	0.0292		0.0019
240	G	0.0461	0.0039		0.0511	0.0041		0.0025 i
241	U	0.0406	0.0037		0.0368	0.0036		0.0024 i
242	A	0.0227	0.0014		0.0255	0.0015		0.0007 i
243	C	0.0587	0.0031		0.0625	0.0032		0.0012 i
244	G	0.0887	0.0038		0.0851	0.0036		0.0010
245	A	0.3383	0.0117		0.3026	0.0106		0.0011
246	A	0.2565	0.0096		0.2511	0.0094		0.0016
247	G	0.3150	0.0186		0.3454	0.0195		0.0087
248	G	0.0614	0.0088		0.0675	0.0090		0.0068 i
249	U	0.0684	0.0056		0.1627	0.0086		0.0035
250	A	0.6092	0.0202		0.7976	0.0261		0.0012
251	C	0.3147	0.0110		0.4269	0.0145		0.0012
252	A	0.4494	0.0155		0.7559	0.0250		0.0014
253	G	0.1321	0.0057		0.0624	0.0035		0.0016
254	A	0.1958	0.0070		0.1059	0.0042		0.0009
255	A	0.3108	0.0105		0.2093	0.0074		0.0008
256	C	0.3652	0.0123		0.0882	0.0036		0.0008
257	A	0.4530	0.0151		0.1147	0.0045		0.0009
258	U	0.4843	0.0176		0.1661	0.0077		0.0025
259	G	0.3848	0.0156		0.1254	0.0075		0.0036
260	G	0.1346	0.0121		0.1059	0.0112		0.0079
261	C	0.0573	0.0040		0.0744	0.0045		0.0022 i
262	U	0.4734	0.0173		0.6493	0.0228		0.0025
263	U	0.3408	0.0123		0.4580	0.0160		0.0016
264	A	1.3516	0.0434		2.0488	0.0652		0.0011
265	U	0.7292	0.0242		0.9131	0.0300		0.0014
266	A	0.8140	0.0265		0.7856	0.0256		0.0011
267	G	0.0472	0.0033		0.0387	0.0031		0.0019 i
268	A	0.0204	0.0019		0.0272	0.0021		0.0012 i
269	G	0.0843	0.0088		0.0552	0.0079		0.0062
270	C	0.0219	0.0020		0.0181	0.0019		0.0013 i
271	A	0.0170	0.0015		0.0310	0.0020		0.0010 i
272	U	0.0270	0.0045		0.0832	0.0063		0.0037 i
273	G	0.0198	0.0027		0.0228	0.0028		0.0021 i
274	A	0.0205	0.0031		0.0260	0.0033		0.0025 i
275	U	0.0237	0.0039		0.0478	0.0047		0.0032 i
276	U	0.0233	0.0021		0.0165	0.0019		0.0014 i
277	A	0.0139	0.0012		0.0148	0.0012		0.0008 i
278	A	0.0292	0.0019		0.0211	0.0016		0.0010 i
279	C	0.1329	0.0056		0.1168	0.0051		0.0015
280	G	0.5904	0.0205		0.6098	0.0211		0.0020
281	U	0.1278	0.0133		0.2065	0.0158		0.0093
282	C	0.8558	0.0279		0.9661	0.0313		0.0011
283	U	0.1236	0.0088		0.1869	0.0108		0.0049
284	C	0.9348	0.0306		1.0976	0.0357		0.0014
285	G	0.0507	0.0032		0.0569	0.0034		0.0016 i
286	A	0.0419	0.0049		0.0524	0.0052		0.0036 i
287	U	0.0124	0.0069		0.0388	0.0077		0.0065 i
288	C	0.0160	0.0024		0.0118	0.0023		0.0019 i
289	C	0.0238	0.0022		0.0311	0.0024		0.0014 i
290	G	0.0634	0.0076		0.1028	0.0088		0.0056
291	G	0.0394	0.0053		0.0454	0.0054		0.0040 i
292	U	0.0679	0.0042		0.0801	0.0046		0.0021
293	U	0.0670	0.0043		0.0792	0.0047		0.0022
294	C	1.0586	0.0345		1.3866	0.0448		0.0014
295	G	0.9206	0.0342		1.1886	0.0426		0.0054
296	C	0.0311	0.0031		0.0489	0.0037		0.0022 i
297	C	0.0206	0.0021		0.0184	0.0020		0.0015 i
298	G	0.0213	0.0046		0.0468	0.0054		0.0039 i
299	G	0.0352	0.0036		0.0381	0.0037		0.0025 i
300	A	0.0066	0.0012		0.0076	0.0013		0.0010 i
301	U	0.0432	0.0121		0.0732	0.0130		0.0108 i
302	C	0.0782	0.0043		0.0767	0.0042		0.0018
303	C	0.0922	0.0086		0.0703	0.0079		0.0057
304	A	0.5892	0.0205		0.7502	0.0255		0.0021
305	A	0.3522	0.0116		0.4499	0.0146		0.0005
306	A	0.3016	0.0099		0.3648	0.0119		0.0005
307	U	0.2666	0.0092		0.3180	0.0108		0.0009
308	C	0.2960	0.0118		0.3768	0.0143		0.0026
309	G	nan	nan		nan	nan		0.0000
310	G	nan	nan		nan	nan		0.0000
311	G	nan	nan		nan	nan		0.0000
312	C	nan	nan		nan	nan		0.0000
313	U	nan	nan		nan	nan		0.0000
314	U	nan	nan		nan	nan		0.0000
315	C	nan	nan		nan	nan		0.0000
316	G	nan	nan		nan	nan		0.0000
317	G	nan	nan		nan	nan		0.0000
318	U	nan	nan		nan	nan		0.0000
319	C	nan	nan		nan	nan		0.0000
320	C	nan	nan		nan	nan		0.0000
321	G	nan	nan		nan	nan		0.0000
322	G	nan	nan		nan	nan		0.0000
323	U	nan	nan		nan	nan		0.0000
324	U	nan	nan		nan	nan		0.0000
325	C	nan	nan		nan	nan		0.0000
