325	Window=3	Metric=PAIRMAPPER	
i	j	Sig.	Class	Zij	Zi	Zj	Mod_Depth	Mod_Comuts	Unt_Depth	Unt_Comuts
37	56	57.77	1	7.31	8.87	5.75	701620	324	767437	39
148	162	78.08	1	5.38	7.00	3.76	714906	218	768745	28
287	298	126.92	1	7.65	8.86	6.43	743891	231	781794	92
288	297	119.81	1	5.75	7.50	4.01	752384	248	788643	85
77	93	244.80	2	7.06	5.53	8.58	723477	1649	781709	214
99	108	75.25	2	6.90	7.24	6.56	729183	298	786381	18
177	192	33.37	2	2.13	3.82	0.45	702465	626	762972	177
289	307	39.95	2	2.77	2.80	2.74	756555	644	797830	41
29	204	46.64	0	0.95	1.17	0.73	640579	3591	722111	95
30	98	78.89	0	1.99	1.75	2.24	690104	2151	769777	78
31	205	25.69	0	0.51	0.58	0.45	643012	2202	733187	22
32	204	88.90	0	1.64	1.87	1.40	644848	3425	731240	42
33	87	45.06	0	1.18	1.24	1.13	690739	3098	766070	28
33	203	69.84	0	1.85	1.93	1.77	644499	2994	734190	43
34	84	35.48	0	1.45	2.62	0.27	691319	3051	770766	110
67	104	92.51	0	2.39	4.21	0.56	717014	3186	778671	67
67	258	110.50	0	3.61	5.04	2.18	660646	1358	729309	46
68	80	91.67	0	1.46	0.59	2.34	721232	8171	779272	100
68	103	1231.67	0	7.02	8.55	5.49	719854	13545	778205	60
68	257	529.97	0	5.58	3.65	7.51	664031	5037	725943	36
69	102	1219.41	0	6.98	7.55	6.41	719316	12956	780056	74
69	256	451.92	0	4.85	2.76	6.93	667585	5372	727229	34
70	80	61.77	0	1.00	0.44	1.56	721877	8546	779581	228
70	103	1144.56	0	7.10	9.12	5.09	720140	14004	778164	143
73	116	41.21	0	0.87	1.04	0.69	715714	990	776583	111
75	98	99.88	0	2.21	1.57	2.86	716088	1671	776836	129
76	97	196.69	0	3.23	2.60	3.85	716149	1656	778244	61
77	98	114.98	0	2.93	2.56	3.31	720673	1865	781364	159
79	207	41.01	0	1.96	0.95	2.97	679316	5032	743751	55
80	102	305.68	0	4.71	7.89	1.54	712386	13971	777279	135
81	103	289.93	0	5.02	8.81	1.22	713897	16610	776222	122
83	95	31.61	0	0.82	0.27	1.38	716194	1802	775273	85
88	98	78.83	0	2.23	2.21	2.24	727052	2991	783001	111
96	204	43.90	0	0.76	0.84	0.69	679646	4181	746932	64
97	206	31.55	0	0.79	0.54	1.03	683416	2168	748793	48
98	157	79.15	0	1.67	2.25	1.08	698829	3544	761547	49
103	256	61.70	0	0.56	0.18	0.94	673792	8423	734978	41
133	207	28.23	0	2.30	2.55	2.04	673980	2868	745433	34
134	206	26.25	0	2.06	3.26	0.86	667655	2289	744622	32
156	204	207.87	0	2.72	2.15	3.30	681183	5456	746421	53
158	205	113.12	0	1.79	1.56	2.02	683464	3772	747121	53
173	192	54.72	0	1.78	2.82	0.73	702138	278	762555	55
192	201	956.05	0	12.73	12.74	12.73	688013	3430	756248	75
