Nucleotide	Sequence	Modified_mutations	Modified_read_depth	Modified_effective_depth	Modified_rate	Modified_off_target_mapped_depth	Modified_low_mapq_mapped_depth	Modified_primer_pair_1_mapped_depth	Untreated_mutations	Untreated_read_depth	Untreated_effective_depth	Untreated_rate	Untreated_off_target_mapped_depth	Untreated_low_mapq_mapped_depth	Untreated_primer_pair_1_mapped_depth	Denatured_mutations	Denatured_read_depth	Denatured_effective_depth	Denatured_rate	Denatured_off_target_mapped_depth	Denatured_low_mapq_mapped_depth	Denatured_primer_pair_1_mapped_depth	Reactivity_profile	Std_err	HQ_profile	HQ_stderr	Norm_profile	Norm_stderr
1	g	0	878097	0	nan	31673	15	878097	0	809591	0	nan	59793	23	809591	0	0	0	nan	0	0	0	nan	nan	nan	nan	nan	nan
2	g	0	879043	0	nan	31701	15	879043	0	810578	0	nan	59849	23	810578	0	0	0	nan	0	0	0	nan	nan	nan	nan	nan	nan
3	c	0	879547	0	nan	31718	15	879547	0	811073	0	nan	59888	23	811073	0	0	0	nan	0	0	0	nan	nan	nan	nan	nan	nan
4	c	0	879773	0	nan	31725	15	879773	0	811298	0	nan	59901	23	811298	0	0	0	nan	0	0	0	nan	nan	nan	nan	nan	nan
5	u	0	879796	0	nan	31726	15	879796	0	811335	0	nan	59901	23	811335	0	0	0	nan	0	0	0	nan	nan	nan	nan	nan	nan
6	u	0	879863	0	nan	31726	15	879863	0	811387	0	nan	59901	23	811387	0	0	0	nan	0	0	0	nan	nan	nan	nan	nan	nan
7	c	0	879925	0	nan	31727	15	879925	0	811434	0	nan	59901	23	811434	0	0	0	nan	0	0	0	nan	nan	nan	nan	nan	nan
8	g	0	879955	0	nan	31727	15	879955	0	811489	0	nan	59901	23	811489	0	0	0	nan	0	0	0	nan	nan	nan	nan	nan	nan
9	g	0	879983	0	nan	31727	15	879983	0	811544	0	nan	59901	23	811544	0	0	0	nan	0	0	0	nan	nan	nan	nan	nan	nan
10	g	0	880007	0	nan	31727	15	880007	0	811572	0	nan	59901	23	811572	0	0	0	nan	0	0	0	nan	nan	nan	nan	nan	nan
11	c	0	880027	0	nan	31727	15	880027	0	811606	0	nan	59902	23	811606	0	0	0	nan	0	0	0	nan	nan	nan	nan	nan	nan
12	c	0	880042	0	nan	31728	15	880032	0	811627	0	nan	59902	23	811609	0	0	0	nan	0	0	0	nan	nan	nan	nan	nan	nan
13	a	0	880057	0	nan	31728	15	880039	0	811659	0	nan	59902	23	811613	0	0	0	nan	0	0	0	nan	nan	nan	nan	nan	nan
14	a	0	880065	0	nan	31728	15	880040	0	811675	0	nan	59902	23	811614	0	0	0	nan	0	0	0	nan	nan	nan	nan	nan	nan
15	G	3163	880069	822032	0.003848	31729	15	880041	2415	811683	756889	0.003191	59902	23	811614	0	0	0	nan	0	0	0	0.000657	0.000094	0.000657	0.000094	0.037433	0.005356
16	U	15352	880085	818898	0.018747	31729	15	880052	10322	811696	753829	0.013693	59902	23	811620	0	0	0	nan	0	0	0	0.005054	0.000203	0.005054	0.000203	0.287956	0.011566
17	U	2861	880099	816187	0.003505	31729	15	880063	1301	811710	752441	0.001729	59902	23	811625	0	0	0	nan	0	0	0	0.001776	0.000081	0.001776	0.000081	0.101189	0.004615
18	A	1040	880102	815979	0.001275	31729	15	880065	640	811719	752646	0.000850	59902	23	811631	0	0	0	nan	0	0	0	0.000424	0.000052	0.000424	0.000052	0.024158	0.002963
19	A	1006	880109	828689	0.001214	31729	15	880070	566	811724	763943	0.000741	59902	23	811636	0	0	0	nan	0	0	0	0.000473	0.000049	0.000473	0.000049	0.026950	0.002792
20	U	4214	880112	842796	0.005000	31730	15	880071	2446	811726	775834	0.003153	59902	23	811636	0	0	0	nan	0	0	0	0.001847	0.000100	0.001847	0.000100	0.105234	0.005698
21	C	1199	880127	841929	0.001424	31730	15	880084	816	811745	775513	0.001052	59903	23	811651	0	0	0	nan	0	0	0	0.000372	0.000055	0.000372	0.000055	0.021195	0.003134
22	A	1500	880141	843631	0.001778	31730	15	880097	1046	811750	776970	0.001346	59903	23	811655	0	0	0	nan	0	0	0	0.000432	0.000062	0.000432	0.000062	0.024614	0.003532
23	U	3938	880145	836237	0.004709	31730	15	880099	2306	811756	770172	0.002994	59903	23	811656	0	0	0	nan	0	0	0	0.001715	0.000098	0.001715	0.000098	0.097714	0.005584
24	G	4812	879829	830659	0.005793	31731	15	879781	3680	811454	763259	0.004821	59903	23	811348	0	0	0	nan	0	0	0	0.000972	0.000115	0.000972	0.000115	0.055380	0.006552
25	C	2012	879481	820696	0.002452	31731	15	879432	1535	811080	757002	0.002028	59903	23	810969	0	0	0	nan	0	0	0	0.000424	0.000075	0.000424	0.000075	0.024158	0.004273
26	U	2441	878817	817006	0.002988	31735	15	878766	1512	810445	753719	0.002006	59903	23	810328	0	0	0	nan	0	0	0	0.000982	0.000079	0.000982	0.000079	0.055950	0.004501
27	C	3349	879918	819537	0.004086	31736	15	879858	2096	810122	756400	0.002771	59903	23	809994	0	0	0	nan	0	0	0	0.001315	0.000093	0.001315	0.000093	0.074923	0.005299
28	G	11127	879498	820424	0.013562	31736	15	879432	5715	809590	754184	0.007578	59903	22	809447	0	0	0	nan	0	0	0	0.005985	0.000163	0.005985	0.000163	0.341000	0.009287
29	G	11884	880839	822743	0.014444	31737	15	880756	7543	809383	753477	0.010011	59904	22	809224	0	0	0	nan	0	0	0	0.004433	0.000176	0.004433	0.000176	0.252574	0.010028
30	G	3537	883279	827499	0.004274	31474	15	883182	2681	809708	759550	0.003530	59551	20	809537	0	0	0	nan	0	0	0	0.000745	0.000099	0.000745	0.000099	0.042447	0.005641
31	U	3536	887967	836899	0.004225	31474	15	887847	2158	823470	776959	0.002777	59548	20	823253	0	0	0	nan	0	0	0	0.001448	0.000093	0.001448	0.000093	0.082501	0.005299
32	A	825	890434	844998	0.000976	31190	15	890307	588	824646	786834	0.000747	59092	20	824412	0	0	0	nan	0	0	0	0.000229	0.000046	0.000229	0.000046	0.013047	0.002621
33	A	1212	890271	844993	0.001434	31190	15	890140	661	824325	785539	0.000841	59092	20	824087	0	0	0	nan	0	0	0	0.000593	0.000053	0.000593	0.000053	0.033787	0.003020
34	U	6526	889688	842111	0.007750	31190	15	889555	3814	823797	783611	0.004867	59092	20	823554	0	0	0	nan	0	0	0	0.002882	0.000124	0.002882	0.000124	0.164204	0.007065
35	C	1494	889411	839593	0.001779	31191	15	889275	935	823340	781092	0.001197	59091	20	823092	0	0	0	nan	0	0	0	0.000582	0.000060	0.000582	0.000060	0.033160	0.003419
36	G	9655	888693	841465	0.011474	31191	15	888555	6554	822524	781147	0.008390	59093	20	822265	0	0	0	nan	0	0	0	0.003084	0.000156	0.003084	0.000156	0.175713	0.008888
37	C	1996	888181	838619	0.002380	31188	15	888035	1516	821506	776262	0.001953	59090	20	821244	0	0	0	nan	0	0	0	0.000427	0.000073	0.000427	0.000073	0.024329	0.004159
38	U	2694	887850	839285	0.003210	31189	15	887703	2053	821228	776676	0.002643	59091	20	820957	0	0	0	nan	0	0	0	0.000567	0.000085	0.000567	0.000085	0.032305	0.004843
39	G	6080	887827	837161	0.007263	31190	15	887667	4739	821141	775275	0.006113	59092	20	820858	0	0	0	nan	0	0	0	0.001150	0.000129	0.001150	0.000129	0.065522	0.007350
40	C	2903	887758	838509	0.003462	31191	15	887587	2641	821033	777838	0.003395	59089	20	820735	0	0	0	nan	0	0	0	0.000067	0.000092	0.000067	0.000092	0.003817	0.005242
41	G	3127	887849	836538	0.003738	31193	15	887668	2903	821104	776493	0.003739	59087	20	820793	0	0	0	nan	0	0	0	-0.000001	0.000096	-0.000001	0.000096	-0.000057	0.005470
42	G	6186	888010	835877	0.007401	31193	15	887819	8257	821312	777500	0.010620	59089	20	820988	0	0	0	nan	0	0	0	-0.003219	0.000150	-0.003219	0.000150	-0.183405	0.008546
43	C	1244	888085	838244	0.001484	31195	14	887892	1669	821295	780782	0.002138	59087	20	820962	0	0	0	nan	0	0	0	-0.000654	0.000067	-0.000654	0.000067	-0.037262	0.003817
44	C	4043	888086	828601	0.004879	31197	14	887891	1565	821398	783208	0.001998	59089	20	821059	0	0	0	nan	0	0	0	0.002881	0.000092	0.002881	0.000092	0.164147	0.005242
45	G	28186	887830	797122	0.035360	31198	14	887634	9253	821529	786006	0.011772	59088	20	821183	0	0	0	nan	0	0	0	0.023588	0.000244	0.023588	0.000244	1.343945	0.013902
46	G	45802	887655	792385	0.057803	31200	14	887459	13877	821538	786227	0.017650	59090	20	821191	0	0	0	nan	0	0	0	0.040153	0.000309	0.040153	0.000309	2.287749	0.017606
47	U	29111	887347	763333	0.038137	31198	14	887148	2524	821376	784120	0.003219	59084	20	821027	0	0	0	nan	0	0	0	0.034918	0.000233	0.034918	0.000233	1.989481	0.013275
48	U	63276	886754	782750	0.080838	31188	14	886551	1414	821247	784129	0.001803	59063	20	820893	0	0	0	nan	0	0	0	0.079035	0.000325	0.079035	0.000325	4.503083	0.018517
49	U	107269	886083	817402	0.131232	20943	5	885884	2486	820186	784259	0.003170	37154	5	819831	0	0	0	nan	0	0	0	0.128062	0.000406	0.128062	0.000406	7.296435	0.023132
50	C	9018	885811	830683	0.010856	20938	5	885608	1650	819960	783725	0.002105	37152	5	819600	0	0	0	nan	0	0	0	0.008751	0.000126	0.008751	0.000126	0.498595	0.007179
51	G	2818	885474	838449	0.003361	20899	5	885261	2892	819417	786627	0.003676	36999	5	819054	0	0	0	nan	0	0	0	-0.000315	0.000093	-0.000315	0.000093	-0.017947	0.005299
52	G	11091	885099	840032	0.013203	20340	5	884882	9437	818956	785363	0.012016	35882	2	818587	0	0	0	nan	0	0	0	0.001187	0.000176	0.001187	0.000176	0.067630	0.010028
53	C	3845	884511	842584	0.004563	19875	4	884291	3545	818537	786648	0.004506	34893	1	818170	0	0	0	nan	0	0	0	0.000057	0.000106	0.000057	0.000106	0.003248	0.006039
54	C	2319	883466	843648	0.002749	19605	3	883244	2186	817705	786955	0.002778	34233	1	817335	0	0	0	nan	0	0	0	-0.000029	0.000082	-0.000029	0.000082	-0.001652	0.004672
55	G	3148	881825	833888	0.003775	19427	3	881603	2574	816584	778432	0.003307	33905	1	816208	0	0	0	nan	0	0	0	0.000468	0.000094	0.000468	0.000094	0.026665	0.005356
56	U	1787	880829	829222	0.002155	19317	3	880605	1424	815856	774797	0.001838	33623	1	815477	0	0	0	nan	0	0	0	0.000317	0.000071	0.000317	0.000071	0.018061	0.004045
57	A	1364	880204	822876	0.001658	19301	3	879973	1086	815335	769975	0.001410	33577	1	814948	0	0	0	nan	0	0	0	0.000247	0.000062	0.000247	0.000062	0.014073	0.003532
58	G	2056	879759	819735	0.002508	19271	3	879521	1119	814883	765617	0.001462	33507	1	814491	0	0	0	nan	0	0	0	0.001047	0.000070	0.001047	0.000070	0.059654	0.003988
59	A	2727	879653	822647	0.003315	19244	3	879414	1533	814743	767870	0.001996	33436	1	814348	0	0	0	nan	0	0	0	0.001318	0.000081	0.001318	0.000081	0.075094	0.004615
60	G	6104	879672	819237	0.007451	19235	3	879431	2906	814790	769792	0.003775	33416	1	814391	0	0	0	nan	0	0	0	0.003676	0.000118	0.003676	0.000118	0.209443	0.006723
61	G	43069	879721	831569	0.051792	19236	3	879478	6223	814899	777923	0.008000	33416	1	814494	0	0	0	nan	0	0	0	0.043793	0.000269	0.043793	0.000269	2.495141	0.015326
62	A	3171	879934	831954	0.003812	19237	3	879688	1833	815117	778360	0.002355	33420	1	814707	0	0	0	nan	0	0	0	0.001457	0.000087	0.001457	0.000087	0.083014	0.004957
63	A	1259	880010	834659	0.001508	19237	3	879762	739	815267	780399	0.000947	33420	1	814855	0	0	0	nan	0	0	0	0.000561	0.000055	0.000561	0.000055	0.031963	0.003134
64	A	935	879771	837679	0.001116	19237	3	879521	683	815011	784533	0.000871	33421	1	814598	0	0	0	nan	0	0	0	0.000246	0.000049	0.000246	0.000049	0.014016	0.002792
65	G	2309	879282	825033	0.002799	19236	3	879029	1791	814844	782215	0.002290	33421	1	814430	0	0	0	nan	0	0	0	0.000509	0.000079	0.000509	0.000079	0.029001	0.004501
66	U	37696	879034	839745	0.044890	19236	3	878780	17242	814681	785388	0.021953	33421	1	814266	0	0	0	nan	0	0	0	0.022936	0.000285	0.022936	0.000285	1.306797	0.016238
67	C	1860	878890	842122	0.002209	19239	3	878636	1106	814622	785744	0.001408	33420	1	814205	0	0	0	nan	0	0	0	0.000801	0.000066	0.000801	0.000066	0.045638	0.003760
68	C	1112	878565	844463	0.001317	19248	3	878304	974	814406	787481	0.001237	33427	1	813983	0	0	0	nan	0	0	0	0.000080	0.000056	0.000080	0.000056	0.004558	0.003191
69	A	2518	877957	842401	0.002989	19247	3	877691	1432	814009	785542	0.001823	33426	1	813584	0	0	0	nan	0	0	0	0.001166	0.000077	0.001166	0.000077	0.066434	0.004387
70	U	6184	877563	842865	0.007337	19246	3	877295	2442	813804	786049	0.003107	33426	1	813369	0	0	0	nan	0	0	0	0.004230	0.000113	0.004230	0.000113	0.241008	0.006438
71	G	6668	877171	843141	0.007909	19246	3	876898	4069	813569	785144	0.005182	33426	1	813126	0	0	0	nan	0	0	0	0.002726	0.000126	0.002726	0.000126	0.155316	0.007179
72	C	3783	876679	836406	0.004523	19247	3	876401	4100	813268	782187	0.005242	33425	1	812823	0	0	0	nan	0	0	0	-0.000719	0.000110	-0.000719	0.000110	-0.040966	0.006267
73	U	4672	875868	836240	0.005587	19247	3	875588	3178	812982	782009	0.004064	33425	1	812533	0	0	0	nan	0	0	0	0.001523	0.000109	0.001523	0.000109	0.086774	0.006210
74	C	1713	875791	834446	0.002053	19110	3	875510	1449	812954	781330	0.001855	33297	1	812500	0	0	0	nan	0	0	0	0.000198	0.000070	0.000198	0.000070	0.011281	0.003988
75	G	7792	875571	834775	0.009334	19110	3	875287	6355	812837	780739	0.008140	33297	1	812378	0	0	0	nan	0	0	0	0.001195	0.000147	0.001195	0.000147	0.068086	0.008375
76	C	1045	875343	828673	0.001261	19053	3	875054	1065	812688	777719	0.001369	33227	1	812227	0	0	0	nan	0	0	0	-0.000108	0.000057	-0.000108	0.000057	-0.006153	0.003248
77	A	1367	875340	829116	0.001649	18990	3	875044	1055	812850	778299	0.001356	33139	1	812372	0	0	0	nan	0	0	0	0.000293	0.000061	0.000293	0.000061	0.016694	0.003476
78	C	1711	875408	831421	0.002058	18990	3	875107	1191	812949	782105	0.001523	33139	1	812455	0	0	0	nan	0	0	0	0.000535	0.000067	0.000535	0.000067	0.030482	0.003817
79	G	10718	875489	829619	0.012919	18990	3	875180	8065	813214	783796	0.010290	33139	1	812699	0	0	0	nan	0	0	0	0.002630	0.000169	0.002630	0.000169	0.149846	0.009629
80	G	6283	875018	781089	0.008044	18988	3	874706	3979	812978	779487	0.005105	33139	1	812454	0	0	0	nan	0	0	0	0.002939	0.000130	0.002939	0.000130	0.167452	0.007407
81	U	142535	874500	822726	0.173247	18986	3	874184	2424	812770	776393	0.003122	33138	1	812239	0	0	0	nan	0	0	0	0.170125	0.000463	0.170125	0.000463	9.693008	0.026380
82	G	6536	874528	825063	0.007922	18981	2	874205	4661	812632	777326	0.005996	33131	1	812095	0	0	0	nan	0	0	0	0.001926	0.000132	0.001926	0.000132	0.109735	0.007521
83	C	1578	874312	828488	0.001905	18983	2	873987	1483	812456	776155	0.001911	33130	1	811914	0	0	0	nan	0	0	0	-0.000006	0.000069	-0.000006	0.000069	-0.000342	0.003931
84	U	2412	873797	830330	0.002905	18980	2	873467	2110	811975	777765	0.002713	33129	1	811428	0	0	0	nan	0	0	0	0.000192	0.000084	0.000192	0.000084	0.010939	0.004786
85	G	2300	873660	826621	0.002782	18916	2	873330	1929	811823	774080	0.002492	33088	1	811272	0	0	0	nan	0	0	0	0.000290	0.000081	0.000290	0.000081	0.016523	0.004615
86	A	3118	873280	829920	0.003757	18915	2	872948	1942	811444	777121	0.002499	33080	1	810890	0	0	0	nan	0	0	0	0.001258	0.000088	0.001258	0.000088	0.071676	0.005014
87	G	1829	873298	824433	0.002218	18913	2	872957	1189	811508	772895	0.001538	33079	1	810941	0	0	0	nan	0	0	0	0.000680	0.000068	0.000680	0.000068	0.038744	0.003874
88	A	1704	873447	825981	0.002063	18957	2	873094	1273	811616	777758	0.001637	33081	1	811041	0	0	0	nan	0	0	0	0.000426	0.000068	0.000426	0.000068	0.024272	0.003874
89	U	42971	873522	832131	0.051640	18957	2	873162	1624	811763	778123	0.002087	33081	1	811179	0	0	0	nan	0	0	0	0.049553	0.000254	0.049553	0.000254	2.823322	0.014472
90	G	6178	873833	833893	0.007409	18958	2	873468	4007	811939	781483	0.005127	33081	1	811344	0	0	0	nan	0	0	0	0.002281	0.000124	0.002281	0.000124	0.129962	0.007065
91	C	6338	874078	831773	0.007620	18958	2	873708	6440	812120	779905	0.008257	33081	1	811511	0	0	0	nan	0	0	0	-0.000638	0.000141	-0.000638	0.000141	-0.036351	0.008034
92	C	1823	874063	835483	0.002182	18958	2	873685	1372	812170	783062	0.001752	33081	1	811556	0	0	0	nan	0	0	0	0.000430	0.000070	0.000430	0.000070	0.024500	0.003988
93	C	3354	873998	834843	0.004018	18960	2	873608	2573	812168	783043	0.003286	33081	1	811546	0	0	0	nan	0	0	0	0.000732	0.000095	0.000732	0.000095	0.041706	0.005413
94	G	6014	873902	830031	0.007246	18964	2	873503	3721	812255	783925	0.004747	33081	1	811622	0	0	0	nan	0	0	0	0.002499	0.000122	0.002499	0.000122	0.142383	0.006951
95	U	7813	873708	828839	0.009426	18980	2	873308	3750	812154	781508	0.004798	33081	1	811518	0	0	0	nan	0	0	0	0.004628	0.000132	0.004628	0.000132	0.263684	0.007521
96	A	12584	873778	825549	0.015243	18981	2	873374	1773	812292	781320	0.002269	33081	1	811648	0	0	0	nan	0	0	0	0.012974	0.000146	0.012974	0.000146	0.739204	0.008318
97	G	13047	873852	818408	0.015942	19037	2	873447	2675	812380	782591	0.003418	33081	1	811734	0	0	0	nan	0	0	0	0.012524	0.000154	0.012524	0.000154	0.713565	0.008774
98	U	42031	873878	832935	0.050461	19130	2	873462	3017	812436	785203	0.003842	33082	1	811788	0	0	0	nan	0	0	0	0.046619	0.000256	0.046619	0.000256	2.656155	0.014586
99	G	12692	873729	828784	0.015314	19137	2	873310	2393	812448	786525	0.003042	33082	1	811797	0	0	0	nan	0	0	0	0.012272	0.000149	0.012272	0.000149	0.699207	0.008489
100	U	20734	873674	829101	0.025008	19143	2	873253	3398	812414	783697	0.004336	33082	1	811761	0	0	0	nan	0	0	0	0.020672	0.000189	0.020672	0.000189	1.177804	0.010768
101	U	7316	873480	823713	0.008882	19154	2	873057	1248	812227	781728	0.001596	33082	1	811569	0	0	0	nan	0	0	0	0.007285	0.000113	0.007285	0.000113	0.415069	0.006438
102	C	4422	873234	803437	0.005504	19152	2	872811	1486	812093	781889	0.001901	33082	1	811432	0	0	0	nan	0	0	0	0.003603	0.000096	0.003603	0.000096	0.205284	0.005470
103	G	32577	873217	783076	0.041601	19152	2	872792	1685	812142	781186	0.002157	33082	1	811471	0	0	0	nan	0	0	0	0.039444	0.000236	0.039444	0.000236	2.247354	0.013446
104	U	67463	873218	821194	0.082152	19153	2	872792	2672	812132	783325	0.003411	33081	1	811458	0	0	0	nan	0	0	0	0.078741	0.000323	0.078741	0.000323	4.486332	0.018403
105	G	31075	873430	827858	0.037537	19174	2	872995	2839	812271	782937	0.003626	33082	1	811592	0	0	0	nan	0	0	0	0.033911	0.000224	0.033911	0.000224	1.932106	0.012763
106	G	15120	873626	834671	0.018115	19178	2	873185	5389	812433	785353	0.006862	33082	1	811747	0	0	0	nan	0	0	0	0.011253	0.000174	0.011253	0.000174	0.641149	0.009914
107	A	9130	873779	836123	0.010919	19179	2	873333	954	812521	784108	0.001217	33076	1	811831	0	0	0	nan	0	0	0	0.009703	0.000121	0.009703	0.000121	0.552836	0.006894
108	A	3064	873626	839064	0.003652	19181	2	873178	519	812439	784094	0.000662	33073	1	811747	0	0	0	nan	0	0	0	0.002990	0.000072	0.002990	0.000072	0.170358	0.004102
109	A	1339	872996	836812	0.001600	19189	2	872545	755	812093	782706	0.000965	33074	1	811398	0	0	0	nan	0	0	0	0.000636	0.000056	0.000636	0.000056	0.036237	0.003191
110	C	1739	872380	839815	0.002071	19189	2	871927	1328	811760	786776	0.001688	33073	1	811064	0	0	0	nan	0	0	0	0.000383	0.000068	0.000383	0.000068	0.021822	0.003874
111	A	1083	871909	839631	0.001290	19189	2	871456	815	811563	787306	0.001035	33073	1	810864	0	0	0	nan	0	0	0	0.000255	0.000053	0.000255	0.000053	0.014529	0.003020
112	C	1994	871557	838718	0.002377	19189	2	871101	1406	811347	786553	0.001788	33074	1	810647	0	0	0	nan	0	0	0	0.000590	0.000071	0.000590	0.000071	0.033616	0.004045
113	G	5622	871086	831826	0.006759	19189	2	870628	2152	811059	780156	0.002758	33074	1	810359	0	0	0	nan	0	0	0	0.004000	0.000108	0.004000	0.000108	0.227903	0.006153
114	A	4561	870771	828472	0.005505	19189	2	870312	1085	810837	778176	0.001394	33074	1	810136	0	0	0	nan	0	0	0	0.004111	0.000092	0.004111	0.000092	0.234228	0.005242
115	G	7601	870600	824703	0.009217	19190	2	870138	4536	810744	773790	0.005862	33074	1	810036	0	0	0	nan	0	0	0	0.003355	0.000137	0.003355	0.000137	0.191154	0.007806
116	C	2972	870528	830535	0.003578	19189	2	870063	2133	810670	779740	0.002736	33074	1	809961	0	0	0	nan	0	0	0	0.000843	0.000088	0.000843	0.000088	0.048031	0.005014
117	G	2454	870725	829503	0.002958	19193	2	870256	1887	810766	777316	0.002428	33077	1	810052	0	0	0	nan	0	0	0	0.000531	0.000082	0.000531	0.000082	0.030254	0.004672
118	A	2320	870906	832432	0.002787	19191	1	870430	1396	810830	781326	0.001787	33077	1	810112	0	0	0	nan	0	0	0	0.001000	0.000075	0.001000	0.000075	0.056976	0.004273
119	G	42934	871316	832772	0.051556	19191	1	870834	31142	811149	780539	0.039898	33077	1	810416	0	0	0	nan	0	0	0	0.011657	0.000336	0.011657	0.000336	0.664167	0.019144
120	A	5117	871964	833708	0.006138	19195	1	871473	925	811589	782894	0.001182	33076	1	810851	0	0	0	nan	0	0	0	0.004956	0.000094	0.004956	0.000094	0.282372	0.005356
121	A	2364	872462	832689	0.002839	19197	1	871966	437	812040	781722	0.000559	33076	1	811289	0	0	0	nan	0	0	0	0.002280	0.000064	0.002280	0.000064	0.129905	0.003646
122	A	7860	872530	830209	0.009467	19198	1	872029	1936	812129	780056	0.002482	33076	1	811369	0	0	0	nan	0	0	0	0.006986	0.000121	0.006986	0.000121	0.398033	0.006894
123	C	2746	872335	820849	0.003345	19202	1	871829	2553	812015	777184	0.003285	33076	1	811243	0	0	0	nan	0	0	0	0.000060	0.000091	0.000060	0.000091	0.003419	0.005185
124	C	1221	872184	819807	0.001489	19202	1	871673	1274	811871	777448	0.001639	33076	1	811091	0	0	0	nan	0	0	0	-0.000149	0.000063	-0.000149	0.000063	-0.008489	0.003589
125	C	12907	871809	815094	0.015835	19202	1	871289	3330	811713	779049	0.004274	33075	1	810915	0	0	0	nan	0	0	0	0.011561	0.000158	0.011561	0.000158	0.658697	0.009002
126	A	7542	871328	774874	0.009733	19200	1	870803	988	811458	777145	0.001271	33065	1	810639	0	0	0	nan	0	0	0	0.008462	0.000119	0.008462	0.000119	0.482129	0.006780
127	A	27842	870786	784321	0.035498	19206	1	870252	571	811101	770168	0.000741	33064	1	810262	0	0	0	nan	0	0	0	0.034757	0.000215	0.034757	0.000215	1.980308	0.012250
128	A	11600	870031	758937	0.015285	19227	1	869491	706	810568	765251	0.000923	33061	1	809720	0	0	0	nan	0	0	0	0.014362	0.000146	0.014362	0.000146	0.818286	0.008318
129	U	72673	869088	725281	0.100200	19225	1	868542	1373	810208	768147	0.001787	33060	1	809355	0	0	0	nan	0	0	0	0.098412	0.000375	0.098412	0.000375	5.607103	0.021366
130	G	39355	868924	744114	0.052888	19222	1	868373	1152	810018	771789	0.001493	33059	1	809158	0	0	0	nan	0	0	0	0.051396	0.000270	0.051396	0.000270	2.928328	0.015383
131	A	22213	868722	753817	0.029467	19222	1	868166	925	809826	775044	0.001193	33057	1	808964	0	0	0	nan	0	0	0	0.028274	0.000202	0.028274	0.000202	1.610934	0.011509
132	U	63033	868571	775413	0.081290	19224	1	868010	1481	809796	776096	0.001908	33057	1	808927	0	0	0	nan	0	0	0	0.079381	0.000328	0.079381	0.000328	4.522796	0.018688
133	G	40068	868921	784368	0.051083	19241	1	868357	3933	809988	772964	0.005088	33050	1	809112	0	0	0	nan	0	0	0	0.045995	0.000268	0.045995	0.000268	2.620602	0.015270
134	G	30110	869171	774899	0.038857	19238	1	868603	2471	810339	772910	0.003197	33047	1	809457	0	0	0	nan	0	0	0	0.035660	0.000233	0.035660	0.000233	2.031757	0.013275
135	U	69770	869165	796250	0.087623	19235	1	868592	968	810369	769156	0.001259	33027	1	809485	0	0	0	nan	0	0	0	0.086365	0.000334	0.086365	0.000334	4.920715	0.019030
136	A	21970	869495	811866	0.027061	19236	1	868915	974	810411	768938	0.001267	33028	1	809523	0	0	0	nan	0	0	0	0.025794	0.000187	0.025794	0.000187	1.469634	0.010654
137	G	9718	869851	823534	0.011800	19248	1	869264	5952	810538	772260	0.007707	33034	1	809645	0	0	0	nan	0	0	0	0.004093	0.000156	0.004093	0.000156	0.233202	0.008888
138	G	10768	869786	831840	0.012945	19247	1	869198	7446	810458	775828	0.009597	33034	1	809557	0	0	0	nan	0	0	0	0.003347	0.000167	0.003347	0.000167	0.190698	0.009515
139	G	5350	869491	832342	0.006428	19249	1	868902	3526	810084	773914	0.004556	33032	1	809179	0	0	0	nan	0	0	0	0.001872	0.000117	0.001872	0.000117	0.106659	0.006666
140	G	13092	868870	826953	0.015832	19249	1	868278	8577	809630	767445	0.011176	33029	1	808720	0	0	0	nan	0	0	0	0.004656	0.000184	0.004656	0.000184	0.265279	0.010484
141	C	2922	868227	818787	0.003569	19243	1	867632	1796	809344	760300	0.002362	33024	1	808428	0	0	0	nan	0	0	0	0.001206	0.000086	0.001206	0.000086	0.068713	0.004900
142	A	3521	867812	815047	0.004320	19232	1	867216	1097	809005	757146	0.001449	33010	0	808085	0	0	0	nan	0	0	0	0.002871	0.000085	0.002871	0.000085	0.163578	0.004843
143	C	2627	867712	814953	0.003223	19230	1	867113	1897	808902	755882	0.002510	33012	0	807978	0	0	0	nan	0	0	0	0.000714	0.000085	0.000714	0.000085	0.040681	0.004843
144	C	5837	867551	820518	0.007114	19230	1	866942	4741	808810	761824	0.006223	33012	0	807875	0	0	0	nan	0	0	0	0.000891	0.000130	0.000891	0.000130	0.050765	0.007407
145	U	5848	867621	820553	0.007127	19230	1	867005	3856	808919	761851	0.005061	33012	0	807980	0	0	0	nan	0	0	0	0.002066	0.000124	0.002066	0.000124	0.117712	0.007065
146	U	12355	867843	822676	0.015018	19230	1	867216	8138	809149	764839	0.010640	33012	0	808192	0	0	0	nan	0	0	0	0.004378	0.000179	0.004378	0.000179	0.249440	0.010199
147	C	4285	867961	821839	0.005214	19229	1	867330	3757	809292	763658	0.004920	33012	0	808320	0	0	0	nan	0	0	0	0.000294	0.000113	0.000294	0.000113	0.016751	0.006438
148	C	1527	868265	825526	0.001850	19216	2	867613	1027	809545	766675	0.001340	32996	0	808540	0	0	0	nan	0	0	0	0.000510	0.000063	0.000510	0.000063	0.029058	0.003589
149	C	1868	868571	828689	0.002254	19216	2	867899	1083	809872	768393	0.001409	32996	0	808822	0	0	0	nan	0	0	0	0.000845	0.000067	0.000845	0.000067	0.048145	0.003817
150	G	1460	868925	829899	0.001759	19213	2	868226	1050	810163	770983	0.001362	32995	0	809067	0	0	0	nan	0	0	0	0.000397	0.000062	0.000397	0.000062	0.022619	0.003532
151	A	1761	869116	828686	0.002125	19213	2	868380	954	810381	769986	0.001239	32995	0	809234	0	0	0	nan	0	0	0	0.000886	0.000065	0.000886	0.000065	0.050481	0.003703
152	A	2402	869331	828223	0.002900	19213	2	868586	1359	810546	770334	0.001764	32996	0	809382	0	0	0	nan	0	0	0	0.001136	0.000076	0.001136	0.000076	0.064725	0.004330
153	G	4451	869477	829420	0.005366	19213	2	868724	3204	810652	770544	0.004158	32996	0	809480	0	0	0	nan	0	0	0	0.001208	0.000109	0.001208	0.000109	0.068827	0.006210
154	G	2937	869476	830705	0.003536	19213	2	868720	2229	810612	771707	0.002888	32996	0	809439	0	0	0	nan	0	0	0	0.000647	0.000089	0.000647	0.000089	0.036863	0.005071
155	A	2120	869466	828612	0.002558	19212	2	868710	1263	810622	770151	0.001640	32996	0	809447	0	0	0	nan	0	0	0	0.000919	0.000072	0.000919	0.000072	0.052361	0.004102
156	A	1409	869334	830984	0.001696	19212	2	868574	537	810503	771749	0.000696	32995	0	809325	0	0	0	nan	0	0	0	0.001000	0.000054	0.001000	0.000054	0.056976	0.003077
157	A	4149	869117	825460	0.005026	19212	2	868354	548	810293	769390	0.000712	32998	0	809109	0	0	0	nan	0	0	0	0.004314	0.000084	0.004314	0.000084	0.245794	0.004786
158	U	15902	868639	830128	0.019156	19212	2	867871	2305	809930	771369	0.002988	32998	0	808745	0	0	0	nan	0	0	0	0.016168	0.000164	0.016168	0.000164	0.921185	0.009344
159	G	1803	868509	826074	0.002183	19212	2	867736	1234	809832	767338	0.001608	32998	0	808643	0	0	0	nan	0	0	0	0.000574	0.000069	0.000574	0.000069	0.032704	0.003931
160	A	1144	868389	824851	0.001387	19212	2	867614	959	809706	764568	0.001254	32999	0	808515	0	0	0	nan	0	0	0	0.000133	0.000058	0.000133	0.000058	0.007578	0.003305
161	A	856	868056	821179	0.001042	19212	2	867279	610	809498	762261	0.000800	32998	0	808304	0	0	0	nan	0	0	0	0.000242	0.000048	0.000242	0.000048	0.013788	0.002735
162	C	1499	867764	824004	0.001819	19213	2	866985	1340	809323	764869	0.001752	32999	0	808125	0	0	0	nan	0	0	0	0.000067	0.000067	0.000067	0.000067	0.003817	0.003817
163	G	3785	867715	827319	0.004575	19214	2	866925	2425	809319	769812	0.003150	32999	0	808118	0	0	0	nan	0	0	0	0.001425	0.000098	0.001425	0.000098	0.081191	0.005584
164	G	4652	867550	821228	0.005665	19218	2	866758	2183	809218	765777	0.002851	33006	0	808013	0	0	0	nan	0	0	0	0.002814	0.000103	0.002814	0.000103	0.160330	0.005869
165	A	7946	867131	820689	0.009682	19218	2	866337	4952	808935	765650	0.006468	33008	0	807726	0	0	0	nan	0	0	0	0.003214	0.000142	0.003214	0.000142	0.183120	0.008091
166	G	10512	867202	821198	0.012801	19309	2	866396	12210	808979	769839	0.015860	33240	1	807759	0	0	0	nan	0	0	0	-0.003060	0.000190	-0.003060	0.000190	-0.174346	0.010825
167	G	12582	867190	829385	0.015170	19320	2	866378	12433	808966	776872	0.016004	33271	1	807729	0	0	0	nan	0	0	0	-0.000834	0.000197	-0.000834	0.000197	-0.047518	0.011224
168	G	4378	866961	826592	0.005296	19327	2	866142	3239	808776	775403	0.004177	33277	1	807530	0	0	0	nan	0	0	0	0.001119	0.000109	0.001119	0.000109	0.063756	0.006210
169	A	1734	866623	824010	0.002104	19327	2	865796	1342	808473	772946	0.001736	33277	1	807216	0	0	0	nan	0	0	0	0.000368	0.000069	0.000368	0.000069	0.020967	0.003931
170	A	3304	866293	824875	0.004005	19327	3	865455	2134	808142	772513	0.002762	33278	1	806870	0	0	0	nan	0	0	0	0.001243	0.000092	0.001243	0.000092	0.070821	0.005242
171	G	5432	865805	827359	0.006565	19328	3	864964	3514	807742	774923	0.004535	33279	1	806463	0	0	0	nan	0	0	0	0.002031	0.000117	0.002031	0.000117	0.115718	0.006666
172	G	2248	865296	826313	0.002721	19328	3	864451	1543	807244	774367	0.001993	33279	1	805959	0	0	0	nan	0	0	0	0.000728	0.000077	0.000728	0.000077	0.041478	0.004387
173	A	1711	864849	817958	0.002092	19328	3	864002	1152	806868	769929	0.001496	33280	1	805580	0	0	0	nan	0	0	0	0.000596	0.000067	0.000596	0.000067	0.033958	0.003817
174	C	810	864521	817432	0.000991	19329	3	863670	827	806621	769249	0.001075	33281	1	805329	0	0	0	nan	0	0	0	-0.000084	0.000051	-0.000084	0.000051	-0.004786	0.002906
175	A	2227	864326	820898	0.002713	19329	3	863470	1770	806405	772322	0.002292	33281	1	805113	0	0	0	nan	0	0	0	0.000421	0.000079	0.000421	0.000079	0.023987	0.004501
176	G	4190	864218	826960	0.005067	19329	3	863358	3576	806226	775753	0.004610	33281	1	804930	0	0	0	nan	0	0	0	0.000457	0.000110	0.000457	0.000110	0.026038	0.006267
177	G	8778	864023	821444	0.010686	19329	3	863161	7028	806006	772052	0.009103	33281	1	804706	0	0	0	nan	0	0	0	0.001583	0.000157	0.001583	0.000157	0.090193	0.008945
178	C	4614	863492	816422	0.005651	19329	3	862626	2013	805665	771333	0.002610	33281	1	804358	0	0	0	nan	0	0	0	0.003042	0.000102	0.003042	0.000102	0.173320	0.005812
179	G	9360	863351	809001	0.011570	19324	3	862475	4199	805556	771385	0.005443	33280	1	804242	0	0	0	nan	0	0	0	0.006126	0.000146	0.006126	0.000146	0.349034	0.008318
180	G	11879	862855	802313	0.014806	19324	3	861972	9874	805189	770698	0.012812	33280	1	803867	0	0	0	nan	0	0	0	0.001994	0.000187	0.001994	0.000187	0.113610	0.010654
181	C	21514	861981	803511	0.026775	19323	3	861095	4138	804509	769213	0.005380	33283	1	803181	0	0	0	nan	0	0	0	0.021395	0.000201	0.021395	0.000201	1.218997	0.011452
182	G	16003	861239	797419	0.020068	19323	3	860345	5865	803981	765989	0.007657	33273	1	802643	0	0	0	nan	0	0	0	0.012412	0.000188	0.012412	0.000188	0.707184	0.010711
183	C	8558	860726	788554	0.010853	19339	3	859823	1003	803600	766204	0.001309	33286	1	802255	0	0	0	nan	0	0	0	0.009544	0.000124	0.009544	0.000124	0.543777	0.007065
184	A	16680	859895	771449	0.021622	19340	3	858985	825	802926	761564	0.001083	33281	1	801577	0	0	0	nan	0	0	0	0.020538	0.000172	0.020538	0.000172	1.170169	0.009800
185	U	109218	859174	802217	0.136145	19340	3	858256	2608	802487	762878	0.003419	33282	1	801126	0	0	0	nan	0	0	0	0.132727	0.000417	0.132727	0.000417	7.562227	0.023759
186	G	8716	859694	809270	0.010770	19340	3	858755	5564	802607	761683	0.007305	33280	1	801239	0	0	0	nan	0	0	0	0.003465	0.000151	0.003465	0.000151	0.197421	0.008603
187	C	3399	859853	811382	0.004189	19341	3	858907	2549	802567	764381	0.003335	33280	1	801181	0	0	0	nan	0	0	0	0.000854	0.000098	0.000854	0.000098	0.048657	0.005584
188	A	2817	859659	811383	0.003472	19337	3	858700	874	802454	763149	0.001145	33277	1	801045	0	0	0	nan	0	0	0	0.002327	0.000076	0.002327	0.000076	0.132583	0.004330
189	G	6273	859570	809367	0.007751	19336	3	858601	4138	802321	762735	0.005425	33278	1	800898	0	0	0	nan	0	0	0	0.002325	0.000129	0.002325	0.000129	0.132469	0.007350
190	C	3400	859287	807942	0.004208	19336	3	858313	2716	802036	761218	0.003568	33280	1	800600	0	0	0	nan	0	0	0	0.000640	0.000099	0.000640	0.000099	0.036465	0.005641
191	C	3008	858921	808465	0.003721	19339	3	857931	2653	801639	762039	0.003481	33280	1	800193	0	0	0	nan	0	0	0	0.000239	0.000096	0.000239	0.000096	0.013617	0.005470
192	U	5814	858738	811055	0.007168	19340	3	857724	4002	801540	763606	0.005241	33279	1	800066	0	0	0	nan	0	0	0	0.001928	0.000125	0.001928	0.000125	0.109849	0.007122
193	G	3420	858484	815792	0.004192	19343	3	857458	1917	801375	766968	0.002499	33279	1	799886	0	0	0	nan	0	0	0	0.001693	0.000092	0.001693	0.000092	0.096460	0.005242
194	U	3246	858040	814183	0.003987	19348	3	857007	2801	800817	764041	0.003666	33279	1	799318	0	0	0	nan	0	0	0	0.000321	0.000098	0.000321	0.000098	0.018289	0.005584
195	A	1768	857749	812746	0.002175	19348	3	856696	1309	800654	763697	0.001714	33279	1	799118	0	0	0	nan	0	0	0	0.000461	0.000070	0.000461	0.000070	0.026266	0.003988
196	G	3008	857478	809129	0.003718	19349	3	856418	1370	800531	762439	0.001797	33279	1	798988	0	0	0	nan	0	0	0	0.001921	0.000083	0.001921	0.000083	0.109451	0.004729
197	A	2515	857013	796809	0.003156	19351	3	855949	1022	800243	763287	0.001339	33279	1	798687	0	0	0	nan	0	0	0	0.001817	0.000076	0.001817	0.000076	0.103525	0.004330
198	U	68850	856711	801900	0.085859	19352	3	855644	1283	800132	760474	0.001687	33279	1	798571	0	0	0	nan	0	0	0	0.084171	0.000331	0.084171	0.000331	4.795710	0.018859
199	A	29739	856944	806378	0.036880	19352	3	855873	880	800213	762150	0.001155	33279	1	798637	0	0	0	nan	0	0	0	0.035725	0.000217	0.035725	0.000217	2.035461	0.012364
200	G	10030	857325	800150	0.012535	19352	3	856244	1262	800284	756802	0.001668	33280	1	798702	0	0	0	nan	0	0	0	0.010868	0.000134	0.010868	0.000134	0.619213	0.007635
201	A	2060	857330	795008	0.002591	19352	3	856241	866	800213	751314	0.001153	33278	1	798617	0	0	0	nan	0	0	0	0.001439	0.000069	0.001439	0.000069	0.081988	0.003931
202	U	6292	857596	796299	0.007902	19352	3	856496	1731	800453	751283	0.002304	33277	1	798844	0	0	0	nan	0	0	0	0.005597	0.000114	0.005597	0.000114	0.318894	0.006495
203	G	1869	857961	801198	0.002333	19352	3	856844	1447	800659	757852	0.001909	33279	1	799034	0	0	0	nan	0	0	0	0.000423	0.000074	0.000423	0.000074	0.024101	0.004216
204	A	2838	858172	800456	0.003545	19351	3	857042	1584	800752	756526	0.002094	33279	1	799120	0	0	0	nan	0	0	0	0.001452	0.000085	0.001452	0.000085	0.082729	0.004843
205	U	3683	858511	795700	0.004629	19352	3	857365	2168	800858	751724	0.002884	33278	1	799207	0	0	0	nan	0	0	0	0.001745	0.000098	0.001745	0.000098	0.099423	0.005584
206	U	3158	859035	800490	0.003945	19352	3	857862	1779	800998	751567	0.002367	33278	1	799325	0	0	0	nan	0	0	0	0.001578	0.000090	0.001578	0.000090	0.089908	0.005128
207	A	1249	859503	803772	0.001554	19351	3	858292	768	801128	753273	0.001020	33277	1	799392	0	0	0	nan	0	0	0	0.000534	0.000057	0.000534	0.000057	0.030425	0.003248
208	C	1860	859512	804288	0.002313	19350	3	858286	1364	800970	752681	0.001812	33278	1	799210	0	0	0	nan	0	0	0	0.000500	0.000073	0.000500	0.000073	0.028488	0.004159
209	C	2227	859462	801729	0.002778	19350	3	858222	982	800835	751769	0.001306	33278	1	799046	0	0	0	nan	0	0	0	0.001471	0.000072	0.001471	0.000072	0.083811	0.004102
210	G	12100	859424	790497	0.015307	19350	2	858162	7983	800746	744318	0.010725	33276	1	798920	0	0	0	nan	0	0	0	0.004582	0.000184	0.004582	0.000184	0.261063	0.010484
211	C	2452	859171	784879	0.003124	19350	2	857862	1853	800373	739980	0.002504	33277	1	798474	0	0	0	nan	0	0	0	0.000620	0.000086	0.000620	0.000086	0.035325	0.004900
212	C	2080	858743	783519	0.002655	19349	2	857404	1061	799855	738697	0.001436	33271	0	797900	0	0	0	nan	0	0	0	0.001218	0.000073	0.001218	0.000073	0.069397	0.004159
213	G	7765	859107	791768	0.009807	19347	2	857700	4886	800174	744447	0.006563	33271	0	798070	0	0	0	nan	0	0	0	0.003244	0.000146	0.003244	0.000146	0.184830	0.008318
214	G	8246	859252	789336	0.010447	19346	2	857788	2606	800286	743942	0.003503	33271	0	798069	0	0	0	nan	0	0	0	0.006944	0.000134	0.006944	0.000134	0.395640	0.007635
215	A	3820	858925	790715	0.004831	19344	3	857430	1612	799806	744928	0.002164	33270	0	797510	0	0	0	nan	0	0	0	0.002667	0.000095	0.002667	0.000095	0.151954	0.005413
216	G	3070	859205	784700	0.003912	19340	3	857674	1782	799870	737594	0.002416	33265	0	797528	0	0	0	nan	0	0	0	0.001496	0.000091	0.001496	0.000091	0.085236	0.005185
217	U	4050	859207	791606	0.005116	19340	3	857665	2380	799790	741226	0.003211	33264	0	797424	0	0	0	nan	0	0	0	0.001905	0.000104	0.001905	0.000104	0.108539	0.005925
218	A	971	859198	784241	0.001238	19340	3	857649	701	799668	734653	0.000954	33264	0	797284	0	0	0	nan	0	0	0	0.000284	0.000054	0.000284	0.000054	0.016181	0.003077
219	C	1847	859166	791933	0.002332	19340	3	857609	957	799493	745708	0.001283	33264	0	797097	0	0	0	nan	0	0	0	0.001049	0.000068	0.001049	0.000068	0.059768	0.003874
220	G	4364	859607	777530	0.005613	19340	3	858043	1161	799699	733078	0.001584	33264	0	797278	0	0	0	nan	0	0	0	0.004029	0.000097	0.004029	0.000097	0.229556	0.005527
221	A	2953	859429	784331	0.003765	19340	3	857851	1669	799392	742051	0.002249	33263	0	796943	0	0	0	nan	0	0	0	0.001516	0.000088	0.001516	0.000088	0.086375	0.005014
222	G	4030	860380	770344	0.005231	19340	4	858776	2358	799907	734460	0.003211	33263	0	797416	0	0	0	nan	0	0	0	0.002021	0.000106	0.002021	0.000106	0.115148	0.006039
223	G	9874	860721	766985	0.012874	19339	4	859101	10021	799971	733228	0.013667	33262	0	797444	0	0	0	nan	0	0	0	-0.000793	0.000188	-0.000793	0.000188	-0.045182	0.010711
224	C	2657	860809	765313	0.003472	19340	4	859177	1825	800018	733451	0.002488	33283	1	797461	0	0	0	nan	0	0	0	0.000984	0.000089	0.000984	0.000089	0.056064	0.005071
225	G	8492	861239	758934	0.011189	19334	4	859598	8244	800370	732230	0.011259	33283	1	797792	0	0	0	nan	0	0	0	-0.000069	0.000174	-0.000069	0.000174	-0.003931	0.009914
226	C	23943	861669	754120	0.031750	19331	4	860011	4432	800801	742044	0.005973	33282	1	798189	0	0	0	nan	0	0	0	0.025777	0.000224	0.025777	0.000224	1.468665	0.012763
227	A	99202	862411	732893	0.135357	19327	5	860742	1196	801227	739045	0.001618	33280	1	798598	0	0	0	nan	0	0	0	0.133738	0.000432	0.133738	0.000432	7.619830	0.024614
228	A	51131	863543	772530	0.066186	19328	5	861849	845	801789	736100	0.001148	33278	1	799135	0	0	0	nan	0	0	0	0.065038	0.000295	0.065038	0.000295	3.705592	0.016808
229	A	5070	864544	772058	0.006567	19329	5	862837	551	802305	737045	0.000748	33278	1	799632	0	0	0	nan	0	0	0	0.005819	0.000098	0.005819	0.000098	0.331542	0.005584
230	G	6510	864867	742972	0.008762	19329	5	863145	3225	802501	732612	0.004402	33279	1	799805	0	0	0	nan	0	0	0	0.004360	0.000133	0.004360	0.000133	0.248415	0.007578
231	C	28318	865095	766994	0.036921	19329	6	863360	2072	802595	740879	0.002797	33280	1	799879	0	0	0	nan	0	0	0	0.034124	0.000228	0.034124	0.000228	1.944242	0.012990
232	C	2187	865655	765045	0.002859	19337	6	863899	1145	802726	736633	0.001554	33289	1	799983	0	0	0	nan	0	0	0	0.001304	0.000076	0.001304	0.000076	0.074296	0.004330
233	G	6229	865869	764445	0.008148	19338	6	864088	5798	802859	738221	0.007854	33289	1	800077	0	0	0	nan	0	0	0	0.000294	0.000146	0.000294	0.000146	0.016751	0.008318
234	C	30156	866234	761870	0.039582	19340	7	864433	4555	803205	733967	0.006206	33288	1	800387	0	0	0	nan	0	0	0	0.033376	0.000246	0.033376	0.000246	1.901624	0.014016
235	U	5778	867459	760916	0.007593	19344	9	865628	2634	803708	739082	0.003564	33289	1	800851	0	0	0	nan	0	0	0	0.004030	0.000122	0.004030	0.000122	0.229612	0.006951
236	U	10614	868349	758578	0.013992	19344	9	866477	1983	804675	738849	0.002684	33289	1	801758	0	0	0	nan	0	0	0	0.011308	0.000149	0.011308	0.000149	0.644282	0.008489
237	G	104739	868935	780018	0.134278	19342	9	867034	6932	805282	750354	0.009238	33288	1	802299	0	0	0	nan	0	0	0	0.125039	0.000429	0.125039	0.000429	7.124197	0.024443
238	C	10391	869871	786660	0.013209	19343	9	867924	1857	805714	745695	0.002490	33288	1	802676	0	0	0	nan	0	0	0	0.010719	0.000142	0.010719	0.000142	0.610724	0.008091
239	A	19232	871097	804897	0.023894	19344	9	869099	1385	806731	752710	0.001840	33287	1	803615	0	0	0	nan	0	0	0	0.022054	0.000179	0.022054	0.000179	1.256544	0.010199
240	G	2848	872329	792874	0.003592	19347	10	870302	1816	807579	737012	0.002464	33285	1	804415	0	0	0	nan	0	0	0	0.001128	0.000089	0.001128	0.000089	0.064269	0.005071
241	U	2984	872749	794941	0.003754	19347	10	870700	1746	807804	738486	0.002364	33285	1	804611	0	0	0	nan	0	0	0	0.001389	0.000089	0.001389	0.000089	0.079139	0.005071
242	A	634	873417	777499	0.000815	19347	10	871362	486	808345	721740	0.000673	33285	1	805141	0	0	0	nan	0	0	0	0.000142	0.000045	0.000142	0.000045	0.008091	0.002564
243	C	1487	873849	788752	0.001885	19347	10	871788	890	808660	732440	0.001215	33287	1	805443	0	0	0	nan	0	0	0	0.000670	0.000064	0.000670	0.000064	0.038174	0.003646
244	G	1228	874710	794301	0.001546	19346	10	872641	733	809409	737276	0.000994	33287	1	806183	0	0	0	nan	0	0	0	0.000552	0.000057	0.000552	0.000057	0.031451	0.003248
245	A	2885	875442	814595	0.003542	19345	10	873365	858	809916	757845	0.001132	33284	1	806674	0	0	0	nan	0	0	0	0.002409	0.000076	0.002409	0.000076	0.137255	0.004330
246	A	3120	876146	813503	0.003835	19345	10	874062	1172	810536	756418	0.001549	33284	1	807282	0	0	0	nan	0	0	0	0.002286	0.000082	0.002286	0.000082	0.130247	0.004672
247	G	12160	876517	804537	0.015114	19345	11	874422	6511	810808	752024	0.008658	33285	1	807535	0	0	0	nan	0	0	0	0.006456	0.000174	0.006456	0.000174	0.367836	0.009914
248	G	8540	876998	794004	0.010756	19345	11	874896	5098	811163	742344	0.006867	33285	1	807885	0	0	0	nan	0	0	0	0.003888	0.000151	0.003888	0.000151	0.221522	0.008603
249	U	14849	877311	807777	0.018383	19345	11	875201	2646	811425	750482	0.003526	33287	1	808136	0	0	0	nan	0	0	0	0.014857	0.000166	0.014857	0.000166	0.846490	0.009458
250	A	1859	877766	811056	0.002292	19346	11	875641	877	811769	753260	0.001164	33287	1	808463	0	0	0	nan	0	0	0	0.001128	0.000066	0.001128	0.000066	0.064269	0.003760
251	C	2416	878208	825327	0.002927	19347	11	876073	889	812154	766558	0.001160	33289	1	808834	0	0	0	nan	0	0	0	0.001768	0.000071	0.001768	0.000071	0.100733	0.004045
252	A	2072	878755	825299	0.002511	19346	11	876615	1060	812601	766673	0.001383	33289	1	809273	0	0	0	nan	0	0	0	0.001128	0.000070	0.001128	0.000070	0.064269	0.003988
253	G	2358	879084	828840	0.002845	19346	11	876939	1196	812808	768987	0.001555	33288	1	809471	0	0	0	nan	0	0	0	0.001290	0.000074	0.001290	0.000074	0.073499	0.004216
254	A	3616	879436	828036	0.004367	19347	11	877289	678	813041	769145	0.000881	33289	1	809697	0	0	0	nan	0	0	0	0.003485	0.000080	0.003485	0.000080	0.198561	0.004558
255	A	7976	879755	821086	0.009714	19347	11	877598	612	813267	763340	0.000802	33289	1	809914	0	0	0	nan	0	0	0	0.008912	0.000113	0.008912	0.000113	0.507768	0.006438
256	C	978	880066	819529	0.001193	19350	11	877905	648	813532	761961	0.000850	33291	1	810175	0	0	0	nan	0	0	0	0.000343	0.000051	0.000343	0.000051	0.019543	0.002906
257	A	1285	880384	811458	0.001584	19350	11	878221	693	813780	754846	0.000918	33291	1	810416	0	0	0	nan	0	0	0	0.000666	0.000056	0.000666	0.000056	0.037946	0.003191
258	U	3821	880593	812889	0.004701	19350	11	878430	1887	813987	755979	0.002496	33292	1	810621	0	0	0	nan	0	0	0	0.002204	0.000095	0.002204	0.000095	0.125575	0.005413
259	G	4359	880965	818198	0.005328	19350	11	878801	2688	814283	761142	0.003532	33292	1	810917	0	0	0	nan	0	0	0	0.001796	0.000106	0.001796	0.000106	0.102329	0.006039
260	G	9075	881228	823109	0.011025	19350	11	879064	5999	814437	764780	0.007844	33292	1	811070	0	0	0	nan	0	0	0	0.003181	0.000154	0.003181	0.000154	0.181240	0.008774
261	C	2578	881533	824744	0.003126	19350	11	879370	1709	814587	765041	0.002234	33293	1	811220	0	0	0	nan	0	0	0	0.000892	0.000082	0.000892	0.000082	0.050822	0.004672
262	U	4846	881966	825680	0.005869	19350	11	879803	1925	814820	765105	0.002516	33293	1	811453	0	0	0	nan	0	0	0	0.003353	0.000102	0.003353	0.000102	0.191040	0.005812
263	U	3331	882448	832854	0.004000	19349	11	880286	1253	815242	771425	0.001624	33292	1	811875	0	0	0	nan	0	0	0	0.002375	0.000083	0.002375	0.000083	0.135318	0.004729
264	A	3798	882798	829300	0.004580	19022	11	880685	826	815503	764500	0.001080	32758	1	812189	0	0	0	nan	0	0	0	0.003499	0.000083	0.003499	0.000083	0.199358	0.004729
265	U	5336	883166	830247	0.006427	19022	11	881052	1083	815810	755875	0.001433	32758	1	812496	0	0	0	nan	0	0	0	0.004994	0.000098	0.004994	0.000098	0.284537	0.005584
266	A	3703	883836	826516	0.004480	19022	11	881722	794	816502	752676	0.001055	32758	1	813188	0	0	0	nan	0	0	0	0.003425	0.000083	0.003425	0.000083	0.195142	0.004729
267	G	2328	884085	825652	0.002820	19023	11	881971	1398	816848	757269	0.001846	32759	2	813534	0	0	0	nan	0	0	0	0.000973	0.000077	0.000973	0.000077	0.055437	0.004387
268	A	1450	884264	819692	0.001769	19023	11	882150	927	817061	759507	0.001221	32759	2	813747	0	0	0	nan	0	0	0	0.000548	0.000061	0.000548	0.000061	0.031223	0.003476
269	G	7372	884705	815590	0.009039	19023	11	882591	4680	817519	755397	0.006195	32759	2	814205	0	0	0	nan	0	0	0	0.002843	0.000139	0.002843	0.000139	0.161982	0.007920
270	C	1300	885391	826566	0.001573	19023	10	883277	999	818306	756036	0.001321	32761	2	814992	0	0	0	nan	0	0	0	0.000251	0.000060	0.000251	0.000060	0.014301	0.003419
271	A	1312	886225	826658	0.001587	19023	10	884111	769	819196	755655	0.001018	32761	2	815882	0	0	0	nan	0	0	0	0.000569	0.000057	0.000569	0.000057	0.032419	0.003248
272	U	4898	886797	828463	0.005912	19023	10	884683	2777	819868	757356	0.003667	32761	2	816553	0	0	0	nan	0	0	0	0.002245	0.000109	0.002245	0.000109	0.127911	0.006210
273	G	2266	887376	824920	0.002747	19021	10	885262	1576	820549	762305	0.002067	32761	2	817234	0	0	0	nan	0	0	0	0.000680	0.000078	0.000680	0.000078	0.038744	0.004444
274	A	2999	887867	815308	0.003678	19021	10	885753	1877	821111	757392	0.002478	32761	2	817797	0	0	0	nan	0	0	0	0.001200	0.000088	0.001200	0.000088	0.068371	0.005014
275	U	4105	888360	808374	0.005078	19020	10	886246	2376	821563	749165	0.003172	32761	2	818249	0	0	0	nan	0	0	0	0.001907	0.000103	0.001907	0.000103	0.108653	0.005869
276	U	2353	888860	806118	0.002919	19020	10	886746	1062	822188	744934	0.001426	32760	2	818874	0	0	0	nan	0	0	0	0.001493	0.000074	0.001493	0.000074	0.085065	0.004216
277	A	701	889580	811361	0.000864	19020	10	887466	564	822904	750797	0.000751	32760	2	819590	0	0	0	nan	0	0	0	0.000113	0.000045	0.000113	0.000045	0.006438	0.002564
278	A	982	889949	816896	0.001202	19020	11	887836	716	823301	760636	0.000941	32759	2	819987	0	0	0	nan	0	0	0	0.000261	0.000052	0.000261	0.000052	0.014871	0.002963
279	C	3631	890300	814006	0.004461	19046	11	888187	1120	823674	763297	0.001467	32814	2	820360	0	0	0	nan	0	0	0	0.002993	0.000086	0.002993	0.000086	0.170529	0.004900
280	G	21037	890845	815402	0.025800	19044	11	888732	1539	824240	769099	0.002001	32814	5	820926	0	0	0	nan	0	0	0	0.023799	0.000185	0.023799	0.000185	1.355967	0.010541
281	U	18108	891381	803864	0.022526	19026	12	889305	6950	824634	763590	0.009102	32804	5	821367	0	0	0	nan	0	0	0	0.013424	0.000200	0.013424	0.000200	0.764843	0.011395
282	C	34162	891832	797383	0.042843	19016	12	889759	880	825097	761180	0.001156	32792	7	821831	0	0	0	nan	0	0	0	0.041687	0.000235	0.041687	0.000235	2.375150	0.013389
283	U	39826	892570	809985	0.049169	19010	15	890498	3766	825430	764355	0.004927	32785	18	822164	0	0	0	nan	0	0	0	0.044242	0.000259	0.044242	0.000259	2.520723	0.014757
284	C	48251	893418	830515	0.058098	19010	15	891347	1074	826125	771084	0.001393	32785	19	822859	0	0	0	nan	0	0	0	0.056705	0.000268	0.056705	0.000268	3.230813	0.015270
285	G	2010	894105	828802	0.002425	19010	16	892034	1234	826576	771718	0.001599	32781	19	823310	0	0	0	nan	0	0	0	0.000826	0.000071	0.000826	0.000071	0.047062	0.004045
286	A	3250	894842	825441	0.003937	19009	16	892771	4721	827460	771450	0.006120	32779	19	824194	0	0	0	nan	0	0	0	-0.002182	0.000113	-0.002182	0.000113	-0.124321	0.006438
287	U	6551	895456	822675	0.007963	18950	16	893390	4911	828018	770337	0.006375	32736	19	824757	0	0	0	nan	0	0	0	0.001588	0.000134	0.001588	0.000134	0.090478	0.007635
288	C	1456	896201	832352	0.001749	18950	16	894135	1478	828585	776829	0.001903	32736	19	825324	0	0	0	nan	0	0	0	-0.000153	0.000067	-0.000153	0.000067	-0.008717	0.003817
289	C	1506	897112	838994	0.001795	18950	16	895046	1136	829374	787288	0.001443	32736	19	826113	0	0	0	nan	0	0	0	0.000352	0.000063	0.000352	0.000063	0.020055	0.003589
290	G	6910	898125	845063	0.008177	18950	16	896059	4407	830274	797510	0.005526	32737	19	827013	0	0	0	nan	0	0	0	0.002651	0.000129	0.002651	0.000129	0.151043	0.007350
291	G	5830	899183	833116	0.006998	18950	16	897119	3199	831135	804153	0.003978	32738	20	827874	0	0	0	nan	0	0	0	0.003020	0.000116	0.003020	0.000116	0.172067	0.006609
292	U	5085	899716	823406	0.006176	18947	16	897653	1639	831487	797951	0.002054	32734	20	828226	0	0	0	nan	0	0	0	0.004122	0.000100	0.004122	0.000100	0.234854	0.005698
293	U	9899	899972	810339	0.012216	18934	16	897910	1728	831746	790181	0.002187	32729	20	828485	0	0	0	nan	0	0	0	0.010029	0.000134	0.010029	0.000134	0.571410	0.007635
294	C	69604	900130	810743	0.085852	18920	16	898069	1148	831914	782627	0.001467	32701	20	828657	0	0	0	nan	0	0	0	0.084385	0.000328	0.084385	0.000328	4.807903	0.018688
295	G	39656	899187	836130	0.047428	9662	17	898174	4634	830122	779117	0.005948	16144	20	828529	0	0	0	nan	0	0	0	0.041480	0.000254	0.041480	0.000254	2.363356	0.014472
296	C	2855	899436	842666	0.003388	7745	17	898655	1862	829912	781067	0.002384	12680	20	828670	0	0	0	nan	0	0	0	0.001004	0.000084	0.001004	0.000084	0.057204	0.004786
297	C	1676	899524	848530	0.001975	5060	17	899025	1210	829669	784609	0.001542	8084	20	828903	0	0	0	nan	0	0	0	0.000433	0.000066	0.000433	0.000066	0.024671	0.003760
298	G	4205	899893	853674	0.004926	3631	17	899544	3094	829867	789814	0.003917	5506	20	829349	0	0	0	nan	0	0	0	0.001008	0.000104	0.001008	0.000104	0.057432	0.005925
299	G	2937	900274	847672	0.003465	2282	17	900077	1934	830176	786052	0.002460	3015	20	829897	0	0	0	nan	0	0	0	0.001004	0.000085	0.001004	0.000085	0.057204	0.004843
300	A	1144	900615	838674	0.001364	1556	17	900512	845	830480	779152	0.001085	1699	20	830341	0	0	0	nan	0	0	0	0.000280	0.000055	0.000280	0.000055	0.015953	0.003134
301	U	12810	900954	830545	0.015424	1317	17	900878	8212	830821	771323	0.010647	1288	20	830724	0	0	0	nan	0	0	0	0.004777	0.000180	0.004777	0.000180	0.272173	0.010256
302	C	3275	901305	831789	0.003937	1290	17	901231	1436	831136	771981	0.001860	1248	20	831046	0	0	0	nan	0	0	0	0.002077	0.000085	0.002077	0.000085	0.118339	0.004843
303	C	8805	901672	839793	0.010485	1050	17	901632	4547	831489	779943	0.005830	961	20	831441	0	0	0	nan	0	0	0	0.004655	0.000141	0.004655	0.000141	0.265222	0.008034
304	A	16027	901660	824778	0.019432	982	17	901632	1622	831481	778415	0.002084	876	20	831441	0	0	0	nan	0	0	0	0.017348	0.000162	0.017348	0.000162	0.988416	0.009230
305	A	15972	901652	833943	0.019152	885	17	901630	430	831461	780356	0.000551	743	20	831436	0	0	0	nan	0	0	0	0.018601	0.000154	0.018601	0.000154	1.059807	0.008774
306	A	4489	901649	812476	0.005525	831	17	901629	361	831455	757731	0.000476	681	20	831435	0	0	0	nan	0	0	0	0.005049	0.000086	0.005049	0.000086	0.287671	0.004900
307	U	16028	901640	827795	0.019362	746	17	901628	701	831448	766486	0.000915	579	20	831434	0	0	0	nan	0	0	0	0.018448	0.000157	0.018448	0.000157	1.051090	0.008945
308	C	6234	901635	838342	0.007436	707	17	901627	1970	831441	773197	0.002548	522	20	831432	0	0	0	nan	0	0	0	0.004888	0.000110	0.004888	0.000110	0.278498	0.006267
309	G	0	901633	867179	0.000000	705	17	901626	0	831439	799849	0.000000	511	20	831432	0	0	0	nan	0	0	0	0.000000	0.000000	0.000000	0.000000	0.000000	0.000000
310	g	0	901633	0	nan	703	17	901626	0	831438	0	nan	505	20	831432	0	0	0	nan	0	0	0	nan	nan	nan	nan	nan	nan
311	g	0	901633	0	nan	699	17	901626	0	831438	0	nan	503	20	831432	0	0	0	nan	0	0	0	nan	nan	nan	nan	nan	nan
312	c	0	901628	0	nan	673	17	901626	0	831434	0	nan	482	20	831431	0	0	0	nan	0	0	0	nan	nan	nan	nan	nan	nan
313	u	0	901627	0	nan	672	17	901625	0	831431	0	nan	481	20	831431	0	0	0	nan	0	0	0	nan	nan	nan	nan	nan	nan
314	u	0	901625	0	nan	670	17	901625	0	831431	0	nan	480	20	831431	0	0	0	nan	0	0	0	nan	nan	nan	nan	nan	nan
315	c	0	901625	0	nan	670	17	901625	0	831431	0	nan	480	20	831431	0	0	0	nan	0	0	0	nan	nan	nan	nan	nan	nan
316	g	0	901625	0	nan	670	17	901625	0	831431	0	nan	480	20	831431	0	0	0	nan	0	0	0	nan	nan	nan	nan	nan	nan
317	g	0	901624	0	nan	670	17	901624	0	831427	0	nan	480	20	831427	0	0	0	nan	0	0	0	nan	nan	nan	nan	nan	nan
318	u	0	901617	0	nan	670	17	901617	0	831422	0	nan	480	20	831422	0	0	0	nan	0	0	0	nan	nan	nan	nan	nan	nan
319	c	0	901615	0	nan	670	17	901615	0	831415	0	nan	480	20	831415	0	0	0	nan	0	0	0	nan	nan	nan	nan	nan	nan
320	c	0	901594	0	nan	670	17	901594	0	831406	0	nan	480	20	831406	0	0	0	nan	0	0	0	nan	nan	nan	nan	nan	nan
321	g	0	901560	0	nan	670	17	901560	0	831382	0	nan	480	20	831382	0	0	0	nan	0	0	0	nan	nan	nan	nan	nan	nan
322	g	0	901536	0	nan	670	17	901536	0	831360	0	nan	480	20	831360	0	0	0	nan	0	0	0	nan	nan	nan	nan	nan	nan
323	u	0	901442	0	nan	670	17	901442	0	831254	0	nan	480	20	831254	0	0	0	nan	0	0	0	nan	nan	nan	nan	nan	nan
324	u	0	901105	0	nan	670	17	901105	0	830908	0	nan	480	20	830908	0	0	0	nan	0	0	0	nan	nan	nan	nan	nan	nan
325	c	0	899892	0	nan	670	17	899892	0	829838	0	nan	480	19	829838	0	0	0	nan	0	0	0	nan	nan	nan	nan	nan	nan