2 components; BIC=26907519.5
p 0.575 0.425
Nt	Seq	nReact	Raw		nReact	Raw		Background
1	G	nan	nan		nan	nan		0.0000
2	G	nan	nan		nan	nan		0.0000
3	C	nan	nan		nan	nan		0.0000
4	C	nan	nan		nan	nan		0.0000
5	U	nan	nan		nan	nan		0.0000
6	U	nan	nan		nan	nan		0.0000
7	C	nan	nan		nan	nan		0.0000
8	G	nan	nan		nan	nan		0.0000
9	G	nan	nan		nan	nan		0.0000
10	G	nan	nan		nan	nan		0.0000
11	C	nan	nan		nan	nan		0.0000
12	C	nan	nan		nan	nan		0.0000
13	A	nan	nan		nan	nan		0.0000
14	A	nan	nan		nan	nan		0.0000
15	G	0.0208	0.0039		0.0519	0.0050		0.0032 i
16	U	0.1352	0.0186		0.1607	0.0195		0.0138
17	U	0.0630	0.0040		0.0549	0.0037		0.0017
18	A	0.0196	0.0015		0.0111	0.0012		0.0008 i
19	A	0.0169	0.0013		0.0129	0.0012		0.0007 i
20	U	0.0574	0.0053		0.0615	0.0054		0.0033
21	C	0.0155	0.0016		0.0145	0.0016		0.0011 i
22	A	0.0118	0.0017		0.0133	0.0018		0.0013 i
23	U	0.0428	0.0046		0.0444	0.0046		0.0030 i
24	G	0.0230	0.0056		0.0184	0.0054		0.0048 i
25	C	-0.0008	0.0020		0.0061	0.0022		0.0020 i
26	U	0.0315	0.0032		0.0092	0.0024		0.0020 i
27	C	0.4273	0.0180		0.2359	0.0112		0.0028
28	G	1.4787	0.0600		1.1428	0.0481		0.0076
29	G	0.3680	0.0232		0.6369	0.0327		0.0102
30	G	0.1666	0.0095		0.4327	0.0190		0.0036
31	U	0.3887	0.0166		0.9423	0.0363		0.0028
32	A	0.1332	0.0055		0.3252	0.0123		0.0007
33	A	0.1807	0.0072		0.4053	0.0151		0.0008
34	U	0.6399	0.0277		1.4466	0.0563		0.0050
35	C	0.4443	0.0169		0.5470	0.0206		0.0012
36	G	0.5796	0.0291		0.3830	0.0221		0.0086
37	C	0.0855	0.0050		0.0577	0.0040		0.0020
38	U	0.1747	0.0088		0.0938	0.0060		0.0026
39	G	0.0758	0.0088		0.0620	0.0083		0.0061
40	C	0.0250	0.0043		0.0161	0.0040		0.0034 i
41	G	0.0143	0.0043		0.0061	0.0040		0.0037 i
42	G	-0.0450	0.0079		-0.0421	0.0080		0.0095 i
43	C	-0.0085	0.0018		-0.0116	0.0017		0.0021 i
44	C	0.0707	0.0045		0.0775	0.0047		0.0020
45	G	0.7087	0.0369		0.6973	0.0365		0.0118
46	G	1.0955	0.0565		1.1103	0.0570		0.0176
47	U	0.9234	0.0358		0.9314	0.0361		0.0031
48	U	2.0171	0.0734		2.0611	0.0749		0.0018
49	U	3.0324	0.1104		2.9122	0.1062		0.0028
50	C	0.2649	0.0115		0.2807	0.0120		0.0021
51	G	0.0069	0.0039		0.0082	0.0039		0.0036 i
52	G	0.0531	0.0140		0.1200	0.0164		0.0121
53	C	0.0356	0.0058		0.0292	0.0056		0.0046 i
54	C	0.0064	0.0031		0.0204	0.0036		0.0028 i
55	G	0.0180	0.0040		0.0175	0.0040		0.0033 i
56	U	0.0119	0.0023		0.0183	0.0025		0.0019 i
57	A	0.0761	0.0041		0.0515	0.0032		0.0014
58	G	0.4003	0.0157		0.2329	0.0097		0.0014
59	A	0.5136	0.0201		0.3059	0.0127		0.0019
60	G	1.2621	0.0486		0.9668	0.0381		0.0038
61	G	1.6877	0.0679		1.8265	0.0728		0.0080
62	A	0.9617	0.0365		1.1854	0.0444		0.0023
63	A	0.3145	0.0121		0.4266	0.0161		0.0010
64	A	0.0511	0.0027		0.0586	0.0029		0.0009 i
65	G	0.1231	0.0067		0.1878	0.0090		0.0023
66	U	nan	nan		nan	nan		0.0222
67	C	0.1413	0.0064		0.1145	0.0055		0.0014
68	C	0.0675	0.0036		0.0329	0.0024		0.0012 i
69	A	0.6301	0.0241		0.0869	0.0048		0.0018
70	U	2.6390	0.0968		0.2712	0.0128		0.0031 i
71	G	0.5856	0.0260		0.0963	0.0087		0.0052
72	C	0.0092	0.0055		0.0347	0.0064		0.0052 i
73	U	0.1250	0.0086		0.1768	0.0104		0.0041
74	C	0.0773	0.0046		0.2067	0.0092		0.0019
75	G	-0.0575	0.0061		0.8125	0.0370		0.0082
76	C	-0.0221	0.0006		0.2388	0.0098		0.0014
77	A	-0.0161	0.0006		0.5119	0.0193		0.0011
78	C	-0.0121	0.0011		0.6923	0.0261		0.0015
79	G	0.1001	0.0139		0.2594	0.0195		0.0103
80	G	0.1507	0.0105		0.0552	0.0071		0.0052
81	U	4.9957	0.1803		0.3723	0.0163		0.0031
82	G	0.0572	0.0081		0.2114	0.0135		0.0060
83	C	0.0026	0.0020		0.2320	0.0102		0.0019
84	U	-0.0061	0.0025		0.7603	0.0297		0.0027
85	G	-0.0022	0.0024		1.0888	0.0412		0.0025
86	A	0.0263	0.0034		0.7388	0.0287		0.0025
87	G	0.0187	0.0022		0.1775	0.0078		0.0015
88	A	0.0713	0.0041		0.3170	0.0128		0.0016
89	U	1.1558	0.0431		1.4080	0.0521		0.0021
90	G	0.1209	0.0095		0.1207	0.0095		0.0052
91	C	0.0315	0.0094		-0.0098	0.0079		0.0083 i
92	C	0.0243	0.0026		0.0341	0.0030		0.0018 i
93	C	0.0649	0.0056		0.0615	0.0055		0.0033
94	G	0.1383	0.0097		0.4007	0.0190		0.0048
95	U	0.5493	0.0243		0.6668	0.0285		0.0048
96	A	0.3588	0.0149		0.3748	0.0154		0.0021
97	G	0.2147	0.0111		0.5747	0.0238		0.0034
98	U	0.4685	0.0205		1.7544	0.0661		0.0039
99	G	0.1068	0.0069		0.1786	0.0094		0.0031
100	U	0.0922	0.0077		0.1650	0.0103		0.0044
101	U	0.1080	0.0055		0.0950	0.0050		0.0016
102	C	0.1866	0.0085		0.0579	0.0039		0.0019
103	G	1.8282	0.0671		0.2256	0.0102		0.0022
104	U	3.8112	0.1386		0.5941	0.0245		0.0034 i
105	G	1.4334	0.0545		0.4057	0.0180		0.0036
106	G	0.3338	0.0188		0.4451	0.0227		0.0069
107	A	0.3117	0.0123		0.3330	0.0130		0.0012
108	A	0.0707	0.0031		0.2225	0.0085		0.0006
109	A	0.0077	0.0012		0.0512	0.0028		0.0010 i
110	C	0.0528	0.0036		0.1050	0.0054		0.0017
111	A	0.0232	0.0018		0.0436	0.0026		0.0010 i
112	C	0.0521	0.0036		0.0472	0.0035		0.0018 i
113	G	0.2112	0.0103		0.0624	0.0050		0.0028
114	A	0.2670	0.0108		0.0511	0.0032		0.0014
115	G	0.0559	0.0079		0.1175	0.0100		0.0059
116	C	0.0581	0.0048		0.1596	0.0084		0.0027
117	G	0.0591	0.0045		0.2041	0.0097		0.0024
118	A	0.1909	0.0086		0.8528	0.0320		0.0018
119	G	nan	nan		nan	nan		0.0402
120	A	0.7762	0.0287		0.6331	0.0236		0.0012
121	A	0.3028	0.0113		0.2758	0.0103		0.0005
122	A	0.7345	0.0285		0.5781	0.0230		0.0025
123	C	0.0880	0.0064		0.1200	0.0075		0.0032
124	C	0.0388	0.0030		0.0851	0.0046		0.0016
125	C	0.4959	0.0218		0.4803	0.0212		0.0042
126	A	0.4843	0.0184		0.5204	0.0197		0.0012
127	A	1.4530	0.0522		1.5907	0.0571		0.0007
128	A	0.5001	0.0185		0.4981	0.0184		0.0008
129	U	2.7836	0.1005		2.5768	0.0932		0.0018
130	G	0.9797	0.0363		0.9621	0.0357		0.0015
131	A	0.7468	0.0277		0.7817	0.0289		0.0012
132	U	1.9192	0.0700		1.8526	0.0676		0.0019
133	G	0.5155	0.0235		0.4561	0.0214		0.0052
134	G	0.3613	0.0161		0.3457	0.0155		0.0033
135	U	1.1688	0.0426		1.1229	0.0410		0.0012
136	A	0.5114	0.0194		0.5939	0.0223		0.0012
137	G	1.0305	0.0443		1.4751	0.0601		0.0077
138	G	0.2520	0.0187		0.3942	0.0237		0.0097
139	G	0.1328	0.0093		0.1741	0.0108		0.0046
140	G	0.3503	0.0237		0.3436	0.0235		0.0113
141	C	0.2588	0.0116		0.2081	0.0098		0.0024
142	A	1.7127	0.0622		1.1133	0.0409		0.0014
143	C	0.0308	0.0036		0.0406	0.0039		0.0025 i
144	C	0.0313	0.0073		0.2129	0.0138		0.0062
145	U	0.0654	0.0075		0.0756	0.0078		0.0051
146	U	0.1038	0.0143		0.1722	0.0168		0.0107
147	C	0.0117	0.0053		0.0125	0.0054		0.0049 i
148	C	0.0109	0.0017		0.0136	0.0018		0.0013 i
149	C	0.0281	0.0024		0.0351	0.0027		0.0014 i
150	G	0.0332	0.0026		0.0727	0.0040		0.0014 i
151	A	0.1157	0.0053		0.1512	0.0066		0.0012
152	A	0.1129	0.0057		0.1909	0.0085		0.0017
153	G	0.1165	0.0083		0.1526	0.0096		0.0042
154	G	0.1187	0.0071		0.2639	0.0122		0.0029
155	A	0.1829	0.0081		0.5191	0.0201		0.0016
156	A	0.3578	0.0134		1.0238	0.0370		0.0007
157	A	0.2805	0.0107		0.5674	0.0209		0.0007
158	U	0.8998	0.0349		1.8432	0.0684		0.0030
159	G	0.1720	0.0077		0.4761	0.0185		0.0016
160	A	0.0937	0.0046		0.3128	0.0123		0.0012
161	A	0.0392	0.0022		0.1245	0.0052		0.0008
162	C	0.0506	0.0035		0.1493	0.0070		0.0017
163	G	0.0996	0.0067		0.1494	0.0085		0.0032
164	G	0.2363	0.0112		0.2324	0.0111		0.0028
165	A	0.1735	0.0126		0.1476	0.0117		0.0064
166	G	-0.0006	0.0158		0.0027	0.0159		0.0158 i
167	G	0.0687	0.0187		0.0172	0.0168		0.0162 i
168	G	0.0855	0.0073		0.0672	0.0066		0.0042
169	A	0.0106	0.0021		0.0269	0.0027		0.0017 i
170	A	0.0418	0.0042		0.0491	0.0045		0.0028 i
171	G	0.0476	0.0063		0.0808	0.0074		0.0046
172	G	0.0508	0.0038		0.0917	0.0052		0.0020
173	A	0.0580	0.0036		0.1341	0.0063		0.0015
174	C	0.0130	0.0015		0.0544	0.0030		0.0011 i
175	A	0.0221	0.0030		0.0492	0.0040		0.0023 i
176	G	0.0766	0.0074		0.1428	0.0097		0.0047
177	G	0.0634	0.0114		0.1280	0.0137		0.0092
178	C	0.0990	0.0062		0.0883	0.0058		0.0026
179	G	0.1848	0.0120		0.1730	0.0116		0.0055
180	G	0.0162	0.0135		0.0647	0.0152		0.0129 i
181	C	0.3472	0.0177		0.3985	0.0196		0.0054
182	G	0.3563	0.0204		0.3768	0.0211		0.0077
183	C	0.2909	0.0116		0.3126	0.0124		0.0013
184	A	0.5737	0.0214		0.5751	0.0215		0.0011
185	U	3.5117	0.1280		3.2047	0.1171		0.0034
186	G	0.1106	0.0113		0.1523	0.0128		0.0074
187	C	0.0260	0.0043		0.0533	0.0052		0.0033 i
188	A	0.0687	0.0035		0.1154	0.0052		0.0011
189	G	0.0642	0.0077		0.0989	0.0090		0.0054
190	C	0.0174	0.0042		0.0354	0.0049		0.0036 i
191	C	0.0209	0.0043		0.0184	0.0042		0.0035 i
192	U	0.0690	0.0077		0.0972	0.0087		0.0053
193	G	0.1998	0.0096		0.2389	0.0110		0.0025
194	U	0.0975	0.0072		0.1261	0.0082		0.0037
195	A	0.2125	0.0093		0.2259	0.0097		0.0017
196	G	0.5312	0.0206		0.5724	0.0221		0.0018
197	A	0.4635	0.0178		0.4953	0.0189		0.0013
198	U	2.0264	0.0736		1.9971	0.0725		0.0017
199	A	0.2767	0.0110		0.2533	0.0102		0.0012
200	G	1.2311	0.0454		0.9506	0.0354		0.0017
201	A	0.6735	0.0250		0.5267	0.0198		0.0012
202	U	2.7672	0.1005		2.4014	0.0875		0.0023
203	G	0.0947	0.0053		0.1729	0.0081		0.0020
204	A	0.2707	0.0117		0.6155	0.0239		0.0021
205	U	0.5099	0.0209		1.3649	0.0513		0.0028
206	U	0.3705	0.0155		0.9170	0.0349		0.0024
207	A	0.1516	0.0064		0.2574	0.0102		0.0010
208	C	0.2242	0.0098		0.3061	0.0127		0.0018
209	C	1.1598	0.0425		0.5860	0.0221		0.0013
210	G	0.3021	0.0216		0.3642	0.0238		0.0109
211	C	0.0637	0.0048		0.0859	0.0056		0.0025
212	C	0.0996	0.0050		0.1957	0.0084		0.0014
213	G	0.2057	0.0139		0.2700	0.0162		0.0066
214	G	0.2782	0.0134		0.2938	0.0139		0.0035
215	A	0.0952	0.0055		0.1137	0.0062		0.0022
216	G	0.0747	0.0051		0.0636	0.0047		0.0024
217	U	0.1039	0.0069		0.1006	0.0068		0.0032
218	A	0.0381	0.0023		0.0440	0.0025		0.0010 i
219	C	0.1085	0.0051		0.1224	0.0056		0.0013
220	G	0.2497	0.0105		0.3320	0.0134		0.0016
221	A	0.0948	0.0056		0.0848	0.0053		0.0023
222	G	0.0896	0.0064		0.0950	0.0066		0.0032
223	G	0.0563	0.0159		0.0533	0.0158		0.0139 i
224	C	0.0751	0.0051		0.0735	0.0051		0.0025
225	G	0.0470	0.0130		0.0536	0.0132		0.0113 i
226	C	0.7491	0.0326		0.7296	0.0319		0.0060
227	A	3.1352	0.1129		3.0553	0.1100		0.0016
228	A	1.4784	0.0536		1.3844	0.0503		0.0012
229	A	0.1355	0.0056		0.1445	0.0059		0.0008
230	G	0.1206	0.0087		0.1363	0.0093		0.0045
231	C	0.8765	0.0339		0.8536	0.0331		0.0028
232	C	0.0609	0.0037		0.0596	0.0037		0.0016
233	G	0.0666	0.0103		0.0908	0.0112		0.0079
234	C	0.8279	0.0356		0.9987	0.0416		0.0062
235	U	0.2494	0.0124		0.2881	0.0138		0.0036
236	U	0.5372	0.0218		0.5812	0.0233		0.0027
237	G	3.0009	0.1157		2.8276	0.1095		0.0092
238	C	0.3732	0.0158		0.3183	0.0138		0.0025
239	A	0.4751	0.0187		0.4371	0.0174		0.0019
240	G	0.0566	0.0045		0.0543	0.0044		0.0025 i
241	U	0.0540	0.0043		0.0683	0.0048		0.0024
242	A	0.0098	0.0010		0.0185	0.0013		0.0007 i
243	C	0.0573	0.0033		0.0721	0.0038		0.0012
244	G	0.0934	0.0043		0.1209	0.0053		0.0010
245	A	0.2878	0.0113		0.2728	0.0108		0.0011
246	A	0.0919	0.0048		0.1271	0.0061		0.0016
247	G	0.3665	0.0217		0.3511	0.0212		0.0087
248	G	0.1466	0.0120		0.1500	0.0122		0.0068
249	U	0.2623	0.0128		0.3274	0.0151		0.0035
250	A	0.3670	0.0142		0.4143	0.0159		0.0012
251	C	0.7878	0.0291		0.9358	0.0344		0.0012
252	A	0.2939	0.0118		0.3001	0.0121		0.0014
253	G	0.3204	0.0129		0.1885	0.0082		0.0016
254	A	0.1379	0.0058		0.0827	0.0038		0.0009
255	A	0.1222	0.0051		0.0766	0.0035		0.0008
256	C	0.4512	0.0168		0.1886	0.0075		0.0008
257	A	0.5714	0.0212		0.2417	0.0095		0.0009
258	U	1.1440	0.0431		0.4520	0.0185		0.0025
259	G	0.5597	0.0234		0.2260	0.0116		0.0036
260	G	0.1379	0.0128		0.1337	0.0126		0.0079
261	C	0.2530	0.0112		0.2109	0.0097		0.0022
262	U	1.1827	0.0445		1.1933	0.0449		0.0025
263	U	0.8486	0.0317		0.8993	0.0335		0.0016
264	A	1.4891	0.0539		1.7262	0.0623		0.0011
265	U	2.0741	0.0750		2.3154	0.0836		0.0014
266	A	0.2994	0.0117		0.3225	0.0125		0.0011
267	G	0.0605	0.0040		0.0600	0.0040		0.0019
268	A	0.0171	0.0018		0.0214	0.0020		0.0012 i
269	G	0.1182	0.0104		0.0917	0.0094		0.0062
270	C	0.0114	0.0017		0.0224	0.0021		0.0013 i
271	A	0.0184	0.0017		0.0252	0.0019		0.0010 i
272	U	0.0784	0.0064		0.0883	0.0068		0.0037
273	G	0.0236	0.0029		0.0247	0.0030		0.0021 i
274	A	0.0524	0.0044		0.0417	0.0040		0.0025 i
275	U	0.0678	0.0056		0.0713	0.0057		0.0032
276	U	0.0560	0.0034		0.0560	0.0034		0.0014 i
277	A	0.0080	0.0010		0.0099	0.0011		0.0008 i
278	A	0.0104	0.0013		0.0132	0.0014		0.0010 i
279	C	0.1245	0.0059		0.1126	0.0055		0.0015
280	G	0.5443	0.0213		0.5237	0.0206		0.0020
281	U	0.3535	0.0219		0.3613	0.0221		0.0093
282	C	0.9764	0.0358		0.9921	0.0363		0.0011
283	U	1.1077	0.0443		1.1383	0.0453		0.0049
284	C	1.6271	0.0591		1.5863	0.0577		0.0014
285	G	0.0368	0.0029		0.0344	0.0028		0.0016 i
286	A	-0.0033	0.0035		0.0076	0.0039		0.0036 i
287	U	0.0734	0.0091		0.0763	0.0092		0.0065
288	C	0.0058	0.0021		0.0117	0.0023		0.0019 i
289	C	0.0223	0.0022		0.0218	0.0022		0.0014 i
290	G	0.0981	0.0091		0.1259	0.0101		0.0056
291	G	0.0866	0.0071		0.1005	0.0076		0.0040
292	U	0.1104	0.0060		0.1163	0.0062		0.0021
293	U	0.2750	0.0120		0.2537	0.0112		0.0022
294	C	2.2028	0.0796		2.2269	0.0804		0.0014
295	G	1.0090	0.0412		1.0890	0.0440		0.0054
296	C	0.0437	0.0037		0.0409	0.0036		0.0022 i
297	C	0.0173	0.0021		0.0244	0.0023		0.0015 i
298	G	0.0478	0.0056		0.0561	0.0059		0.0039 i
299	G	0.0456	0.0041		0.0508	0.0043		0.0025 i
300	A	0.0051	0.0012		0.0118	0.0015		0.0010 i
301	U	0.1837	0.0173		0.2139	0.0183		0.0108
302	C	0.0631	0.0041		0.0636	0.0041		0.0018
303	C	0.1241	0.0101		0.1119	0.0097		0.0057
304	A	0.6221	0.0241		0.6239	0.0242		0.0021
305	A	0.6971	0.0253		0.7159	0.0259		0.0005
306	A	0.2082	0.0079		0.2168	0.0082		0.0005
307	U	0.7196	0.0264		0.7315	0.0268		0.0009
308	C	0.3225	0.0140		0.3371	0.0145		0.0026
309	G	nan	nan		nan	nan		0.0000
310	G	nan	nan		nan	nan		0.0000
311	G	nan	nan		nan	nan		0.0000
312	C	nan	nan		nan	nan		0.0000
313	U	nan	nan		nan	nan		0.0000
314	U	nan	nan		nan	nan		0.0000
315	C	nan	nan		nan	nan		0.0000
316	G	nan	nan		nan	nan		0.0000
317	G	nan	nan		nan	nan		0.0000
318	U	nan	nan		nan	nan		0.0000
319	C	nan	nan		nan	nan		0.0000
320	C	nan	nan		nan	nan		0.0000
321	G	nan	nan		nan	nan		0.0000
322	G	nan	nan		nan	nan		0.0000
323	U	nan	nan		nan	nan		0.0000
324	U	nan	nan		nan	nan		0.0000
325	C	nan	nan		nan	nan		0.0000
