1 components; BIC=20690128.3
p 1.000
Nt	Seq	nReact	Raw		Background
1	G	nan	nan		0.0000
2	G	nan	nan		0.0000
3	C	nan	nan		0.0000
4	C	nan	nan		0.0000
5	U	nan	nan		0.0000
6	U	nan	nan		0.0000
7	C	nan	nan		0.0000
8	G	nan	nan		0.0000
9	G	nan	nan		0.0000
10	G	nan	nan		0.0000
11	C	nan	nan		0.0000
12	C	nan	nan		0.0000
13	A	nan	nan		0.0000
14	A	nan	nan		0.0000
15	G	0.0400	0.0039		0.0032 i
16	U	0.2884	0.0189		0.0138
17	U	0.1013	0.0035		0.0017 i
18	A	0.0246	0.0013		0.0008 i
19	A	0.0262	0.0012		0.0007 i
20	U	0.1077	0.0052		0.0033 i
21	C	0.0224	0.0015		0.0011 i
22	A	0.0259	0.0017		0.0013 i
23	U	0.0997	0.0048		0.0030 i
24	G	0.0564	0.0058		0.0048 i
25	C	0.0218	0.0024		0.0020 i
26	U	0.0595	0.0031		0.0020 i
27	C	0.0796	0.0042		0.0028 i
28	G	0.3442	0.0137		0.0076
29	G	0.2535	0.0147		0.0102
30	G	0.0450	0.0044		0.0036 i
31	U	0.0860	0.0044		0.0028 i
32	A	0.0147	0.0010		0.0007 i
33	A	0.0367	0.0014		0.0008 i
34	U	0.1636	0.0079		0.0050
35	C	0.0345	0.0018		0.0012 i
36	G	0.1788	0.0118		0.0086
37	C	0.0269	0.0024		0.0020 i
38	U	0.0360	0.0033		0.0026 i
39	G	0.0687	0.0073		0.0061 i
40	C	0.0046	0.0035		0.0034 i
41	G	0.0029	0.0038		0.0037 i
42	G	-0.1410	0.0070		0.0095 i
43	C	-0.0357	0.0015		0.0021 i
44	C	0.1619	0.0049		0.0020
45	G	1.3194	0.0354		0.0118
46	G	2.2592	0.0580		0.0176
47	U	1.9751	0.0384		0.0031
48	U	4.5108	0.0824		0.0018
49	U	7.3268	0.1338		0.0028
50	C	0.5040	0.0111		0.0021
51	G	-0.0156	0.0034		0.0036 i
52	G	0.0721	0.0134		0.0121 i
53	C	0.0065	0.0047		0.0046 i
54	C	-0.0015	0.0028		0.0028 i
55	G	0.0295	0.0039		0.0033 i
56	U	0.0197	0.0022		0.0019 i
57	A	0.0145	0.0016		0.0014 i
58	G	0.0617	0.0025		0.0014 i
59	A	0.0769	0.0033		0.0019 i
60	G	0.2085	0.0076		0.0038
61	G	2.4873	0.0525		0.0080
62	A	0.0800	0.0038		0.0023 i
63	A	0.0303	0.0015		0.0010 i
64	A	0.0151	0.0011		0.0009 i
65	G	0.0295	0.0028		0.0023 i
66	U	nan	nan		0.0222
67	C	0.0450	0.0022		0.0014 i
68	C	0.0062	0.0013		0.0012 i
69	A	0.0655	0.0029		0.0018 i
70	U	0.2395	0.0074		0.0031
71	G	0.1571	0.0080		0.0052
72	C	-0.0364	0.0046		0.0052 i
73	U	0.0882	0.0057		0.0041 i
74	C	0.0123	0.0021		0.0019 i
75	G	0.0681	0.0094		0.0082 i
76	C	-0.0044	0.0013		0.0014 i
77	A	0.0204	0.0015		0.0011 i
78	C	0.0309	0.0021		0.0015 i
79	G	0.1560	0.0131		0.0103
80	G	0.1678	0.0082		0.0052
81	U	9.7102	0.1766		0.0031
82	G	0.1077	0.0080		0.0060 i
83	C	0.0012	0.0019		0.0019 i
84	U	0.0127	0.0030		0.0027 i
85	G	0.0178	0.0028		0.0025 i
86	A	0.0742	0.0038		0.0025 i
87	G	0.0396	0.0023		0.0015 i
88	A	0.0237	0.0020		0.0016 i
89	U	2.8037	0.0522		0.0021
90	G	0.1300	0.0075		0.0052
91	C	-0.0322	0.0077		0.0083 i
92	C	0.0249	0.0022		0.0018 i
93	C	0.0419	0.0041		0.0033 i
94	G	0.1386	0.0073		0.0048
95	U	0.2672	0.0096		0.0048
96	A	0.7311	0.0152		0.0021
97	G	0.7012	0.0160		0.0034
98	U	2.6530	0.0513		0.0039
99	G	0.6850	0.0153		0.0031
100	U	1.1953	0.0258		0.0044
101	U	0.4146	0.0090		0.0016
102	C	0.2036	0.0055		0.0019
103	G	2.2327	0.0421		0.0022
104	U	4.4767	0.0834		0.0034
105	G	1.9175	0.0379		0.0036
106	G	0.6368	0.0183		0.0069
107	A	0.5489	0.0110		0.0012
108	A	0.1688	0.0036		0.0006
109	A	0.0366	0.0016		0.0010 i
110	C	0.0225	0.0021		0.0017 i
111	A	0.0144	0.0013		0.0010 i
112	C	0.0343	0.0024		0.0018 i
113	G	0.2262	0.0068		0.0028
114	A	0.2305	0.0055		0.0014
115	G	0.1902	0.0093		0.0059
116	C	0.0496	0.0036		0.0027 i
117	G	0.0292	0.0030		0.0024 i
118	A	0.0563	0.0028		0.0018 i
119	G	nan	nan		0.0402
120	A	0.2779	0.0061		0.0012
121	A	0.1290	0.0028		0.0005
122	A	0.4021	0.0097		0.0025
123	C	0.0016	0.0033		0.0032 i
124	C	-0.0067	0.0015		0.0016 i
125	C	0.6554	0.0159		0.0042
126	A	0.4766	0.0097		0.0012
127	A	1.9615	0.0357		0.0007
128	A	0.8186	0.0154		0.0008
129	U	5.5672	0.1013		0.0018
130	G	2.9095	0.0535		0.0015
131	A	1.6096	0.0299		0.0012
132	U	4.4924	0.0822		0.0019
133	G	2.6133	0.0519		0.0052
134	G	2.0296	0.0395		0.0033
135	U	4.9197	0.0891		0.0012
136	A	1.4565	0.0273		0.0012
137	G	0.2380	0.0120		0.0077
138	G	0.1948	0.0132		0.0097
139	G	0.1106	0.0066		0.0046 i
140	G	0.2726	0.0162		0.0113
141	C	0.0660	0.0036		0.0024 i
142	A	0.1609	0.0043		0.0014
143	C	0.0406	0.0032		0.0025 i
144	C	0.0492	0.0071		0.0062 i
145	U	0.1167	0.0072		0.0051
146	U	0.2546	0.0152		0.0107
147	C	0.0181	0.0052		0.0049 i
148	C	0.0298	0.0019		0.0013 i
149	C	0.0468	0.0023		0.0014 i
150	G	0.0224	0.0018		0.0014 i
151	A	0.0492	0.0021		0.0012 i
152	A	0.0658	0.0029		0.0017 i
153	G	0.0690	0.0054		0.0042 i
154	G	0.0390	0.0036		0.0029 i
155	A	0.0528	0.0026		0.0016 i
156	A	0.0585	0.0017		0.0007 i
157	A	0.2464	0.0051		0.0007
158	U	0.9109	0.0192		0.0030
159	G	0.0336	0.0022		0.0016 i
160	A	0.0079	0.0014		0.0012 i
161	A	0.0148	0.0011		0.0008 i
162	C	0.0037	0.0018		0.0017 i
163	G	0.0811	0.0046		0.0032 i
164	G	0.1648	0.0058		0.0028
165	A	0.1763	0.0096		0.0064
166	G	-0.1661	0.0128		0.0158 i
167	G	-0.0465	0.0154		0.0162 i
168	G	0.0647	0.0054		0.0042 i
169	A	0.0206	0.0021		0.0017 i
170	A	0.0723	0.0040		0.0028 i
171	G	0.1162	0.0067		0.0046
172	G	0.0430	0.0028		0.0020 i
173	A	0.0341	0.0021		0.0015 i
174	C	-0.0044	0.0010		0.0011 i
175	A	0.0257	0.0027		0.0023 i
176	G	0.0260	0.0051		0.0047 i
177	G	0.0914	0.0108		0.0092 i
178	C	0.1700	0.0057		0.0026
179	G	0.3507	0.0117		0.0055
180	G	0.1142	0.0150		0.0129
181	C	1.2022	0.0269		0.0054
182	G	0.7058	0.0203		0.0077
183	C	0.5400	0.0110		0.0013
184	A	1.1562	0.0217		0.0011
185	U	7.4737	0.1370		0.0034
186	G	0.1968	0.0109		0.0074
187	C	0.0498	0.0042		0.0033 i
188	A	0.1325	0.0035		0.0011
189	G	0.1320	0.0078		0.0054
190	C	0.0354	0.0042		0.0036 i
191	C	0.0108	0.0037		0.0035 i
192	U	0.1117	0.0073		0.0053 i
193	G	0.0974	0.0042		0.0025 i
194	U	0.0207	0.0041		0.0037 i
195	A	0.0264	0.0022		0.0017 i
196	G	0.1090	0.0037		0.0018 i
197	A	0.1012	0.0032		0.0013 i
198	U	4.7263	0.0861		0.0017
199	A	2.0052	0.0370		0.0012
200	G	0.6154	0.0127		0.0017
201	A	0.0823	0.0026		0.0012 i
202	U	0.3190	0.0080		0.0023
203	G	0.0248	0.0024		0.0020 i
204	A	0.0829	0.0036		0.0021 i
205	U	0.1031	0.0047		0.0028 i
206	U	0.0909	0.0040		0.0024 i
207	A	0.0315	0.0016		0.0010 i
208	C	0.0284	0.0023		0.0018 i
209	C	0.0833	0.0028		0.0013 i
210	G	0.2604	0.0155		0.0109
211	C	0.0328	0.0031		0.0025 i
212	C	0.0698	0.0027		0.0014 i
213	G	0.1859	0.0099		0.0066
214	G	0.3961	0.0106		0.0035
215	A	0.1511	0.0049		0.0022
216	G	0.0843	0.0039		0.0024 i
217	U	0.1119	0.0052		0.0032 i
218	A	0.0155	0.0012		0.0010 i
219	C	0.0605	0.0024		0.0013 i
220	G	0.2295	0.0057		0.0016
221	A	0.0850	0.0038		0.0023 i
222	G	0.1182	0.0053		0.0032
223	G	-0.0411	0.0131		0.0139 i
224	C	0.0548	0.0034		0.0025 i
225	G	-0.0019	0.0113		0.0113 i
226	C	1.4402	0.0317		0.0060
227	A	7.5935	0.1373		0.0016
228	A	3.7040	0.0674		0.0012
229	A	0.3317	0.0067		0.0008
230	G	0.2470	0.0089		0.0045
231	C	1.9270	0.0373		0.0028
232	C	0.0743	0.0029		0.0016 i
233	G	0.0208	0.0083		0.0079 i
234	C	1.8970	0.0401		0.0062
235	U	0.2340	0.0078		0.0036
236	U	0.6439	0.0142		0.0027
237	G	7.0918	0.1359		0.0092
238	C	0.6083	0.0134		0.0025
239	A	1.2697	0.0246		0.0019
240	G	0.0660	0.0037		0.0025 i
241	U	0.0782	0.0038		0.0024 i
242	A	0.0090	0.0008		0.0007 i
243	C	0.0371	0.0019		0.0012 i
244	G	0.0309	0.0015		0.0010 i
245	A	0.1397	0.0036		0.0011
246	A	0.1297	0.0039		0.0016
247	G	0.3681	0.0153		0.0087
248	G	0.2229	0.0108		0.0068
249	U	0.8584	0.0188		0.0035
250	A	0.0650	0.0023		0.0012 i
251	C	0.1020	0.0030		0.0012 i
252	A	0.0642	0.0026		0.0014 i
253	G	0.0744	0.0029		0.0016 i
254	A	0.1973	0.0044		0.0009
255	A	0.5129	0.0100		0.0008
256	C	0.0203	0.0012		0.0008 i
257	A	0.0386	0.0016		0.0009 i
258	U	0.1283	0.0048		0.0025
259	G	0.1037	0.0054		0.0036 i
260	G	0.1868	0.0112		0.0079
261	C	0.0512	0.0031		0.0022 i
262	U	0.1920	0.0060		0.0025
263	U	0.1368	0.0041		0.0016
264	A	0.1981	0.0046		0.0011
265	U	0.2852	0.0065		0.0014
266	A	0.1987	0.0046		0.0011
267	G	0.0559	0.0029		0.0019 i
268	A	0.0321	0.0018		0.0012 i
269	G	0.1681	0.0092		0.0062
270	C	0.0169	0.0016		0.0013 i
271	A	0.0342	0.0016		0.0010 i
272	U	0.1322	0.0060		0.0037
273	G	0.0412	0.0028		0.0021 i
274	A	0.0707	0.0038		0.0025 i
275	U	0.1104	0.0052		0.0032 i
276	U	0.0844	0.0029		0.0014 i
277	A	0.0074	0.0009		0.0008 i
278	A	0.0144	0.0012		0.0010 i
279	C	0.1692	0.0045		0.0015
280	G	1.3817	0.0267		0.0020
281	U	0.7720	0.0231		0.0093
282	C	2.3454	0.0430		0.0011
283	U	2.5183	0.0500		0.0049
284	C	3.2200	0.0589		0.0014
285	G	0.0489	0.0025		0.0016 i
286	A	-0.0659	0.0024		0.0036 i
287	U	0.0936	0.0082		0.0065 i
288	C	-0.0078	0.0018		0.0019 i
289	C	0.0217	0.0018		0.0014 i
290	G	0.1523	0.0083		0.0056
291	G	0.1777	0.0072		0.0040
292	U	0.2396	0.0064		0.0021
293	U	0.5745	0.0125		0.0022
294	C	4.7811	0.0869		0.0014
295	G	2.3805	0.0479		0.0054
296	C	0.0638	0.0033		0.0022 i
297	C	0.0259	0.0019		0.0015 i
298	G	0.0597	0.0050		0.0039 i
299	G	0.0595	0.0035		0.0025 i
300	A	0.0180	0.0014		0.0010 i
301	U	0.2771	0.0157		0.0108
302	C	0.1176	0.0039		0.0018
303	C	0.2695	0.0105		0.0057
304	A	0.9960	0.0199		0.0021
305	A	1.0916	0.0201		0.0005
306	A	0.2919	0.0057		0.0005
307	U	1.0676	0.0199		0.0009
308	C	0.2841	0.0076		0.0026
309	G	nan	nan		0.0000
310	G	nan	nan		0.0000
311	G	nan	nan		0.0000
312	C	nan	nan		0.0000
313	U	nan	nan		0.0000
314	U	nan	nan		0.0000
315	C	nan	nan		0.0000
316	G	nan	nan		0.0000
317	G	nan	nan		0.0000
318	U	nan	nan		0.0000
319	C	nan	nan		0.0000
320	C	nan	nan		0.0000
321	G	nan	nan		0.0000
322	G	nan	nan		0.0000
323	U	nan	nan		0.0000
324	U	nan	nan		0.0000
325	C	nan	nan		0.0000
