Nucleotide	Sequence	Modified_mutations	Modified_read_depth	Modified_effective_depth	Modified_rate	Modified_off_target_mapped_depth	Modified_low_mapq_mapped_depth	Modified_primer_pair_1_mapped_depth	Untreated_mutations	Untreated_read_depth	Untreated_effective_depth	Untreated_rate	Untreated_off_target_mapped_depth	Untreated_low_mapq_mapped_depth	Untreated_primer_pair_1_mapped_depth	Denatured_mutations	Denatured_read_depth	Denatured_effective_depth	Denatured_rate	Denatured_off_target_mapped_depth	Denatured_low_mapq_mapped_depth	Denatured_primer_pair_1_mapped_depth	Reactivity_profile	Std_err	HQ_profile	HQ_stderr	Norm_profile	Norm_stderr
1	g	0	5949298	0	nan	267960	1651	5949298	0	762918	0	nan	36084	130	762918	0	0	0	nan	0	0	0	nan	nan	nan	nan	nan	nan
2	g	0	5959910	0	nan	268196	1653	5959910	0	764167	0	nan	36126	130	764167	0	0	0	nan	0	0	0	nan	nan	nan	nan	nan	nan
3	c	0	5967961	0	nan	268334	1656	5967961	0	764809	0	nan	36141	130	764809	0	0	0	nan	0	0	0	nan	nan	nan	nan	nan	nan
4	c	0	5972643	0	nan	268432	1656	5972643	0	765146	0	nan	36150	130	765146	0	0	0	nan	0	0	0	nan	nan	nan	nan	nan	nan
5	u	0	5975419	0	nan	268454	1658	5975419	0	765170	0	nan	36150	131	765170	0	0	0	nan	0	0	0	nan	nan	nan	nan	nan	nan
6	u	0	5977369	0	nan	268462	1658	5977369	0	765247	0	nan	36151	131	765247	0	0	0	nan	0	0	0	nan	nan	nan	nan	nan	nan
7	c	0	5978278	0	nan	268469	1661	5978278	0	765315	0	nan	36151	131	765315	0	0	0	nan	0	0	0	nan	nan	nan	nan	nan	nan
8	g	0	5979342	0	nan	268474	1662	5979342	0	765353	0	nan	36151	131	765353	0	0	0	nan	0	0	0	nan	nan	nan	nan	nan	nan
9	g	0	5980427	0	nan	268481	1663	5980427	0	765375	0	nan	36151	131	765375	0	0	0	nan	0	0	0	nan	nan	nan	nan	nan	nan
10	g	0	5981469	0	nan	268483	1664	5981469	0	765408	0	nan	36152	131	765408	0	0	0	nan	0	0	0	nan	nan	nan	nan	nan	nan
11	c	0	5982332	0	nan	268489	1665	5982332	0	765440	0	nan	36152	131	765440	0	0	0	nan	0	0	0	nan	nan	nan	nan	nan	nan
12	c	0	5982404	0	nan	268920	1665	5982357	0	765449	0	nan	36155	131	765440	0	0	0	nan	0	0	0	nan	nan	nan	nan	nan	nan
13	a	0	5982612	0	nan	269336	1666	5982440	0	765480	0	nan	36157	131	765440	0	0	0	nan	0	0	0	nan	nan	nan	nan	nan	nan
14	a	0	5982718	0	nan	269572	1666	5982464	0	765500	0	nan	36159	131	765440	0	0	0	nan	0	0	0	nan	nan	nan	nan	nan	nan
15	G	9439	5982759	5854573	0.001612	269861	1666	5982481	1674	765504	709083	0.002361	36168	131	765440	0	0	0	nan	0	0	0	-0.000749	0.000060	-0.000749	0.000060	-0.017969	0.001439
16	U	17189	5982809	5914659	0.002906	270205	1666	5982504	6370	765522	719407	0.008855	36173	131	765440	0	0	0	nan	0	0	0	-0.005948	0.000113	-0.005948	0.000113	-0.142695	0.002711
17	U	5430	5982837	5885941	0.000923	270562	1666	5982526	839	765529	724590	0.001158	36176	131	765441	0	0	0	nan	0	0	0	-0.000235	0.000042	-0.000235	0.000042	-0.005638	0.001008
18	A	18426	5982862	5809459	0.003172	270860	1667	5982544	628	765544	729105	0.000861	36183	131	765443	0	0	0	nan	0	0	0	0.002310	0.000042	0.002310	0.000042	0.055418	0.001008
19	A	47439	5982881	5842171	0.008120	271065	1668	5982556	374	765547	722728	0.000517	36183	131	765444	0	0	0	nan	0	0	0	0.007603	0.000046	0.007603	0.000046	0.182399	0.001104
20	U	6347	5982920	5852684	0.001084	271302	1668	5982570	1616	765547	730906	0.002211	36188	131	765444	0	0	0	nan	0	0	0	-0.001126	0.000057	-0.001126	0.000057	-0.027013	0.001367
21	C	7340	5982977	5866388	0.001251	271554	1669	5982607	488	765557	717300	0.000680	36190	131	765444	0	0	0	nan	0	0	0	0.000571	0.000034	0.000571	0.000034	0.013699	0.000816
22	A	25320	5983009	5856009	0.004324	271816	1670	5982629	830	765558	718137	0.001156	36194	131	765444	0	0	0	nan	0	0	0	0.003168	0.000048	0.003168	0.000048	0.076002	0.001152
23	U	5852	5983036	5822198	0.001005	272100	1674	5982650	1579	765560	709892	0.002224	36196	131	765444	0	0	0	nan	0	0	0	-0.001219	0.000057	-0.001219	0.000057	-0.029244	0.001367
24	G	20015	5982142	5802608	0.003449	272426	1683	5981751	2807	765076	721161	0.003892	36197	131	764958	0	0	0	nan	0	0	0	-0.000443	0.000077	-0.000443	0.000077	-0.010628	0.001847
25	C	8961	5981010	5752103	0.001558	272599	1688	5980613	1054	765002	728269	0.001447	36197	131	764880	0	0	0	nan	0	0	0	0.000111	0.000048	0.000111	0.000048	0.002663	0.001152
26	U	10636	5978977	5410691	0.001966	272785	1687	5978574	1173	764881	742620	0.001580	36197	131	764756	0	0	0	nan	0	0	0	0.000386	0.000050	0.000386	0.000050	0.009260	0.001200
27	C	12488	5981475	5322553	0.002346	272931	1685	5981063	1174	764767	737205	0.001593	36198	131	764639	0	0	0	nan	0	0	0	0.000754	0.000051	0.000754	0.000051	0.018089	0.001224
28	G	151266	5972272	5123842	0.029522	273034	1681	5971848	4208	764175	737800	0.005703	36199	131	764041	0	0	0	nan	0	0	0	0.023819	0.000116	0.023819	0.000116	0.571427	0.002783
29	G	38442	5947098	4933127	0.007793	273148	1670	5946664	4831	763861	732348	0.006597	36200	131	763726	0	0	0	nan	0	0	0	0.001196	0.000103	0.001196	0.000103	0.028692	0.002471
30	G	35104	5930085	4815431	0.007290	272997	1666	5929645	2070	763311	714162	0.002899	36185	131	763159	0	0	0	nan	0	0	0	0.004391	0.000075	0.004391	0.000075	0.105342	0.001799
31	U	16456	5922579	4732929	0.003477	272997	1643	5922134	1395	762493	705410	0.001978	36184	129	762339	0	0	0	nan	0	0	0	0.001499	0.000059	0.001499	0.000059	0.035962	0.001415
32	A	26303	5912401	4574765	0.005750	259643	1638	5911954	553	762058	703856	0.000786	35626	129	761903	0	0	0	nan	0	0	0	0.004964	0.000049	0.004964	0.000049	0.119088	0.001176
33	A	65848	5893201	4381385	0.015029	259689	1631	5892747	413	761183	714814	0.000578	35631	129	761027	0	0	0	nan	0	0	0	0.014451	0.000065	0.014451	0.000065	0.346685	0.001559
34	U	14088	5882394	4130673	0.003411	259768	1627	5881930	2412	759929	713490	0.003381	35635	129	759773	0	0	0	nan	0	0	0	0.000030	0.000075	0.000030	0.000075	0.000720	0.001799
35	C	14813	5877187	3939467	0.003760	259799	1625	5876716	544	758986	709404	0.000767	35635	129	758829	0	0	0	nan	0	0	0	0.002993	0.000045	0.002993	0.000045	0.071803	0.001080
36	G	246856	5866631	4106095	0.060119	259916	1622	5866151	5032	757449	706912	0.007118	35635	128	757289	0	0	0	nan	0	0	0	0.053001	0.000157	0.053001	0.000157	1.271514	0.003766
37	C	15875	5854415	4023732	0.003945	259957	1608	5853929	987	756081	703234	0.001404	35637	128	755919	0	0	0	nan	0	0	0	0.002542	0.000055	0.002542	0.000055	0.060984	0.001319
38	U	8810	5847650	4016640	0.002193	260026	1602	5847153	1336	755361	700190	0.001908	35639	126	755198	0	0	0	nan	0	0	0	0.000285	0.000057	0.000285	0.000057	0.006837	0.001367
39	G	19211	5844232	4001763	0.004801	260141	1601	5843716	3119	754753	697969	0.004469	35640	125	754585	0	0	0	nan	0	0	0	0.000332	0.000087	0.000332	0.000087	0.007965	0.002087
40	C	6396	5839534	4016336	0.001592	260172	1599	5839004	1795	754390	699757	0.002565	35638	125	754215	0	0	0	nan	0	0	0	-0.000973	0.000064	-0.000973	0.000064	-0.023343	0.001535
41	G	14978	5833799	3987544	0.003756	260255	1596	5833263	1913	753933	700462	0.002731	35641	125	753756	0	0	0	nan	0	0	0	0.001025	0.000070	0.001025	0.000070	0.024590	0.001679
42	G	34571	5841999	3977138	0.008692	260311	1592	5841449	9427	753491	706186	0.013349	35644	124	753311	0	0	0	nan	0	0	0	-0.004657	0.000145	-0.004657	0.000145	-0.111723	0.003479
43	C	13874	5838957	3967057	0.003497	260329	1585	5838367	1443	753246	714370	0.002020	35643	124	753063	0	0	0	nan	0	0	0	0.001477	0.000061	0.001477	0.000061	0.035434	0.001463
44	C	8657	5836440	3953983	0.002189	260364	1583	5835833	1120	753005	711155	0.001575	35648	124	752820	0	0	0	nan	0	0	0	0.000615	0.000053	0.000615	0.000053	0.014754	0.001271
45	G	130120	5831636	3743234	0.034761	260420	1577	5831025	6339	752547	711130	0.008914	35650	123	752362	0	0	0	nan	0	0	0	0.025847	0.000148	0.025847	0.000148	0.620079	0.003551
46	G	306554	5828369	3857498	0.079470	260656	1574	5827743	9905	752397	682694	0.014509	35651	122	752212	0	0	0	nan	0	0	0	0.064961	0.000205	0.064961	0.000205	1.558439	0.004918
47	U	71501	5825532	3789707	0.018867	260786	1571	5824887	2348	752480	683475	0.003435	35649	121	752293	0	0	0	nan	0	0	0	0.015432	0.000100	0.015432	0.000100	0.370220	0.002399
48	U	212610	5821161	3869625	0.054943	260531	1568	5820492	921	752163	683686	0.001347	35587	121	751973	0	0	0	nan	0	0	0	0.053596	0.000127	0.053596	0.000127	1.285788	0.003047
49	U	274839	5813483	3940850	0.069741	102780	1267	5812909	3356	749129	709534	0.004730	16365	76	748955	0	0	0	nan	0	0	0	0.065011	0.000156	0.065011	0.000156	1.559638	0.003742
50	C	36832	5810249	3980032	0.009254	103423	1262	5809628	1160	749717	704917	0.001646	16360	76	748687	0	0	0	nan	0	0	0	0.007609	0.000068	0.007609	0.000068	0.182543	0.001631
51	G	22694	5803035	3988866	0.005689	103567	1251	5802275	2411	746807	702299	0.003433	15986	74	745780	0	0	0	nan	0	0	0	0.002256	0.000079	0.002256	0.000079	0.054122	0.001895
52	G	49307	5797867	3982525	0.012381	91287	1237	5797154	6878	745310	698488	0.009847	14491	69	744280	0	0	0	nan	0	0	0	0.002534	0.000131	0.002534	0.000131	0.060792	0.003143
53	C	36172	5794295	3974593	0.009101	83946	1209	5793586	3315	744249	705947	0.004696	13591	68	743213	0	0	0	nan	0	0	0	0.004405	0.000095	0.004405	0.000095	0.105678	0.002279
54	C	9419	5790222	3990464	0.002360	78049	1275	5789495	1700	742836	705941	0.002408	12671	65	741806	0	0	0	nan	0	0	0	-0.000048	0.000063	-0.000048	0.000063	-0.001152	0.001511
55	G	7999	5785029	3982553	0.002009	72188	1284	5784324	1768	740020	685185	0.002580	11909	59	738988	0	0	0	nan	0	0	0	-0.000572	0.000065	-0.000572	0.000065	-0.013722	0.001559
56	U	3870	5782359	3969971	0.000975	69647	1257	5781667	947	739003	678525	0.001396	11581	57	737970	0	0	0	nan	0	0	0	-0.000421	0.000048	-0.000421	0.000048	-0.010100	0.001152
57	A	8920	5780712	3971340	0.002246	69068	1255	5780012	674	738576	677802	0.000994	11491	57	737536	0	0	0	nan	0	0	0	0.001252	0.000045	0.001252	0.000045	0.030036	0.001080
58	G	326925	5779475	4205773	0.077732	68545	1250	5778771	797	738165	686632	0.001161	11400	56	737115	0	0	0	nan	0	0	0	0.076572	0.000142	0.076572	0.000142	1.836991	0.003407
59	A	2487094	5777641	4644765	0.535462	68885	1251	5776926	1012	737921	690113	0.001466	11339	55	736862	0	0	0	nan	0	0	0	0.533995	0.000343	0.533995	0.000343	12.810742	0.008229
60	G	50711	5778126	5302022	0.009564	71015	1252	5777340	2578	737758	694181	0.003714	11330	55	736692	0	0	0	nan	0	0	0	0.005851	0.000085	0.005851	0.000085	0.140368	0.002039
61	G	67158	5776813	5282583	0.012713	71097	1247	5776016	4596	737508	696894	0.006595	11332	55	736433	0	0	0	nan	0	0	0	0.006118	0.000109	0.006118	0.000109	0.146773	0.002615
62	A	81364	5775937	5261913	0.015463	71163	1242	5775112	1636	737323	700143	0.002337	11330	54	736245	0	0	0	nan	0	0	0	0.013126	0.000079	0.013126	0.000079	0.314898	0.001895
63	A	68962	5774004	5274137	0.013076	71244	1233	5773167	499	737262	699585	0.000713	11330	54	736180	0	0	0	nan	0	0	0	0.012362	0.000059	0.012362	0.000059	0.296569	0.001415
64	A	66078	5769677	5322996	0.012414	71473	1219	5768832	510	737114	702624	0.000726	11330	54	736030	0	0	0	nan	0	0	0	0.011688	0.000058	0.011688	0.000058	0.280400	0.001391
65	G	14385	5765576	5358958	0.002684	71674	1210	5764724	1596	736877	690346	0.002312	11330	55	735792	0	0	0	nan	0	0	0	0.000372	0.000062	0.000372	0.000062	0.008924	0.001487
66	U	247554	5761955	5406345	0.045790	71796	1201	5760997	12148	736817	694206	0.017499	11330	55	735727	0	0	0	nan	0	0	0	0.028290	0.000184	0.028290	0.000184	0.678688	0.004414
67	C	14060	5758518	5420081	0.002594	71937	1192	5757547	912	736813	706367	0.001291	11330	55	735717	0	0	0	nan	0	0	0	0.001303	0.000048	0.001303	0.000048	0.031259	0.001152
68	C	13102	5752716	5350844	0.002449	73664	1169	5751726	675	736515	714900	0.000944	11331	54	735408	0	0	0	nan	0	0	0	0.001504	0.000042	0.001504	0.000042	0.036082	0.001008
69	A	70365	5743599	5315496	0.013238	73654	1142	5742604	951	735508	711202	0.001337	11330	53	734396	0	0	0	nan	0	0	0	0.011901	0.000066	0.011901	0.000066	0.285509	0.001583
70	U	16284	5739382	5306976	0.003068	73746	1130	5738379	1456	735193	705875	0.002063	11329	52	734079	0	0	0	nan	0	0	0	0.001006	0.000059	0.001006	0.000059	0.024134	0.001415
71	G	50509	5734112	5344034	0.009451	73713	1120	5733088	2900	734570	707435	0.004099	11329	52	733446	0	0	0	nan	0	0	0	0.005352	0.000087	0.005352	0.000087	0.128396	0.002087
72	C	15800	5730264	5278532	0.002993	73822	1091	5729231	3440	733778	701949	0.004901	11329	52	732653	0	0	0	nan	0	0	0	-0.001907	0.000087	-0.001907	0.000087	-0.045750	0.002087
73	U	9280	5725819	5241473	0.001770	73838	1080	5724775	2073	732822	702298	0.002952	11329	52	731693	0	0	0	nan	0	0	0	-0.001181	0.000067	-0.001181	0.000067	-0.028333	0.001607
74	C	10297	5724216	5220949	0.001972	72653	1075	5723173	932	732405	697967	0.001335	11277	53	731267	0	0	0	nan	0	0	0	0.000637	0.000048	0.000637	0.000048	0.015282	0.001152
75	G	42137	5722583	5207222	0.008092	72646	1050	5721526	4361	731481	699508	0.006234	11274	53	730333	0	0	0	nan	0	0	0	0.001858	0.000102	0.001858	0.000102	0.044574	0.002447
76	C	42795	5720954	4900476	0.008733	72568	1028	5719890	904	731298	692348	0.001306	11265	53	730145	0	0	0	nan	0	0	0	0.007427	0.000061	0.007427	0.000061	0.178177	0.001463
77	A	1000947	5717045	5108800	0.195926	71987	1014	5715969	671	730951	693314	0.000968	11177	52	729787	0	0	0	nan	0	0	0	0.194958	0.000199	0.194958	0.000199	4.677116	0.004774
78	C	10540	5717186	5160236	0.002043	72034	999	5716085	796	731080	693380	0.001148	11177	51	729908	0	0	0	nan	0	0	0	0.000895	0.000045	0.000895	0.000045	0.021471	0.001080
79	G	132458	5714971	5212048	0.025414	72033	985	5713856	6038	730713	699969	0.008626	11175	50	729530	0	0	0	nan	0	0	0	0.016788	0.000131	0.016788	0.000131	0.402750	0.003143
80	G	17680	5710361	5163983	0.003424	72040	978	5709229	3012	730712	690690	0.004361	11175	50	729526	0	0	0	nan	0	0	0	-0.000937	0.000084	-0.000937	0.000084	-0.022479	0.002015
81	U	452991	5705305	5232336	0.086575	72073	960	5704155	1456	739641	699513	0.002081	11175	50	738450	0	0	0	nan	0	0	0	0.084494	0.000140	0.084494	0.000140	2.027043	0.003359
82	G	49431	5703270	5244228	0.009426	72068	954	5702105	3420	740480	697012	0.004907	11173	50	739286	0	0	0	nan	0	0	0	0.004519	0.000094	0.004519	0.000094	0.108413	0.002255
83	C	7446	5701031	5248643	0.001419	72057	950	5699860	1070	740372	704127	0.001520	11171	50	739176	0	0	0	nan	0	0	0	-0.000101	0.000049	-0.000101	0.000049	-0.002423	0.001176
84	U	7730	5698274	5253547	0.001471	71929	933	5697090	1211	740166	705472	0.001717	11164	50	738965	0	0	0	nan	0	0	0	-0.000245	0.000052	-0.000245	0.000052	-0.005878	0.001247
85	G	9989	5696162	5145430	0.001941	71576	928	5694976	1449	739771	704625	0.002056	11135	50	738559	0	0	0	nan	0	0	0	-0.000115	0.000057	-0.000115	0.000057	-0.002759	0.001367
86	A	383735	5691412	5270922	0.072802	71528	923	5690225	1425	739145	710127	0.002007	11126	50	737924	0	0	0	nan	0	0	0	0.070796	0.000129	0.070796	0.000129	1.698423	0.003095
87	G	5970	5689727	5261648	0.001135	71636	907	5688513	859	739303	707566	0.001214	11125	50	738076	0	0	0	nan	0	0	0	-0.000079	0.000044	-0.000079	0.000044	-0.001895	0.001056
88	A	16184	5688397	5266201	0.003073	73960	914	5687043	715	739545	704764	0.001015	11135	49	738315	0	0	0	nan	0	0	0	0.002059	0.000045	0.002059	0.000045	0.049396	0.001080
89	U	181831	5687137	5309863	0.034244	74023	907	5685766	986	739710	703384	0.001402	11136	48	738477	0	0	0	nan	0	0	0	0.032842	0.000092	0.032842	0.000092	0.787892	0.002207
90	G	11517	5686370	5319865	0.002165	74044	899	5684978	2718	740049	705205	0.003854	11136	47	738811	0	0	0	nan	0	0	0	-0.001689	0.000077	-0.001689	0.000077	-0.040520	0.001847
91	C	60359	5685162	5278528	0.011435	74040	881	5683739	7111	740485	715470	0.009939	11135	48	739242	0	0	0	nan	0	0	0	0.001496	0.000127	0.001496	0.000127	0.035890	0.003047
92	C	9728	5682239	5294795	0.001837	74044	879	5680807	954	740666	721560	0.001322	11135	48	739420	0	0	0	nan	0	0	0	0.000515	0.000047	0.000515	0.000047	0.012355	0.001128
93	C	13963	5679920	5245299	0.002662	74572	876	5678437	1813	740735	721386	0.002513	11136	48	739483	0	0	0	nan	0	0	0	0.000149	0.000063	0.000149	0.000063	0.003575	0.001511
94	G	34162	5677660	5173159	0.006604	74755	868	5676143	2940	740477	713894	0.004118	11136	47	739222	0	0	0	nan	0	0	0	0.002485	0.000084	0.002485	0.000084	0.059616	0.002015
95	U	54212	5676156	5140897	0.010545	75019	866	5674627	2022	740424	709804	0.002849	11138	47	739166	0	0	0	nan	0	0	0	0.007697	0.000078	0.007697	0.000078	0.184654	0.001871
96	A	319129	5675983	5165464	0.061781	75071	865	5674438	1064	740702	709971	0.001499	11140	47	739439	0	0	0	nan	0	0	0	0.060283	0.000119	0.060283	0.000119	1.446212	0.002855
97	G	65313	5676668	5197248	0.012567	79096	863	5675002	2028	741088	707999	0.002864	11141	45	739823	0	0	0	nan	0	0	0	0.009702	0.000080	0.009702	0.000080	0.232755	0.001919
98	U	172541	5676718	5252078	0.032852	80392	855	5674987	2042	741275	711732	0.002869	11152	41	740006	0	0	0	nan	0	0	0	0.029983	0.000101	0.029983	0.000101	0.719303	0.002423
99	G	120204	5679049	5246551	0.022911	80889	842	5677298	1705	741596	709288	0.002404	11153	37	740323	0	0	0	nan	0	0	0	0.020507	0.000088	0.020507	0.000088	0.491971	0.002111
100	U	158128	5679199	5281846	0.029938	81213	803	5677442	2153	741962	712939	0.003020	11150	24	740688	0	0	0	nan	0	0	0	0.026918	0.000100	0.026918	0.000100	0.645773	0.002399
101	U	20296	5678630	5281456	0.003843	81390	791	5676869	811	742280	714882	0.001134	11150	16	740999	0	0	0	nan	0	0	0	0.002708	0.000048	0.002708	0.000048	0.064966	0.001152
102	C	57224	5677408	5099379	0.011222	81400	791	5675647	891	742702	719877	0.001238	11151	14	741417	0	0	0	nan	0	0	0	0.009984	0.000063	0.009984	0.000063	0.239520	0.001511
103	G	244296	5676340	5204239	0.046942	81404	775	5674569	1228	743096	722182	0.001700	11144	13	741806	0	0	0	nan	0	0	0	0.045241	0.000107	0.045241	0.000107	1.085349	0.002567
104	U	206849	5675075	5250285	0.039398	81430	770	5673299	1716	743165	723007	0.002373	11144	13	741874	0	0	0	nan	0	0	0	0.037024	0.000104	0.037024	0.000104	0.888220	0.002495
105	G	116414	5674503	5213660	0.022329	81492	760	5672712	2603	743542	723287	0.003599	11142	13	742249	0	0	0	nan	0	0	0	0.018730	0.000096	0.018730	0.000096	0.449340	0.002303
106	G	82613	5674377	5170606	0.015977	81514	758	5672572	3351	743839	724960	0.004622	11142	12	742543	0	0	0	nan	0	0	0	0.011355	0.000097	0.011355	0.000097	0.272411	0.002327
107	A	158974	5674406	5200899	0.030567	81828	754	5672546	735	743891	724988	0.001014	11137	9	742593	0	0	0	nan	0	0	0	0.029553	0.000085	0.029553	0.000085	0.708988	0.002039
108	A	37128	5674019	5243751	0.007080	81856	751	5672155	375	743911	724979	0.000517	11136	9	742613	0	0	0	nan	0	0	0	0.006563	0.000045	0.006563	0.000045	0.157449	0.001080
109	A	167735	5672129	5263309	0.031869	82170	747	5670249	538	743572	726965	0.000740	11136	9	742273	0	0	0	nan	0	0	0	0.031129	0.000084	0.031129	0.000084	0.746796	0.002015
110	C	61948	5670331	5320342	0.011644	82318	738	5668437	1398	742968	723838	0.001931	11136	9	741669	0	0	0	nan	0	0	0	0.009712	0.000070	0.009712	0.000070	0.232995	0.001679
111	A	10008	5668610	5304594	0.001887	82319	737	5666715	591	742613	722432	0.000818	11136	9	741314	0	0	0	nan	0	0	0	0.001069	0.000039	0.001069	0.000039	0.025646	0.000936
112	C	8276	5667341	5262182	0.001573	82684	733	5665428	983	742195	720824	0.001364	11136	9	740896	0	0	0	nan	0	0	0	0.000209	0.000047	0.000209	0.000047	0.005014	0.001128
113	G	166774	5665159	5218266	0.031960	82668	728	5663244	1485	741728	720154	0.002062	11135	8	740427	0	0	0	nan	0	0	0	0.029898	0.000095	0.029898	0.000095	0.717264	0.002279
114	A	453958	5663390	5239053	0.086649	82795	727	5661474	833	741174	720352	0.001156	11138	8	739869	0	0	0	nan	0	0	0	0.085492	0.000135	0.085492	0.000135	2.050985	0.003239
115	G	28583	5663092	5248905	0.005446	83817	723	5661143	3238	741117	720636	0.004493	11140	8	739812	0	0	0	nan	0	0	0	0.000952	0.000085	0.000952	0.000085	0.022839	0.002039
116	C	14067	5662305	5216518	0.002697	84214	722	5660347	1621	741035	725533	0.002234	11152	8	739729	0	0	0	nan	0	0	0	0.000462	0.000060	0.000462	0.000060	0.011084	0.001439
117	G	10814	5661933	5147849	0.002101	84323	714	5659964	1308	741076	723490	0.001808	11149	7	739766	0	0	0	nan	0	0	0	0.000293	0.000054	0.000293	0.000054	0.007029	0.001295
118	A	83590	5661635	5166693	0.016179	84563	712	5659665	974	741091	723725	0.001346	11147	7	739778	0	0	0	nan	0	0	0	0.014833	0.000071	0.014833	0.000071	0.355849	0.001703
119	G	77327	5662404	5105380	0.015146	85134	711	5660411	23681	741330	723021	0.032753	11146	7	740011	0	0	0	nan	0	0	0	-0.017607	0.000220	-0.017607	0.000220	-0.422399	0.005278
120	A	463642	5662612	5035042	0.092083	87026	696	5660563	847	741624	723682	0.001170	11143	7	740299	0	0	0	nan	0	0	0	0.090913	0.000141	0.090913	0.000141	2.181037	0.003383
121	A	280274	5663589	5107190	0.054878	90799	690	5661440	355	741861	721081	0.000492	11143	7	740535	0	0	0	nan	0	0	0	0.054386	0.000107	0.054386	0.000107	1.304741	0.002567
122	A	251839	5664199	5178918	0.048628	92524	687	5661997	996	741989	721395	0.001381	11145	7	740663	0	0	0	nan	0	0	0	0.047247	0.000106	0.047247	0.000106	1.133473	0.002543
123	C	54474	5667544	5143185	0.010591	112410	721	5664762	2317	742045	722090	0.003209	11148	7	740717	0	0	0	nan	0	0	0	0.007383	0.000081	0.007383	0.000081	0.177121	0.001943
124	C	13058	5667305	5133648	0.002544	114292	720	5664458	815	742045	725945	0.001123	11148	6	740717	0	0	0	nan	0	0	0	0.001421	0.000045	0.001421	0.000045	0.034090	0.001080
125	C	105413	5666724	5042866	0.020903	118175	720	5663770	4343	742019	728697	0.005960	11148	6	740690	0	0	0	nan	0	0	0	0.014943	0.000111	0.014943	0.000111	0.358488	0.002663
126	A	85934	5665713	4729701	0.018169	123410	668	5662629	793	741992	728141	0.001089	11139	6	740660	0	0	0	nan	0	0	0	0.017080	0.000073	0.017080	0.000073	0.409756	0.001751
127	A	346373	5664042	4961914	0.069806	143673	662	5660339	337	741692	726796	0.000464	11145	6	740356	0	0	0	nan	0	0	0	0.069343	0.000121	0.069343	0.000121	1.663565	0.002903
128	A	371486	5665421	4823344	0.077018	196140	665	5660489	477	741268	719746	0.000663	11144	6	739933	0	0	0	nan	0	0	0	0.076356	0.000130	0.076356	0.000130	1.831809	0.003119
129	U	175422	5663993	4471120	0.039234	216448	650	5658547	935	740906	718317	0.001302	11143	6	739570	0	0	0	nan	0	0	0	0.037933	0.000103	0.037933	0.000103	0.910027	0.002471
130	G	452241	5663426	4810752	0.094006	219009	650	5657899	1735	740821	711672	0.002438	11137	6	739485	0	0	0	nan	0	0	0	0.091568	0.000152	0.091568	0.000152	2.196751	0.003647
131	A	199026	5663629	4880683	0.040778	221565	642	5658051	643	740756	714856	0.000899	11125	6	739420	0	0	0	nan	0	0	0	0.039879	0.000098	0.039879	0.000098	0.956712	0.002351
132	U	171191	5664171	4870707	0.035147	223827	638	5658542	1147	740754	715000	0.001604	11126	6	739418	0	0	0	nan	0	0	0	0.033543	0.000097	0.033543	0.000097	0.804709	0.002327
133	G	116640	5665387	4783284	0.024385	223431	563	5659736	3054	740950	666856	0.004580	11009	5	739610	0	0	0	nan	0	0	0	0.019805	0.000109	0.019805	0.000109	0.475129	0.002615
134	G	132941	5666101	4764941	0.027900	223486	538	5660438	1997	741081	664448	0.003006	10997	4	739738	0	0	0	nan	0	0	0	0.024894	0.000102	0.024894	0.000102	0.597216	0.002447
135	U	145871	5664008	4656926	0.031323	223106	497	5658364	925	740815	661256	0.001399	10816	3	739476	0	0	0	nan	0	0	0	0.029925	0.000094	0.029925	0.000094	0.717912	0.002255
136	A	544797	5663031	4888556	0.111443	223076	468	5657385	882	740764	660449	0.001335	10813	3	739423	0	0	0	nan	0	0	0	0.110108	0.000158	0.110108	0.000158	2.641532	0.003790
137	G	146283	5666538	4957606	0.029507	225014	424	5660855	4597	740768	664260	0.006920	10879	2	739422	0	0	0	nan	0	0	0	0.022586	0.000128	0.022586	0.000128	0.541847	0.003071
138	G	47920	5666662	4984326	0.009614	224981	398	5660980	4828	740534	666090	0.007248	10877	2	739187	0	0	0	nan	0	0	0	0.002366	0.000113	0.002366	0.000113	0.056761	0.002711
139	G	47930	5665407	4995523	0.009595	224932	392	5659724	2364	739769	664368	0.003558	10868	2	738418	0	0	0	nan	0	0	0	0.006036	0.000085	0.006036	0.000085	0.144806	0.002039
140	G	54359	5663675	4954058	0.010973	224792	359	5657995	5368	739384	661151	0.008119	10859	2	738029	0	0	0	nan	0	0	0	0.002853	0.000120	0.002853	0.000120	0.068445	0.002879
141	C	198575	5662054	5007096	0.039659	224595	351	5656373	1190	739166	656010	0.001814	10847	2	737810	0	0	0	nan	0	0	0	0.037845	0.000103	0.037845	0.000103	0.907916	0.002471
142	A	240058	5660142	5113550	0.046945	224143	350	5654468	750	738869	656051	0.001143	10737	2	737516	0	0	0	nan	0	0	0	0.045802	0.000105	0.045802	0.000105	1.098807	0.002519
143	C	8704	5659944	5142360	0.001693	224192	331	5654139	1474	738763	656648	0.002245	10740	2	737408	0	0	0	nan	0	0	0	-0.000552	0.000061	-0.000552	0.000061	-0.013243	0.001463
144	C	16026	5658909	5155843	0.003108	224180	331	5653099	2548	738787	656819	0.003879	10739	2	737432	0	0	0	nan	0	0	0	-0.000771	0.000081	-0.000771	0.000081	-0.018497	0.001943
145	U	10541	5658473	5127836	0.002056	224174	331	5652653	2608	738836	650775	0.004008	10739	1	737482	0	0	0	nan	0	0	0	-0.001952	0.000081	-0.001952	0.000081	-0.046829	0.001943
146	U	17554	5659101	5113549	0.003433	224167	330	5653262	5119	739088	651468	0.007858	10737	1	737731	0	0	0	nan	0	0	0	-0.004425	0.000113	-0.004425	0.000113	-0.106157	0.002711
147	C	48479	5659365	5111389	0.009485	224161	330	5653499	4161	739544	657260	0.006331	10737	1	738165	0	0	0	nan	0	0	0	0.003154	0.000107	0.003154	0.000107	0.075666	0.002567
148	C	5592	5659069	5142124	0.001087	223932	333	5653148	889	739860	667916	0.001331	10676	1	738469	0	0	0	nan	0	0	0	-0.000244	0.000047	-0.000244	0.000047	-0.005854	0.001128
149	C	6910	5658172	5139956	0.001344	223930	335	5652227	729	740014	667778	0.001092	10676	1	738603	0	0	0	nan	0	0	0	0.000253	0.000044	0.000253	0.000044	0.006070	0.001056
150	G	85614	5656618	5091973	0.016814	223992	335	5650645	766	739917	664539	0.001153	10676	1	738495	0	0	0	nan	0	0	0	0.015661	0.000071	0.015661	0.000071	0.375713	0.001703
151	A	92255	5655450	5045630	0.018284	224055	334	5649474	940	739825	663484	0.001417	10675	1	738400	0	0	0	nan	0	0	0	0.016867	0.000076	0.016867	0.000076	0.404646	0.001823
152	A	303464	5655308	5045553	0.060145	224395	349	5649322	738	740086	664033	0.001111	10676	1	738658	0	0	0	nan	0	0	0	0.059033	0.000117	0.059033	0.000117	1.416224	0.002807
153	G	25028	5655627	5033901	0.004972	224984	349	5649625	2327	740166	666229	0.003493	10677	1	738737	0	0	0	nan	0	0	0	0.001479	0.000079	0.001479	0.000079	0.035482	0.001895
154	G	27633	5655818	4960919	0.005570	225016	349	5649831	1346	740221	666952	0.002018	10677	1	738792	0	0	0	nan	0	0	0	0.003552	0.000064	0.003552	0.000064	0.085214	0.001535
155	A	18561	5656086	4938479	0.003758	225319	345	5650111	1124	740343	668096	0.001682	10673	1	738912	0	0	0	nan	0	0	0	0.002076	0.000057	0.002076	0.000057	0.049804	0.001367
156	A	37785	5655916	4976561	0.007593	225729	345	5649959	444	740413	668657	0.000664	10675	1	738980	0	0	0	nan	0	0	0	0.006929	0.000050	0.006929	0.000050	0.166229	0.001200
157	A	418107	5655873	5057136	0.082677	226218	343	5649906	411	740383	668444	0.000615	10684	1	738950	0	0	0	nan	0	0	0	0.082062	0.000131	0.082062	0.000131	1.968698	0.003143
158	U	173100	5655511	5120987	0.033802	226331	343	5649558	1418	740271	668473	0.002121	10684	1	738838	0	0	0	nan	0	0	0	0.031681	0.000099	0.031681	0.000099	0.760039	0.002375
159	G	9854	5655535	5117536	0.001926	226498	341	5649596	1210	740276	668218	0.001811	10686	1	738843	0	0	0	nan	0	0	0	0.000115	0.000056	0.000115	0.000056	0.002759	0.001343
160	A	10298	5655506	5128888	0.002008	226696	341	5649565	773	740531	668157	0.001157	10685	1	739098	0	0	0	nan	0	0	0	0.000851	0.000046	0.000851	0.000046	0.020416	0.001104
161	A	14732	5654338	5098519	0.002889	226561	335	5648430	442	740463	666472	0.000663	10681	1	739034	0	0	0	nan	0	0	0	0.002226	0.000040	0.002226	0.000040	0.053403	0.000960
162	C	7126	5652690	5057979	0.001409	226760	337	5646790	943	740429	665473	0.001417	10684	1	739000	0	0	0	nan	0	0	0	-0.000008	0.000049	-0.000008	0.000049	-0.000192	0.001176
163	G	197898	5650697	5043235	0.039240	226975	336	5644826	1856	740491	666233	0.002786	10685	1	739059	0	0	0	nan	0	0	0	0.036454	0.000109	0.036454	0.000109	0.874545	0.002615
164	G	27530	5650114	4991495	0.005515	237181	404	5644184	1492	740699	664432	0.002246	10715	1	739267	0	0	0	nan	0	0	0	0.003270	0.000067	0.003270	0.000067	0.078449	0.001607
165	A	244801	5646621	5053569	0.048441	237366	396	5640742	7293	740610	669780	0.010889	10696	1	739178	0	0	0	nan	0	0	0	0.037553	0.000161	0.037553	0.000161	0.900911	0.003862
166	G	340110	5647643	5216325	0.065201	242645	404	5641699	52346	740727	711885	0.073532	10838	1	739291	0	0	0	nan	0	0	0	-0.008330	0.000340	nan	nan	nan	nan
167	G	111591	5648652	5328175	0.020944	256897	622	5642632	22631	740990	724226	0.031249	11276	3	739553	0	0	0	nan	0	0	0	-0.010305	0.000217	-0.010305	0.000217	-0.247221	0.005206
168	G	32775	5648566	5318842	0.006162	263994	647	5642505	1910	741062	725222	0.002634	11292	3	739625	0	0	0	nan	0	0	0	0.003528	0.000069	0.003528	0.000069	0.084638	0.001655
169	A	27706	5646774	5331249	0.005197	264598	650	5640777	1074	740996	725891	0.001480	11294	3	739559	0	0	0	nan	0	0	0	0.003717	0.000055	0.003717	0.000055	0.089172	0.001319
170	A	29035	5646960	5347086	0.005430	265195	654	5640983	1082	740899	727247	0.001488	11294	3	739460	0	0	0	nan	0	0	0	0.003942	0.000055	0.003942	0.000055	0.094570	0.001319
171	G	17152	5646232	5373174	0.003192	266371	658	5640277	2342	740779	729837	0.003209	11295	3	739340	0	0	0	nan	0	0	0	-0.000017	0.000071	-0.000017	0.000071	-0.000408	0.001703
172	G	12222	5645595	5353457	0.002283	266465	658	5639659	957	740663	726380	0.001317	11296	3	739224	0	0	0	nan	0	0	0	0.000966	0.000047	0.000966	0.000047	0.023175	0.001128
173	A	89374	5644724	5363408	0.016664	266633	660	5638849	874	740527	725349	0.001205	11302	3	739088	0	0	0	nan	0	0	0	0.015459	0.000069	0.015459	0.000069	0.370867	0.001655
174	C	8414	5645211	5391398	0.001561	267928	668	5639353	663	740566	724975	0.000915	11304	3	739127	0	0	0	nan	0	0	0	0.000646	0.000039	0.000646	0.000039	0.015498	0.000936
175	A	36310	5645795	5400375	0.006724	268046	669	5639966	1325	740609	727990	0.001820	11304	3	739168	0	0	0	nan	0	0	0	0.004904	0.000061	0.004904	0.000061	0.117649	0.001463
176	G	25001	5645955	5333835	0.004687	268656	673	5640166	2574	740579	726754	0.003542	11305	3	739137	0	0	0	nan	0	0	0	0.001145	0.000076	0.001145	0.000076	0.027469	0.001823
177	G	41189	5646162	5308328	0.007759	268785	685	5640401	5206	740541	726929	0.007162	11305	3	739098	0	0	0	nan	0	0	0	0.000598	0.000106	0.000598	0.000106	0.014346	0.002543
178	C	110361	5645959	5368797	0.020556	268912	686	5640230	1712	740538	726575	0.002356	11307	3	739088	0	0	0	nan	0	0	0	0.018200	0.000084	0.018200	0.000084	0.436625	0.002015
179	G	27589	5647645	5249128	0.005256	269144	686	5641958	2485	740622	726744	0.003419	11298	3	739160	0	0	0	nan	0	0	0	0.001837	0.000076	0.001837	0.000076	0.044070	0.001823
180	G	45847	5646987	5133665	0.008931	269317	688	5641348	6164	740450	723771	0.008517	11297	3	738984	0	0	0	nan	0	0	0	0.000414	0.000116	0.000414	0.000116	0.009932	0.002783
181	C	114011	5645532	5196536	0.021940	269502	686	5639919	1791	740179	722668	0.002478	11297	3	738705	0	0	0	nan	0	0	0	0.019461	0.000087	0.019461	0.000087	0.466877	0.002087
182	G	30728	5645043	5161164	0.005954	269674	689	5639448	4232	740172	721720	0.005864	11273	3	738692	0	0	0	nan	0	0	0	0.000090	0.000096	0.000090	0.000096	0.002159	0.002303
183	C	552793	5645050	5068411	0.109066	286455	707	5639288	879	740100	720683	0.001220	11285	3	738614	0	0	0	nan	0	0	0	0.107847	0.000152	0.107847	0.000152	2.587290	0.003647
184	A	371717	5644271	5060169	0.073459	286843	708	5638514	655	739983	720198	0.000909	11240	3	738496	0	0	0	nan	0	0	0	0.072550	0.000126	0.072550	0.000126	1.740502	0.003023
185	U	396905	5643903	5205156	0.076252	287375	713	5638148	1778	739956	722343	0.002461	11243	3	738468	0	0	0	nan	0	0	0	0.073791	0.000134	0.073791	0.000134	1.770274	0.003215
186	G	32790	5645521	5263256	0.006230	287730	716	5639768	3936	740062	726167	0.005420	11241	3	738571	0	0	0	nan	0	0	0	0.000810	0.000093	0.000810	0.000093	0.019432	0.002231
187	C	16872	5645623	5257139	0.003209	287790	716	5639888	1719	740113	727117	0.002364	11240	3	738616	0	0	0	nan	0	0	0	0.000845	0.000062	0.000845	0.000062	0.020272	0.001487
188	A	425224	5645789	5400806	0.078733	287827	718	5640079	665	740197	726420	0.000915	11238	3	738696	0	0	0	nan	0	0	0	0.077818	0.000126	0.077818	0.000126	1.866883	0.003023
189	G	24916	5648243	5426094	0.004592	290224	724	5642512	2806	740459	726349	0.003863	11239	3	738949	0	0	0	nan	0	0	0	0.000729	0.000079	0.000729	0.000079	0.017489	0.001895
190	C	12168	5649469	5439526	0.002237	290340	727	5643758	2293	740725	727467	0.003152	11240	3	739210	0	0	0	nan	0	0	0	-0.000915	0.000069	-0.000915	0.000069	-0.021951	0.001655
191	C	11493	5650425	5433567	0.002115	290602	728	5644736	1340	740939	727591	0.001842	11241	3	739420	0	0	0	nan	0	0	0	0.000273	0.000054	0.000273	0.000054	0.006549	0.001295
192	U	9828	5651252	5438187	0.001807	291372	742	5645569	2469	741125	728362	0.003390	11220	3	739599	0	0	0	nan	0	0	0	-0.001583	0.000071	-0.001583	0.000071	-0.037977	0.001703
193	G	21375	5651551	5424867	0.003940	292144	753	5645884	1404	741234	725113	0.001936	11220	3	739695	0	0	0	nan	0	0	0	0.002004	0.000058	0.002004	0.000058	0.048077	0.001391
194	U	10019	5651299	5413376	0.001851	292298	757	5645681	1766	741243	724585	0.002437	11220	3	739697	0	0	0	nan	0	0	0	-0.000586	0.000061	-0.000586	0.000061	-0.014058	0.001463
195	A	106102	5650811	5380137	0.019721	292414	764	5645210	968	741361	724699	0.001336	11220	3	739802	0	0	0	nan	0	0	0	0.018385	0.000074	0.018385	0.000074	0.441063	0.001775
196	G	25512	5651161	5357497	0.004762	293241	789	5645581	1036	741495	725001	0.001429	11220	3	739932	0	0	0	nan	0	0	0	0.003333	0.000053	0.003333	0.000053	0.079960	0.001271
197	A	602941	5650376	5089862	0.118459	293505	792	5644867	758	741522	724292	0.001047	11222	3	739951	0	0	0	nan	0	0	0	0.117413	0.000157	0.117413	0.000157	2.816782	0.003766
198	U	245252	5651502	5245178	0.046758	294234	803	5646019	919	741617	723745	0.001270	11225	4	740045	0	0	0	nan	0	0	0	0.045488	0.000103	0.045488	0.000103	1.091274	0.002471
199	A	161598	5652749	5307597	0.030447	294280	809	5647294	671	741753	726837	0.000923	11226	4	740178	0	0	0	nan	0	0	0	0.029523	0.000084	0.029523	0.000084	0.708268	0.002015
200	G	128309	5653581	5349548	0.023985	295038	828	5648162	1285	741803	727549	0.001766	11230	4	740225	0	0	0	nan	0	0	0	0.022219	0.000083	0.022219	0.000083	0.533042	0.001991
201	A	136202	5653973	5369010	0.025368	295346	829	5648596	599	741808	725580	0.000826	11228	4	740228	0	0	0	nan	0	0	0	0.024543	0.000077	0.024543	0.000077	0.588796	0.001847
202	U	60788	5655654	5395142	0.011267	295801	848	5650315	1441	742043	725525	0.001986	11228	4	740463	0	0	0	nan	0	0	0	0.009281	0.000069	0.009281	0.000069	0.222655	0.001655
203	G	12961	5659312	5363966	0.002416	295766	857	5653961	1135	742423	724572	0.001566	11232	5	740839	0	0	0	nan	0	0	0	0.000850	0.000051	0.000850	0.000051	0.020392	0.001224
204	A	60685	5661906	5394230	0.011250	295727	857	5656561	1032	742585	724910	0.001424	11227	5	740999	0	0	0	nan	0	0	0	0.009826	0.000064	0.009826	0.000064	0.235729	0.001535
205	U	15332	5664729	5386159	0.002847	295759	871	5659379	1406	742862	723549	0.001943	11231	8	741273	0	0	0	nan	0	0	0	0.000903	0.000057	0.000903	0.000057	0.021663	0.001367
206	U	12017	5667832	5395544	0.002227	295747	885	5662474	1257	743094	722808	0.001739	11237	8	741504	0	0	0	nan	0	0	0	0.000488	0.000053	0.000488	0.000053	0.011707	0.001271
207	A	36812	5671315	5428781	0.006781	295744	918	5665956	577	743256	725626	0.000795	11243	10	741660	0	0	0	nan	0	0	0	0.005986	0.000048	0.005986	0.000048	0.143606	0.001152
208	C	24127	5673829	5431868	0.004442	295688	927	5668480	1187	743504	726591	0.001634	11244	10	741903	0	0	0	nan	0	0	0	0.002808	0.000055	0.002808	0.000055	0.067365	0.001319
209	C	19959	5676691	5420313	0.003682	296502	936	5671348	925	743801	731012	0.001265	11243	10	742200	0	0	0	nan	0	0	0	0.002417	0.000049	0.002417	0.000049	0.057985	0.001176
210	G	106379	5678312	5411991	0.019656	296999	944	5672986	7618	743995	730191	0.010433	11244	10	742386	0	0	0	nan	0	0	0	0.009223	0.000134	0.009223	0.000134	0.221263	0.003215
211	C	14792	5679086	5412123	0.002733	297373	940	5673799	1503	744156	729510	0.002060	11244	11	742541	0	0	0	nan	0	0	0	0.000673	0.000058	0.000673	0.000058	0.016146	0.001391
212	C	6545	5679481	5403129	0.001211	297528	944	5674270	732	744500	730537	0.001002	11224	11	742873	0	0	0	nan	0	0	0	0.000209	0.000040	0.000209	0.000040	0.005014	0.000960
213	G	35271	5680503	5374809	0.006562	297643	951	5675336	3694	744742	731321	0.005051	11225	11	743100	0	0	0	nan	0	0	0	0.001511	0.000090	0.001511	0.000090	0.036249	0.002159
214	G	32813	5680727	5316653	0.006172	297860	952	5675584	1901	744746	725952	0.002619	11227	11	743100	0	0	0	nan	0	0	0	0.003553	0.000069	0.003553	0.000069	0.085238	0.001655
215	A	196329	5680536	5364166	0.036600	298013	959	5675404	1256	744630	725812	0.001730	11222	12	742980	0	0	0	nan	0	0	0	0.034870	0.000096	0.034870	0.000096	0.836544	0.002303
216	G	15596	5683075	5351106	0.002915	297678	973	5677984	1786	744751	721582	0.002475	11216	14	743097	0	0	0	nan	0	0	0	0.000439	0.000063	0.000439	0.000063	0.010532	0.001511
217	U	8302	5683703	5382257	0.001542	297736	975	5678630	1480	744686	723984	0.002044	11215	14	743031	0	0	0	nan	0	0	0	-0.000502	0.000056	-0.000502	0.000056	-0.012043	0.001343
218	A	32286	5684886	5367712	0.006015	297748	989	5679823	565	744904	725282	0.000779	11216	16	743247	0	0	0	nan	0	0	0	0.005236	0.000047	0.005236	0.000047	0.125614	0.001128
219	C	12253	5686091	5376558	0.002279	298707	997	5681043	830	745007	730977	0.001135	11217	16	743349	0	0	0	nan	0	0	0	0.001144	0.000044	0.001144	0.000044	0.027445	0.001056
220	G	62701	5688668	5255728	0.011930	298777	999	5683621	892	745185	731576	0.001219	11217	16	743525	0	0	0	nan	0	0	0	0.010711	0.000063	0.010711	0.000063	0.256961	0.001511
221	A	184537	5688759	5295347	0.034849	299136	1005	5683739	1437	745216	730982	0.001966	11215	17	743555	0	0	0	nan	0	0	0	0.032883	0.000096	0.032883	0.000096	0.788876	0.002303
222	G	26883	5696713	5230921	0.005139	299762	1038	5691692	2184	745605	727577	0.003002	11217	19	743943	0	0	0	nan	0	0	0	0.002138	0.000071	0.002138	0.000071	0.051291	0.001703
223	G	45512	5700165	5194472	0.008762	300004	1079	5695142	8279	745796	726352	0.011398	11220	20	744131	0	0	0	nan	0	0	0	-0.002636	0.000132	-0.002636	0.000132	-0.063239	0.003167
224	C	57726	5702656	5228757	0.011040	300673	1252	5697642	1698	745942	727723	0.002333	11342	63	744274	0	0	0	nan	0	0	0	0.008707	0.000073	0.008707	0.000073	0.208884	0.001751
225	G	41890	5707421	5196466	0.008061	301030	1398	5702423	4973	746217	729492	0.006817	11350	65	744546	0	0	0	nan	0	0	0	0.001244	0.000104	0.001244	0.000104	0.029844	0.002495
226	C	148313	5709819	4896413	0.030290	301148	1431	5704834	1937	746301	729981	0.002653	11353	67	744625	0	0	0	nan	0	0	0	0.027637	0.000099	0.027637	0.000099	0.663022	0.002375
227	A	315163	5711772	4431491	0.071119	301416	1542	5706799	1316	746385	729282	0.001805	11361	71	744704	0	0	0	nan	0	0	0	0.069314	0.000136	0.069314	0.000136	1.662869	0.003263
228	A	494627	5714931	4811408	0.102803	301585	1579	5709953	587	746408	727118	0.000807	11362	71	744720	0	0	0	nan	0	0	0	0.101996	0.000150	0.101996	0.000150	2.446923	0.003599
229	A	447030	5718641	4973210	0.089888	301766	1631	5713674	505	746453	727253	0.000694	11362	71	744759	0	0	0	nan	0	0	0	0.089193	0.000138	0.089193	0.000138	2.139774	0.003311
230	G	31366	5723227	5106392	0.006142	302145	1705	5718231	2600	746480	727671	0.003573	11370	74	744777	0	0	0	nan	0	0	0	0.002569	0.000078	0.002569	0.000078	0.061631	0.001871
231	C	527905	5725078	5249926	0.100555	302217	1730	5720059	2162	746517	730983	0.002958	11384	83	744804	0	0	0	nan	0	0	0	0.097597	0.000152	0.097597	0.000152	2.341389	0.003647
232	C	29558	5728446	5337402	0.005538	302581	1824	5723390	1000	746633	731521	0.001367	11417	87	744914	0	0	0	nan	0	0	0	0.004171	0.000054	0.004171	0.000054	0.100064	0.001295
233	G	85730	5730690	5379518	0.015936	302523	1849	5725617	4131	746719	731762	0.005645	11417	89	744997	0	0	0	nan	0	0	0	0.010291	0.000103	0.010291	0.000103	0.246885	0.002471
234	C	152109	5733294	5378045	0.028283	302586	1892	5728193	2410	746852	729120	0.003305	11415	91	745120	0	0	0	nan	0	0	0	0.024978	0.000099	0.024978	0.000099	0.599232	0.002375
235	U	45377	5735948	5400232	0.008403	302580	1918	5730822	1744	747076	730324	0.002388	11414	91	745339	0	0	0	nan	0	0	0	0.006015	0.000069	0.006015	0.000069	0.144302	0.001655
236	U	75146	5738958	5421163	0.013862	302595	1935	5733797	1404	747375	731732	0.001919	11415	91	745620	0	0	0	nan	0	0	0	0.011943	0.000072	0.011943	0.000072	0.286517	0.001727
237	G	53632	5740683	5435629	0.009867	302630	1953	5735470	5374	747532	734558	0.007316	11420	92	745757	0	0	0	nan	0	0	0	0.002551	0.000109	0.002551	0.000109	0.061199	0.002615
238	C	184032	5741722	5435872	0.033855	302647	1965	5736449	1491	747635	734091	0.002031	11419	95	745831	0	0	0	nan	0	0	0	0.031824	0.000095	0.031824	0.000095	0.763470	0.002279
239	A	313220	5744985	5515163	0.056793	302637	1981	5739638	1085	747736	734950	0.001476	11417	96	745903	0	0	0	nan	0	0	0	0.055316	0.000111	0.055316	0.000111	1.327052	0.002663
240	G	26185	5750032	5524391	0.004740	302721	2014	5744640	1606	747886	732065	0.002194	11416	97	746046	0	0	0	nan	0	0	0	0.002546	0.000062	0.002546	0.000062	0.061080	0.001487
241	U	5279	5751016	5529720	0.000955	302735	2015	5745578	1271	747979	731907	0.001737	11416	97	746124	0	0	0	nan	0	0	0	-0.000782	0.000050	-0.000782	0.000050	-0.018760	0.001200
242	A	23660	5752821	5507642	0.004296	302728	2017	5747388	452	748245	731805	0.000618	11417	96	746385	0	0	0	nan	0	0	0	0.003678	0.000040	0.003678	0.000040	0.088237	0.000960
243	C	5852	5754115	5484204	0.001067	302750	2026	5748711	735	748560	736333	0.000998	11417	96	746696	0	0	0	nan	0	0	0	0.000069	0.000039	0.000069	0.000039	0.001655	0.000936
244	G	89609	5756060	5463161	0.016402	302765	2137	5750715	532	748856	733332	0.000725	11419	98	746982	0	0	0	nan	0	0	0	0.015677	0.000063	0.015677	0.000063	0.376097	0.001511
245	A	132334	5758395	5468088	0.024201	302796	2158	5753083	456	747980	726915	0.000627	11419	97	746104	0	0	0	nan	0	0	0	0.023574	0.000073	0.023574	0.000073	0.565549	0.001751
246	A	181503	5761465	5495394	0.033028	302816	2168	5756167	801	733966	713281	0.001123	11419	98	732082	0	0	0	nan	0	0	0	0.031905	0.000087	0.031905	0.000087	0.765413	0.002087
247	G	23473	5764665	5487568	0.004277	303054	2190	5759375	5437	734126	714059	0.007614	11425	98	732238	0	0	0	nan	0	0	0	-0.003337	0.000107	-0.003337	0.000107	-0.080056	0.002567
248	G	32554	5767120	5471929	0.005949	303098	2218	5761848	3270	734261	708218	0.004617	11426	99	732366	0	0	0	nan	0	0	0	0.001332	0.000087	0.001332	0.000087	0.031955	0.002087
249	U	14942	5769111	5465921	0.002734	303257	2248	5763833	1826	733922	706215	0.002586	11428	100	732026	0	0	0	nan	0	0	0	0.000148	0.000065	0.000148	0.000065	0.003551	0.001559
250	A	133035	5771010	5451730	0.024402	303361	2253	5765737	659	733972	705915	0.000934	11428	100	732069	0	0	0	nan	0	0	0	0.023469	0.000076	0.023469	0.000076	0.563030	0.001823
251	C	121542	5773049	5457469	0.022271	304800	2338	5767766	650	734080	714065	0.000910	11429	100	732173	0	0	0	nan	0	0	0	0.021360	0.000073	0.021360	0.000073	0.512434	0.001751
252	A	271848	5775713	5465043	0.049743	305114	2371	5770415	703	734172	716758	0.000981	11429	102	732261	0	0	0	nan	0	0	0	0.048762	0.000102	0.048762	0.000102	1.169819	0.002447
253	G	84339	5778216	5489490	0.015364	306089	2416	5772903	797	734236	716497	0.001112	11424	102	732325	0	0	0	nan	0	0	0	0.014251	0.000066	0.014251	0.000066	0.341887	0.001583
254	A	131422	5781307	5480751	0.023979	306177	2422	5775989	498	734321	714328	0.000697	11424	102	732409	0	0	0	nan	0	0	0	0.023282	0.000073	0.023282	0.000073	0.558544	0.001751
255	A	160116	5783092	5513219	0.029042	306341	2428	5777772	447	734455	714893	0.000625	11424	103	732541	0	0	0	nan	0	0	0	0.028417	0.000078	0.028417	0.000078	0.681735	0.001871
256	C	34152	5784935	5522676	0.006184	307483	2441	5779623	564	734481	717327	0.000786	11426	103	732565	0	0	0	nan	0	0	0	0.005398	0.000047	0.005398	0.000047	0.129500	0.001128
257	A	52578	5786141	5521903	0.009522	307579	2451	5780837	439	734487	713336	0.000615	11428	103	732569	0	0	0	nan	0	0	0	0.008906	0.000051	0.008906	0.000051	0.213658	0.001224
258	U	14054	5787005	5531003	0.002541	307733	2462	5781712	1123	734497	711422	0.001579	11429	103	732579	0	0	0	nan	0	0	0	0.000962	0.000052	0.000962	0.000052	0.023079	0.001247
259	G	13676	5788053	5543284	0.002467	307756	2471	5782776	1794	734556	709993	0.002527	11430	103	732635	0	0	0	nan	0	0	0	-0.000060	0.000063	-0.000060	0.000063	-0.001439	0.001511
260	G	34516	5788995	5532633	0.006239	307735	2471	5783747	4252	734611	712611	0.005967	11429	104	732686	0	0	0	nan	0	0	0	0.000272	0.000097	0.000272	0.000097	0.006525	0.002327
261	C	29793	5790615	5487851	0.005429	307718	2474	5785395	1381	734651	710614	0.001943	11428	104	732724	0	0	0	nan	0	0	0	0.003486	0.000061	0.003486	0.000061	0.083630	0.001463
262	U	34871	5793191	5311073	0.006566	307697	2474	5788006	1132	734729	707815	0.001599	11428	104	732798	0	0	0	nan	0	0	0	0.004966	0.000059	0.004966	0.000059	0.119136	0.001415
263	U	32521	5798101	5214421	0.006237	307683	2480	5792970	819	734957	707107	0.001158	11423	104	733022	0	0	0	nan	0	0	0	0.005079	0.000053	0.005079	0.000053	0.121847	0.001271
264	A	226696	5801585	5345078	0.042412	304956	2482	5796764	656	734983	707531	0.000927	10582	105	733141	0	0	0	nan	0	0	0	0.041485	0.000096	0.041485	0.000096	0.995241	0.002303
265	U	77421	5807934	5462608	0.014173	304992	2488	5803173	722	735198	709967	0.001017	10584	105	733355	0	0	0	nan	0	0	0	0.013156	0.000063	0.013156	0.000063	0.315617	0.001511
266	A	471557	5813571	5566450	0.084714	304994	2502	5808852	593	735246	713006	0.000832	10584	105	733403	0	0	0	nan	0	0	0	0.083882	0.000128	0.083882	0.000128	2.012361	0.003071
267	G	14481	5818620	5612165	0.002580	305059	2511	5813947	1070	735333	713470	0.001500	10586	105	733490	0	0	0	nan	0	0	0	0.001081	0.000051	0.001081	0.000051	0.025934	0.001224
268	A	38286	5819972	5630663	0.006800	305038	2515	5815325	671	735372	712813	0.000941	10584	105	733529	0	0	0	nan	0	0	0	0.005858	0.000050	0.005858	0.000050	0.140536	0.001200
269	G	43617	5823765	5637011	0.007738	305031	2519	5819149	3465	735493	713061	0.004859	10585	105	733650	0	0	0	nan	0	0	0	0.002878	0.000090	0.002878	0.000090	0.069044	0.002159
270	C	10989	5828231	5667426	0.001939	305024	2529	5823640	1087	735647	715083	0.001520	10585	105	733804	0	0	0	nan	0	0	0	0.000419	0.000050	0.000419	0.000050	0.010052	0.001200
271	A	26462	5832969	5685884	0.004654	305025	2536	5828403	683	735825	712762	0.000958	10585	106	733982	0	0	0	nan	0	0	0	0.003696	0.000047	0.003696	0.000047	0.088668	0.001128
272	U	6973	5836645	5704539	0.001222	305001	2534	5832109	1684	735923	712348	0.002364	10585	106	734080	0	0	0	nan	0	0	0	-0.001142	0.000059	-0.001142	0.000059	-0.027397	0.001415
273	G	14178	5841045	5683318	0.002495	304940	2543	5836559	1071	736125	711704	0.001505	10583	106	734282	0	0	0	nan	0	0	0	0.000990	0.000051	0.000990	0.000051	0.023750	0.001224
274	A	38268	5843025	5700333	0.006713	304934	2541	5838587	1377	736196	711767	0.001935	10583	107	734353	0	0	0	nan	0	0	0	0.004779	0.000062	0.004779	0.000062	0.114650	0.001487
275	U	6156	5846588	5685085	0.001083	304912	2547	5842164	1291	736362	709349	0.001820	10583	108	734519	0	0	0	nan	0	0	0	-0.000737	0.000052	-0.000737	0.000052	-0.017681	0.001247
276	U	3407	5849414	5694480	0.000598	304808	2549	5845015	550	736605	712339	0.000772	10582	108	734762	0	0	0	nan	0	0	0	-0.000174	0.000034	-0.000174	0.000034	-0.004174	0.000816
277	A	9274	5851426	5688621	0.001630	304805	2552	5847049	346	736702	717010	0.000483	10582	108	734859	0	0	0	nan	0	0	0	0.001148	0.000031	0.001148	0.000031	0.027541	0.000744
278	A	21550	5852915	5664635	0.003804	304539	2552	5848563	376	736850	718530	0.000523	10578	108	735007	0	0	0	nan	0	0	0	0.003281	0.000037	0.003281	0.000037	0.078712	0.000888
279	C	7044	5853115	5587857	0.001261	304522	2554	5848781	705	736889	715185	0.000986	10577	108	735047	0	0	0	nan	0	0	0	0.000275	0.000040	0.000275	0.000040	0.006597	0.000960
280	G	292349	5853074	5552623	0.052651	304275	2568	5848760	1134	736990	710631	0.001596	10576	109	735148	0	0	0	nan	0	0	0	0.051055	0.000108	0.051055	0.000108	1.224829	0.002591
281	U	254143	5854428	5495584	0.046245	303912	2574	5850210	3560	736347	705819	0.005044	10602	111	734506	0	0	0	nan	0	0	0	0.041201	0.000125	0.041201	0.000125	0.988428	0.002999
282	C	593803	5855074	5437541	0.109204	303697	2572	5850880	765	736317	695687	0.001100	10601	111	734476	0	0	0	nan	0	0	0	0.108105	0.000147	0.108105	0.000147	2.593480	0.003527
283	U	237022	5856811	5449248	0.043496	303098	2660	5852647	2004	736416	697647	0.002873	10403	123	734575	0	0	0	nan	0	0	0	0.040624	0.000110	0.040624	0.000110	0.974585	0.002639
284	C	716522	5859621	5556957	0.128941	303016	2671	5855478	712	736585	695830	0.001023	10403	123	734744	0	0	0	nan	0	0	0	0.127918	0.000157	0.127918	0.000157	3.068801	0.003766
285	G	17373	5864711	5577614	0.003115	302957	2676	5860586	860	736926	704267	0.001221	10394	123	735085	0	0	0	nan	0	0	0	0.001894	0.000048	0.001894	0.000048	0.045438	0.001152
286	A	59192	5867149	5617710	0.010537	302915	2676	5863044	2284	737260	694599	0.003288	10393	123	735419	0	0	0	nan	0	0	0	0.007248	0.000081	0.007248	0.000081	0.173882	0.001943
287	U	17131	5870868	5624411	0.003046	302927	2706	5866789	2595	737488	694885	0.003734	10393	124	735647	0	0	0	nan	0	0	0	-0.000689	0.000077	-0.000689	0.000077	-0.016529	0.001847
288	C	10803	5876268	5655313	0.001910	302917	2712	5872206	1445	738068	700187	0.002064	10395	124	736227	0	0	0	nan	0	0	0	-0.000153	0.000057	-0.000153	0.000057	-0.003671	0.001367
289	C	6868	5880867	5648671	0.001216	302851	2726	5876827	919	738592	716221	0.001283	10393	124	736752	0	0	0	nan	0	0	0	-0.000067	0.000045	-0.000067	0.000045	-0.001607	0.001080
290	G	36333	5883959	5624430	0.006460	302833	2760	5879946	2517	738952	712788	0.003531	10392	125	737112	0	0	0	nan	0	0	0	0.002929	0.000078	0.002929	0.000078	0.070268	0.001871
291	G	48723	5887161	5539598	0.008795	302723	2761	5883186	1737	739450	707875	0.002454	10387	125	737610	0	0	0	nan	0	0	0	0.006342	0.000071	0.006342	0.000071	0.152147	0.001703
292	U	145534	5888455	5451498	0.026696	302701	2762	5884512	1052	739655	695195	0.001513	10389	125	737816	0	0	0	nan	0	0	0	0.025183	0.000084	0.025183	0.000084	0.604150	0.002015
293	U	359235	5889831	5389812	0.066651	302435	2762	5885916	932	739804	698112	0.001335	10372	125	737965	0	0	0	nan	0	0	0	0.065316	0.000119	0.065316	0.000119	1.566955	0.002855
294	C	733864	5890195	5555567	0.132095	302312	2762	5886307	730	740015	703917	0.001037	10361	125	738182	0	0	0	nan	0	0	0	0.131058	0.000159	0.131058	0.000159	3.144131	0.003814
295	G	94285	5895186	5641150	0.016714	284038	2743	5892599	2886	739439	719296	0.004012	6362	126	738417	0	0	0	nan	0	0	0	0.012702	0.000092	0.012702	0.000092	0.304726	0.002207
296	C	30613	5890055	5680186	0.005389	280125	2743	5887788	1275	739546	724729	0.001759	5635	126	738691	0	0	0	nan	0	0	0	0.003630	0.000058	0.003630	0.000058	0.087085	0.001391
297	C	5650	5886612	5683661	0.000994	277859	2740	5884886	761	739577	725673	0.001049	4301	126	739007	0	0	0	nan	0	0	0	-0.000055	0.000040	-0.000055	0.000040	-0.001319	0.000960
298	G	19047	5887860	5680013	0.003353	274362	2733	5886508	2137	739773	726470	0.002942	3273	125	739419	0	0	0	nan	0	0	0	0.000412	0.000068	0.000412	0.000068	0.009884	0.001631
299	G	21117	5882753	5640546	0.003744	272113	2733	5881778	1259	739882	723277	0.001741	2332	125	739723	0	0	0	nan	0	0	0	0.002003	0.000055	0.002003	0.000055	0.048053	0.001319
300	A	20227	5849250	5600093	0.003612	270887	2731	5848586	440	739870	715533	0.000615	1826	125	739813	0	0	0	nan	0	0	0	0.002997	0.000039	0.002997	0.000039	0.071899	0.000936
301	U	43723	5849883	5601060	0.007806	270400	2731	5849283	4283	739933	712572	0.006011	1689	125	739901	0	0	0	nan	0	0	0	0.001796	0.000099	0.001796	0.000099	0.043087	0.002375
302	C	48785	5844031	5616404	0.008686	270345	2731	5843506	937	740025	713100	0.001314	1676	125	739994	0	0	0	nan	0	0	0	0.007372	0.000058	0.007372	0.000058	0.176857	0.001391
303	C	817328	5843097	5570117	0.146734	269567	2728	5842656	842	740123	719495	0.001170	1590	125	740105	0	0	0	nan	0	0	0	0.145564	0.000167	0.145564	0.000167	3.492135	0.004006
304	A	108353	5841685	5394578	0.020086	269248	2725	5841295	1287	740113	717628	0.001793	1531	125	740102	0	0	0	nan	0	0	0	0.018292	0.000079	0.018292	0.000079	0.438832	0.001895
305	A	221750	5840409	5560497	0.039880	268966	2724	5840088	472	740106	711489	0.000663	1508	125	740101	0	0	0	nan	0	0	0	0.039216	0.000090	0.039216	0.000090	0.940807	0.002159
306	A	156665	5839556	5549845	0.028229	268547	2719	5839281	436	740100	698497	0.000624	1487	125	740098	0	0	0	nan	0	0	0	0.027605	0.000077	0.027605	0.000077	0.662254	0.001847
307	U	98586	5839171	5630898	0.017508	268410	2717	5838933	620	740100	701943	0.000883	1466	125	740098	0	0	0	nan	0	0	0	0.016625	0.000066	0.016625	0.000066	0.398840	0.001583
308	C	48095	5838410	5578500	0.008621	268339	2717	5838210	2309	740096	708262	0.003260	1459	125	740096	0	0	0	nan	0	0	0	0.005361	0.000078	0.005361	0.000078	0.128612	0.001871
309	G	0	5838126	5631850	0.000000	268214	2716	5837960	0	740096	722532	0.000000	1455	125	740096	0	0	0	nan	0	0	0	0.000000	0.000000	0.000000	0.000000	0.000000	0.000000
310	g	0	5837635	0	nan	268093	2714	5837506	0	740096	0	nan	1454	125	740096	0	0	0	nan	0	0	0	nan	nan	nan	nan	nan	nan
311	g	0	5837217	0	nan	267824	2713	5837116	0	740096	0	nan	1453	125	740096	0	0	0	nan	0	0	0	nan	nan	nan	nan	nan	nan
312	c	0	5836598	0	nan	267814	2713	5836550	0	740095	0	nan	1453	125	740095	0	0	0	nan	0	0	0	nan	nan	nan	nan	nan	nan
313	u	0	5836415	0	nan	267691	2713	5836385	0	740095	0	nan	1452	125	740095	0	0	0	nan	0	0	0	nan	nan	nan	nan	nan	nan
314	u	0	5836251	0	nan	267420	2713	5836239	0	740095	0	nan	1449	125	740095	0	0	0	nan	0	0	0	nan	nan	nan	nan	nan	nan
315	c	0	5835666	0	nan	267418	2713	5835666	0	740094	0	nan	1449	125	740094	0	0	0	nan	0	0	0	nan	nan	nan	nan	nan	nan
316	g	0	5835388	0	nan	267418	2713	5835388	0	740093	0	nan	1449	125	740093	0	0	0	nan	0	0	0	nan	nan	nan	nan	nan	nan
317	g	0	5834396	0	nan	267417	2712	5834396	0	740091	0	nan	1449	125	740091	0	0	0	nan	0	0	0	nan	nan	nan	nan	nan	nan
318	u	0	5833434	0	nan	267417	2712	5833434	0	740091	0	nan	1449	125	740091	0	0	0	nan	0	0	0	nan	nan	nan	nan	nan	nan
319	c	0	5831898	0	nan	267416	2710	5831898	0	740089	0	nan	1449	125	740089	0	0	0	nan	0	0	0	nan	nan	nan	nan	nan	nan
320	c	0	5829903	0	nan	267412	2707	5829903	0	740063	0	nan	1449	125	740063	0	0	0	nan	0	0	0	nan	nan	nan	nan	nan	nan
321	g	0	5829691	0	nan	267409	2707	5829691	0	740041	0	nan	1449	125	740041	0	0	0	nan	0	0	0	nan	nan	nan	nan	nan	nan
322	g	0	5826705	0	nan	267378	2705	5826705	0	740001	0	nan	1449	125	740001	0	0	0	nan	0	0	0	nan	nan	nan	nan	nan	nan
323	u	0	5824484	0	nan	267361	2705	5824484	0	739909	0	nan	1449	125	739909	0	0	0	nan	0	0	0	nan	nan	nan	nan	nan	nan
324	u	0	5808398	0	nan	266525	2692	5808398	0	738327	0	nan	1444	124	738327	0	0	0	nan	0	0	0	nan	nan	nan	nan	nan	nan
325	c	0	5791397	0	nan	265970	2685	5791397	0	736867	0	nan	1441	123	736867	0	0	0	nan	0	0	0	nan	nan	nan	nan	nan	nan