176	Window=3	Metric=PAIRMAPPER	
i	j	Sig.	Class	Zij	Zi	Zj	Mod_Depth	Mod_Comuts	Unt_Depth	Unt_Comuts
23	52	170.25	1	4.67	4.19	5.15	293221	1274	695639	1061
62	78	437.02	1	5.42	2.04	8.80	326860	445	746020	61
63	77	523.10	1	4.38	4.12	4.64	326338	513	744798	146
64	76	150.41	1	2.39	3.34	1.45	327287	352	745413	186
65	75	88.98	1	3.79	6.63	0.95	325709	308	742158	371
84	127	564.91	1	6.39	7.93	4.84	305373	1481	745063	99
99	114	252.07	1	2.93	4.50	1.37	300312	461	748789	20
100	113	438.38	1	5.71	7.28	4.15	303226	726	749133	81
136	151	507.64	1	5.91	4.79	7.03	296107	533	683257	161
137	150	67.56	1	2.38	0.49	4.27	300963	358	688321	238
138	149	116.04	1	4.15	1.78	6.52	307455	275	701298	192
24	51	41.41	2	2.15	3.01	1.28	289117	595	691896	184
24	52	89.58	2	4.61	6.50	2.72	288690	952	691436	680
33	51	77.68	2	2.61	2.83	2.39	310391	621	742103	319
36	48	66.70	2	4.49	3.53	5.46	258772	981	739564	178
82	129	44.25	2	3.28	2.15	4.40	303927	2561	745869	175
83	128	214.03	2	4.40	5.20	3.60	299500	1708	742625	119
90	122	77.07	2	2.21	3.01	1.40	309350	568	743963	232
98	116	145.17	2	2.03	2.72	1.35	306200	475	747526	66
109	119	28.55	2	2.49	4.38	0.59	327080	1659	747216	61
141	157	26.58	2	2.62	0.49	4.75	301517	326	701289	89
51	76	42.40	0	0.86	1.31	0.41	324924	450	743463	260
65	77	39.14	0	1.63	2.92	0.35	325400	227	741748	289
85	126	27.85	0	1.55	2.85	0.25	313213	648	743984	81
89	123	93.13	0	1.75	2.64	0.85	309836	584	741850	309
90	119	35.44	0	1.08	1.40	0.75	314303	832	746069	72
97	118	35.09	0	0.74	0.35	1.13	316367	584	747268	169
97	121	84.38	0	1.83	0.88	2.79	316567	654	746520	147
98	117	52.39	0	0.97	0.97	0.97	313573	452	747983	85
98	121	26.93	0	0.66	0.49	0.82	315280	359	747015	80
98	122	65.19	0	1.19	1.21	1.18	311678	333	745852	227
109	130	33.88	0	3.54	5.21	1.87	306846	4048	744390	169
112	128	24.00	0	0.43	0.48	0.38	307413	1494	743293	106
139	148	34.19	0	1.81	0.38	3.23	312101	275	710522	195
