Nucleotide	Sequence	Modified_mutations	Modified_read_depth	Modified_effective_depth	Modified_rate	Modified_off_target_mapped_depth	Modified_low_mapq_mapped_depth	Modified_mapped_depth	Untreated_mutations	Untreated_read_depth	Untreated_effective_depth	Untreated_rate	Untreated_off_target_mapped_depth	Untreated_low_mapq_mapped_depth	Untreated_mapped_depth	Denatured_mutations	Denatured_read_depth	Denatured_effective_depth	Denatured_rate	Denatured_off_target_mapped_depth	Denatured_low_mapq_mapped_depth	Denatured_mapped_depth	Reactivity_profile	Std_err	HQ_profile	HQ_stderr	Norm_profile	Norm_stderr
1	g	0	149962	147426	0.000000	0	120	149962	0	157232	155084	0.000000	0	74	157232	0	0	0	nan	0	0	0	0.000000	0.000000	nan	nan	nan	nan
2	g	0	150310	147100	0.000000	0	122	150310	0	157568	154687	0.000000	0	75	157568	0	0	0	nan	0	0	0	0.000000	0.000000	nan	nan	nan	nan
3	c	88	150473	147926	0.000595	0	123	150473	95	157709	155299	0.000612	0	75	157709	0	0	0	nan	0	0	0	-0.000017	0.000089	nan	nan	nan	nan
4	c	169	150559	148603	0.001137	0	123	150559	240	157760	155731	0.001541	0	75	157760	0	0	0	nan	0	0	0	-0.000404	0.000132	nan	nan	nan	nan
5	u	96	150581	148933	0.000645	0	123	150581	101	157761	155997	0.000647	0	75	157761	0	0	0	nan	0	0	0	-0.000003	0.000092	nan	nan	nan	nan
6	u	50	150602	148826	0.000336	0	123	150602	46	157768	155893	0.000295	0	75	157768	0	0	0	nan	0	0	0	0.000041	0.000064	nan	nan	nan	nan
7	c	240	150605	148462	0.001617	0	123	150605	309	157770	155454	0.001988	0	75	157770	0	0	0	nan	0	0	0	-0.000371	0.000154	nan	nan	nan	nan
8	g	350	150614	147236	0.002377	0	124	150614	701	157775	154168	0.004547	0	75	157775	0	0	0	nan	0	0	0	-0.002170	0.000214	nan	nan	nan	nan
9	g	215	150625	146252	0.001470	0	124	150625	334	157776	153223	0.002180	0	75	157776	0	0	0	nan	0	0	0	-0.000710	0.000156	nan	nan	nan	nan
10	g	118	150633	146234	0.000807	0	124	150633	135	157778	153172	0.000881	0	75	157778	0	0	0	nan	0	0	0	-0.000074	0.000106	nan	nan	nan	nan
11	c	110	150643	147035	0.000748	0	124	150643	126	157778	154022	0.000818	0	75	157778	0	0	0	nan	0	0	0	-0.000070	0.000102	nan	nan	nan	nan
12	c	414	150645	148210	0.002793	0	124	150645	471	157780	155140	0.003036	0	75	157780	0	0	0	nan	0	0	0	-0.000243	0.000196	nan	nan	nan	nan
13	a	953	150653	148201	0.006430	0	124	150653	112	157780	155113	0.000722	0	75	157780	0	0	0	nan	0	0	0	0.005708	0.000219	nan	nan	nan	nan
14	a	3440	150659	147786	0.023277	0	124	150659	142	157780	154783	0.000917	0	75	157780	0	0	0	nan	0	0	0	0.022359	0.000404	nan	nan	nan	nan
15	G	683	150664	147671	0.004625	0	124	150664	645	157780	154902	0.004164	0	75	157780	0	0	0	nan	0	0	0	0.000461	0.000241	0.000461	0.000241	0.017786	0.009298
16	U	1184	150667	147529	0.008026	0	124	150667	1426	157781	154851	0.009209	0	75	157781	0	0	0	nan	0	0	0	-0.001183	0.000337	-0.001183	0.000337	-0.045641	0.013002
17	U	251	150677	147871	0.001697	0	124	150677	237	157781	155363	0.001525	0	75	157781	0	0	0	nan	0	0	0	0.000172	0.000146	0.000172	0.000146	0.006636	0.005633
18	A	691	150686	146573	0.004714	0	124	150686	157	157783	154828	0.001014	0	75	157783	0	0	0	nan	0	0	0	0.003700	0.000197	0.003700	0.000197	0.142749	0.007600
19	A	1301	150690	147615	0.008813	0	124	150690	107	157783	154961	0.000690	0	75	157783	0	0	0	nan	0	0	0	0.008123	0.000253	0.008123	0.000253	0.313393	0.009761
20	U	379	150696	147681	0.002566	0	124	150696	386	157784	154922	0.002492	0	75	157784	0	0	0	nan	0	0	0	0.000075	0.000183	0.000075	0.000183	0.002894	0.007060
21	C	576	150702	147421	0.003907	0	124	150702	635	157787	155064	0.004095	0	75	157787	0	0	0	nan	0	0	0	-0.000188	0.000230	-0.000188	0.000230	-0.007253	0.008874
22	A	1278	150713	148053	0.008632	0	124	150713	219	157790	155214	0.001411	0	75	157790	0	0	0	nan	0	0	0	0.007221	0.000260	0.007221	0.000260	0.278593	0.010031
23	U	354	150722	147486	0.002400	0	124	150722	379	157790	154644	0.002451	0	75	157790	0	0	0	nan	0	0	0	-0.000051	0.000179	-0.000051	0.000179	-0.001968	0.006906
24	G	906	150722	147395	0.006147	0	124	150719	855	157787	154666	0.005528	0	75	157779	0	0	0	nan	0	0	0	0.000619	0.000278	0.000619	0.000278	0.023882	0.010725
25	C	357	150726	146379	0.002439	0	124	150719	304	157777	154167	0.001972	0	75	157762	0	0	0	nan	0	0	0	0.000467	0.000172	0.000467	0.000172	0.018017	0.006636
26	U	330	150719	146591	0.002251	0	124	150703	340	157763	154717	0.002198	0	75	157742	0	0	0	nan	0	0	0	0.000054	0.000172	0.000054	0.000172	0.002083	0.006636
27	C	915	150712	146078	0.006264	0	124	150686	1137	157758	154285	0.007369	0	75	157728	0	0	0	nan	0	0	0	-0.001106	0.000301	-0.001106	0.000301	-0.042671	0.011613
28	G	2146	150687	145789	0.014720	0	124	150636	2396	157715	153929	0.015566	0	75	157659	0	0	0	nan	0	0	0	-0.000846	0.000450	-0.000846	0.000450	-0.032639	0.017361
29	G	4202	150677	144803	0.029019	0	124	150616	1964	157704	153195	0.012820	0	75	157636	0	0	0	nan	0	0	0	0.016198	0.000533	0.016198	0.000533	0.624934	0.020564
30	G	863	150668	144093	0.005989	0	124	150593	578	157701	152849	0.003782	0	75	157625	0	0	0	nan	0	0	0	0.002208	0.000257	0.002208	0.000257	0.085187	0.009915
31	U	389	150647	143458	0.002712	0	123	150556	420	157701	153031	0.002745	0	74	157617	0	0	0	nan	0	0	0	-0.000033	0.000192	-0.000033	0.000192	-0.001273	0.007408
32	A	992	150635	143705	0.006903	0	123	150538	141	157694	153503	0.000919	0	74	157592	0	0	0	nan	0	0	0	0.005984	0.000232	0.005984	0.000232	0.230868	0.008951
33	A	1772	150628	144575	0.012257	0	123	150523	134	157691	153742	0.000872	0	74	157577	0	0	0	nan	0	0	0	0.011385	0.000301	0.011385	0.000301	0.439244	0.011613
34	U	577	150620	144587	0.003991	0	123	150503	610	157685	154003	0.003961	0	74	157565	0	0	0	nan	0	0	0	0.000030	0.000231	0.000030	0.000231	0.001157	0.008912
35	C	512	150610	139842	0.003661	0	123	150476	517	157678	152098	0.003399	0	74	157545	0	0	0	nan	0	0	0	0.000262	0.000220	0.000262	0.000220	0.010108	0.008488
36	G	2447	150589	140058	0.017471	0	123	150443	1465	157652	152247	0.009623	0	74	157499	0	0	0	nan	0	0	0	0.007849	0.000434	0.007849	0.000434	0.302822	0.016744
37	C	330	150559	138538	0.002382	0	123	150402	272	157621	150847	0.001803	0	74	157451	0	0	0	nan	0	0	0	0.000579	0.000171	0.000579	0.000171	0.022338	0.006597
38	U	306	150517	138210	0.002214	0	123	150328	382	157592	150605	0.002536	0	74	157393	0	0	0	nan	0	0	0	-0.000322	0.000181	-0.000322	0.000181	-0.012423	0.006983
39	G	813	150495	137944	0.005894	0	123	150286	856	157566	150401	0.005691	0	74	157344	0	0	0	nan	0	0	0	0.000202	0.000284	0.000202	0.000284	0.007793	0.010957
40	C	411	150491	138241	0.002973	0	123	150269	515	157555	150753	0.003416	0	74	157318	0	0	0	nan	0	0	0	-0.000443	0.000210	-0.000443	0.000210	-0.017091	0.008102
41	G	721	150467	137567	0.005241	0	123	150234	791	157530	149991	0.005274	0	74	157272	0	0	0	nan	0	0	0	-0.000033	0.000271	-0.000033	0.000271	-0.001273	0.010455
42	G	6617	150442	142297	0.046501	0	123	150194	3667	157510	152177	0.024097	0	72	157227	0	0	0	nan	0	0	0	0.022404	0.000697	0.022404	0.000697	0.864367	0.026891
43	C	500	150430	142706	0.003504	0	123	150174	422	157499	152508	0.002767	0	72	157206	0	0	0	nan	0	0	0	0.000737	0.000207	0.000737	0.000207	0.028434	0.007986
44	C	595	150425	142782	0.004167	0	123	150155	682	157493	153309	0.004449	0	72	157193	0	0	0	nan	0	0	0	-0.000281	0.000241	-0.000281	0.000241	-0.010841	0.009298
45	G	3987	150421	141310	0.028215	0	122	150134	2168	157484	152544	0.014212	0	72	157177	0	0	0	nan	0	0	0	0.014002	0.000541	0.014002	0.000541	0.540210	0.020872
46	G	5176	150418	141508	0.036577	0	122	150120	3229	157476	152246	0.021209	0	71	157161	0	0	0	nan	0	0	0	0.015368	0.000631	0.015368	0.000631	0.592912	0.024345
47	U	1759	150413	141175	0.012460	0	122	150109	633	157473	152130	0.004161	0	71	157144	0	0	0	nan	0	0	0	0.008299	0.000340	0.008299	0.000340	0.320183	0.013118
48	U	2492	150400	137292	0.018151	0	122	150092	266	157466	150800	0.001764	0	71	157126	0	0	0	nan	0	0	0	0.016387	0.000379	0.016387	0.000379	0.632226	0.014622
49	U	3382	145552	137951	0.024516	0	53	145232	488	155536	151136	0.003229	0	26	155176	0	0	0	nan	0	0	0	0.021287	0.000446	0.021287	0.000446	0.821272	0.017207
50	C	1883	145567	138417	0.013604	0	53	145239	572	155531	151055	0.003787	0	26	155166	0	0	0	nan	0	0	0	0.009817	0.000351	0.009817	0.000351	0.378749	0.013542
51	G	1643	145508	138533	0.011860	0	51	145167	981	155499	151059	0.006494	0	26	155120	0	0	0	nan	0	0	0	0.005366	0.000359	0.005366	0.000359	0.207025	0.013851
52	G	2692	145184	138376	0.019454	0	48	144833	2214	155370	150596	0.014702	0	25	154983	0	0	0	nan	0	0	0	0.004753	0.000488	0.004753	0.000488	0.183375	0.018827
53	C	1317	144977	138618	0.009501	0	43	144619	1000	155259	150735	0.006634	0	20	154863	0	0	0	nan	0	0	0	0.002867	0.000335	0.002867	0.000335	0.110612	0.012925
54	C	679	144766	139309	0.004874	0	42	144401	812	155171	151475	0.005361	0	19	154766	0	0	0	nan	0	0	0	-0.000487	0.000265	-0.000487	0.000265	-0.018789	0.010224
55	G	717	144598	139301	0.005147	0	39	144218	527	155088	151421	0.003480	0	16	154677	0	0	0	nan	0	0	0	0.001667	0.000245	0.001667	0.000245	0.064314	0.009452
56	U	269	144490	138993	0.001935	0	38	144100	242	155024	151140	0.001601	0	16	154607	0	0	0	nan	0	0	0	0.000334	0.000157	0.000334	0.000157	0.012886	0.006057
57	A	335	144443	138843	0.002413	0	38	144038	155	154973	150911	0.001027	0	15	154542	0	0	0	nan	0	0	0	0.001386	0.000156	0.001386	0.000156	0.053473	0.006019
58	G	490	144408	138793	0.003530	0	38	143998	457	154950	150975	0.003027	0	15	154508	0	0	0	nan	0	0	0	0.000503	0.000213	0.000503	0.000213	0.019406	0.008218
59	A	2120	144387	139313	0.015218	0	38	143962	248	154923	151325	0.001639	0	15	154477	0	0	0	nan	0	0	0	0.013579	0.000347	0.013579	0.000347	0.523891	0.013388
60	G	1299	144378	139245	0.009329	0	38	143950	1053	154914	151097	0.006969	0	15	154465	0	0	0	nan	0	0	0	0.002360	0.000336	0.002360	0.000336	0.091051	0.012963
61	G	1202	144372	138588	0.008673	0	38	143934	1568	154899	151190	0.010371	0	15	154445	0	0	0	nan	0	0	0	-0.001698	0.000362	-0.001698	0.000362	-0.065510	0.013966
62	A	1261	144368	137846	0.009148	0	37	143927	405	154896	150705	0.002687	0	15	154437	0	0	0	nan	0	0	0	0.006461	0.000290	0.006461	0.000290	0.249271	0.011188
63	A	1169	144367	138281	0.008454	0	37	143923	152	154892	150788	0.001008	0	15	154430	0	0	0	nan	0	0	0	0.007446	0.000260	0.007446	0.000260	0.287274	0.010031
64	A	2551	144364	139123	0.018336	0	36	143911	120	154886	150925	0.000795	0	15	154424	0	0	0	nan	0	0	0	0.017541	0.000370	0.017541	0.000370	0.676748	0.014275
65	G	524	144363	139923	0.003745	0	35	143908	425	154883	151257	0.002810	0	15	154419	0	0	0	nan	0	0	0	0.000935	0.000213	0.000935	0.000213	0.036073	0.008218
66	U	4891	144361	140144	0.034900	0	35	143903	3413	154895	151568	0.022518	0	15	154428	0	0	0	nan	0	0	0	0.012382	0.000631	0.012382	0.000631	0.477709	0.024345
67	C	529	144359	140245	0.003772	0	33	143889	621	154887	152058	0.004084	0	15	154418	0	0	0	nan	0	0	0	-0.000312	0.000232	-0.000312	0.000232	-0.012037	0.008951
68	C	584	144361	140082	0.004169	0	29	143876	722	154888	151963	0.004751	0	13	154412	0	0	0	nan	0	0	0	-0.000582	0.000247	-0.000582	0.000247	-0.022454	0.009529
69	A	1716	144356	140124	0.012246	0	27	143844	237	154884	151968	0.001560	0	12	154398	0	0	0	nan	0	0	0	0.010687	0.000313	0.010687	0.000313	0.412314	0.012076
70	U	465	144351	140045	0.003320	0	27	143838	395	154880	151921	0.002600	0	11	154387	0	0	0	nan	0	0	0	0.000720	0.000202	0.000720	0.000202	0.027778	0.007793
71	G	983	144342	139890	0.007027	0	27	143818	872	154874	151932	0.005739	0	10	154366	0	0	0	nan	0	0	0	0.001288	0.000297	0.001288	0.000297	0.049692	0.011459
72	C	862	144337	138937	0.006204	0	26	143796	898	154868	151151	0.005941	0	9	154352	0	0	0	nan	0	0	0	0.000263	0.000290	0.000263	0.000290	0.010147	0.011188
73	U	513	144330	138664	0.003700	0	25	143776	540	154861	151241	0.003570	0	9	154332	0	0	0	nan	0	0	0	0.000129	0.000224	0.000129	0.000224	0.004977	0.008642
74	C	595	144325	138218	0.004305	0	25	143768	732	154855	150836	0.004853	0	9	154323	0	0	0	nan	0	0	0	-0.000548	0.000252	-0.000548	0.000252	-0.021142	0.009722
75	G	1536	144316	138033	0.011128	0	24	143752	1263	154848	151435	0.008340	0	9	154316	0	0	0	nan	0	0	0	0.002788	0.000368	0.002788	0.000368	0.107564	0.014198
76	C	738	144308	135221	0.005458	0	24	143740	270	154837	151050	0.001787	0	7	154301	0	0	0	nan	0	0	0	0.003670	0.000228	0.003670	0.000228	0.141592	0.008796
77	A	8876	144303	137658	0.064479	0	22	143726	185	154836	151361	0.001222	0	7	154301	0	0	0	nan	0	0	0	0.063256	0.000690	0.063256	0.000690	2.440476	0.026621
78	C	356	144291	137736	0.002585	0	22	143715	314	154826	151319	0.002075	0	7	154290	0	0	0	nan	0	0	0	0.000510	0.000180	0.000510	0.000180	0.019676	0.006945
79	G	3318	144288	137733	0.024090	0	22	143709	2129	154820	151108	0.014089	0	7	154282	0	0	0	nan	0	0	0	0.010001	0.000518	0.010001	0.000518	0.385848	0.019985
80	G	661	144273	137030	0.004824	0	21	143683	854	154811	150553	0.005672	0	7	154261	0	0	0	nan	0	0	0	-0.000849	0.000270	-0.000849	0.000270	-0.032755	0.010417
81	U	4165	144261	136498	0.030513	0	16	143660	445	154800	150219	0.002962	0	7	154243	0	0	0	nan	0	0	0	0.027551	0.000493	0.027551	0.000493	1.062943	0.019020
82	G	1339	144246	136734	0.009793	0	16	143644	1116	154786	150655	0.007408	0	7	154218	0	0	0	nan	0	0	0	0.002385	0.000348	0.002385	0.000348	0.092016	0.013426
83	C	290	144240	136917	0.002118	0	16	143632	320	154776	151015	0.002119	0	7	154204	0	0	0	nan	0	0	0	-0.000001	0.000172	-0.000001	0.000172	-0.000039	0.006636
84	U	294	144198	136187	0.002159	0	16	143576	346	154722	151263	0.002287	0	7	154138	0	0	0	nan	0	0	0	-0.000129	0.000176	-0.000129	0.000176	-0.004977	0.006790
85	G	469	144189	131022	0.003580	0	15	143563	721	154712	151111	0.004771	0	7	154121	0	0	0	nan	0	0	0	-0.001192	0.000243	-0.001192	0.000243	-0.045988	0.009375
86	A	23995	144166	137346	0.174705	0	15	143528	308	154690	150782	0.002043	0	7	154091	0	0	0	nan	0	0	0	0.172662	0.001134	0.172662	0.001134	6.661461	0.043751
87	G	330	144167	137460	0.002401	0	12	143529	338	154689	150628	0.002244	0	7	154091	0	0	0	nan	0	0	0	0.000157	0.000180	0.000157	0.000180	0.006057	0.006945
88	A	605	144197	137791	0.004391	0	12	143564	200	154686	150986	0.001325	0	7	154089	0	0	0	nan	0	0	0	0.003066	0.000202	0.003066	0.000202	0.118289	0.007793
89	U	1456	144196	138433	0.010518	0	11	143560	251	154685	151445	0.001657	0	6	154087	0	0	0	nan	0	0	0	0.008860	0.000295	0.008860	0.000295	0.341827	0.011381
90	G	691	144183	138441	0.004991	0	11	143550	816	154678	151690	0.005379	0	6	154087	0	0	0	nan	0	0	0	-0.000388	0.000267	-0.000388	0.000267	-0.014969	0.010301
91	C	1669	144184	138108	0.012085	0	10	143553	2015	154675	151104	0.013335	0	4	154082	0	0	0	nan	0	0	0	-0.001250	0.000419	-0.001250	0.000419	-0.048226	0.016165
92	C	437	144180	138306	0.003160	0	10	143537	611	154669	151386	0.004036	0	4	154067	0	0	0	nan	0	0	0	-0.000876	0.000222	-0.000876	0.000222	-0.033797	0.008565
93	C	801	144184	137824	0.005812	0	10	143538	1384	154662	151262	0.009150	0	4	154059	0	0	0	nan	0	0	0	-0.003338	0.000320	-0.003338	0.000320	-0.128783	0.012346
94	G	947	144191	135992	0.006964	0	10	143535	766	154660	151522	0.005055	0	4	154070	0	0	0	nan	0	0	0	0.001908	0.000291	0.001908	0.000291	0.073612	0.011227
95	U	531	144192	135422	0.003921	0	10	143532	490	154655	151436	0.003236	0	4	154062	0	0	0	nan	0	0	0	0.000685	0.000224	0.000685	0.000224	0.026428	0.008642
96	A	13848	144191	137876	0.100438	0	10	143533	299	154655	151287	0.001976	0	4	154065	0	0	0	nan	0	0	0	0.098462	0.000861	0.098462	0.000861	3.798756	0.033218
97	G	1007	144306	138540	0.007269	0	10	143654	486	154653	151557	0.003207	0	4	154063	0	0	0	nan	0	0	0	0.004062	0.000271	0.004062	0.000271	0.156716	0.010455
98	U	1903	144328	138792	0.013711	0	10	143674	539	154655	151679	0.003554	0	3	154067	0	0	0	nan	0	0	0	0.010158	0.000350	0.010158	0.000350	0.391905	0.013503
99	G	1171	144330	139012	0.008424	0	10	143673	518	154652	152244	0.003402	0	3	154062	0	0	0	nan	0	0	0	0.005021	0.000288	0.005021	0.000288	0.193715	0.011111
100	U	1906	144331	139184	0.013694	0	10	143673	575	154653	152143	0.003779	0	3	154063	0	0	0	nan	0	0	0	0.009915	0.000351	0.009915	0.000351	0.382530	0.013542
101	U	331	144328	139268	0.002377	0	10	143664	224	154653	152519	0.001469	0	3	154063	0	0	0	nan	0	0	0	0.000908	0.000163	0.000908	0.000163	0.035031	0.006289
102	C	1356	144321	137821	0.009839	0	10	143652	853	154643	152090	0.005609	0	3	154053	0	0	0	nan	0	0	0	0.004230	0.000329	0.004230	0.000329	0.163197	0.012693
103	G	1464	144303	137905	0.010616	0	10	143622	280	154624	151747	0.001845	0	3	154029	0	0	0	nan	0	0	0	0.008771	0.000299	0.008771	0.000299	0.338393	0.011536
104	U	1455	144286	134384	0.010827	0	9	143599	481	154607	151582	0.003173	0	3	154012	0	0	0	nan	0	0	0	0.007654	0.000319	0.007654	0.000319	0.295298	0.012307
105	G	2121	144263	132561	0.016000	0	9	143568	1049	154577	151205	0.006938	0	3	153979	0	0	0	nan	0	0	0	0.009063	0.000408	0.009063	0.000408	0.349659	0.015741
106	G	1411	144255	128644	0.010968	0	9	143557	1227	154571	150868	0.008133	0	3	153977	0	0	0	nan	0	0	0	0.002835	0.000373	0.002835	0.000373	0.109377	0.014391
107	A	8773	144253	128966	0.068026	0	9	143551	207	154558	150742	0.001373	0	3	153958	0	0	0	nan	0	0	0	0.066652	0.000733	0.066652	0.000733	2.571496	0.028280
108	A	2521	144238	132148	0.019077	0	9	143530	118	154552	151003	0.000781	0	3	153948	0	0	0	nan	0	0	0	0.018296	0.000387	0.018296	0.000387	0.705877	0.014931
109	A	13375	144243	135483	0.098721	0	9	143530	158	154546	151428	0.001043	0	3	153939	0	0	0	nan	0	0	0	0.097677	0.000858	0.097677	0.000858	3.768470	0.033102
110	C	837	144250	137663	0.006080	0	9	143530	329	154532	151881	0.002166	0	3	153917	0	0	0	nan	0	0	0	0.003914	0.000242	0.003914	0.000242	0.151006	0.009337
111	A	725	144173	137927	0.005256	0	9	143441	170	154430	151887	0.001119	0	3	153805	0	0	0	nan	0	0	0	0.004137	0.000213	0.004137	0.000213	0.159609	0.008218
112	C	339	144132	137374	0.002468	0	9	143387	275	154310	151432	0.001816	0	3	153668	0	0	0	nan	0	0	0	0.000652	0.000173	0.000652	0.000173	0.025155	0.006675
113	G	1139	144001	136391	0.008351	0	9	143232	1121	154186	150891	0.007429	0	3	153523	0	0	0	nan	0	0	0	0.000922	0.000332	0.000922	0.000332	0.035572	0.012809
114	A	8512	143926	136706	0.062265	0	9	143141	268	154146	150374	0.001782	0	3	153468	0	0	0	nan	0	0	0	0.060483	0.000684	0.060483	0.000684	2.333491	0.026389
115	G	1195	143901	136794	0.008736	0	9	143103	912	154102	150233	0.006071	0	3	153414	0	0	0	nan	0	0	0	0.002665	0.000323	0.002665	0.000323	0.102818	0.012462
116	C	526	143872	136262	0.003860	0	9	143062	490	154085	150370	0.003259	0	3	153386	0	0	0	nan	0	0	0	0.000602	0.000224	0.000602	0.000224	0.023226	0.008642
117	G	569	143824	135735	0.004192	0	9	142995	762	154043	150268	0.005071	0	3	153327	0	0	0	nan	0	0	0	-0.000879	0.000254	-0.000879	0.000254	-0.033913	0.009800
118	A	752	143799	135545	0.005548	0	9	142964	256	154028	150226	0.001704	0	3	153307	0	0	0	nan	0	0	0	0.003844	0.000229	0.003844	0.000229	0.148305	0.008835
119	G	4945	143793	134634	0.036729	0	9	142960	6442	154026	150356	0.042845	0	2	153305	0	0	0	nan	0	0	0	-0.006116	0.000747	-0.006116	0.000747	-0.235961	0.028820
120	A	4184	143792	133067	0.031443	0	9	142958	156	154021	150380	0.001037	0	2	153295	0	0	0	nan	0	0	0	0.030405	0.000493	0.030405	0.000493	1.173053	0.019020
121	A	10417	143805	132075	0.078872	0	9	142966	100	154018	150659	0.000664	0	2	153292	0	0	0	nan	0	0	0	0.078208	0.000776	0.078208	0.000776	3.017338	0.029939
122	A	6937	143811	133269	0.052053	0	9	142968	240	154018	150614	0.001593	0	2	153290	0	0	0	nan	0	0	0	0.050459	0.000633	0.050459	0.000633	1.946755	0.024422
123	C	1590	143905	131224	0.012117	0	9	143081	694	154018	150272	0.004618	0	2	153288	0	0	0	nan	0	0	0	0.007498	0.000351	0.007498	0.000351	0.289280	0.013542
124	C	555	143917	131430	0.004223	0	9	143087	665	154004	150314	0.004424	0	2	153271	0	0	0	nan	0	0	0	-0.000201	0.000248	-0.000201	0.000248	-0.007755	0.009568
125	C	2287	143931	128773	0.017760	0	9	143087	2549	153999	150718	0.016912	0	2	153262	0	0	0	nan	0	0	0	0.000848	0.000500	0.000848	0.000500	0.032717	0.019290
126	A	2715	143930	118286	0.022953	0	9	143072	243	153991	150579	0.001614	0	2	153247	0	0	0	nan	0	0	0	0.021339	0.000453	0.021339	0.000453	0.823279	0.017477
127	A	12364	144077	127709	0.096814	0	9	143196	91	153974	150338	0.000605	0	2	153215	0	0	0	nan	0	0	0	0.096209	0.000873	0.096209	0.000873	3.711833	0.033681
128	A	12342	144934	127909	0.096490	0	9	144048	169	153964	149939	0.001127	0	2	153201	0	0	0	nan	0	0	0	0.095363	0.000873	0.095363	0.000873	3.679194	0.033681
129	U	1850	145340	123194	0.015017	0	9	144445	242	153956	149984	0.001614	0	2	153190	0	0	0	nan	0	0	0	0.013403	0.000364	0.013403	0.000364	0.517100	0.014043
130	G	7628	145366	128499	0.059362	0	9	144465	532	153945	149372	0.003562	0	2	153173	0	0	0	nan	0	0	0	0.055801	0.000697	0.055801	0.000697	2.152855	0.026891
131	A	6335	145369	130268	0.048631	0	9	144468	187	153939	149467	0.001251	0	2	153157	0	0	0	nan	0	0	0	0.047379	0.000618	0.047379	0.000618	1.827926	0.023843
132	U	1733	145412	129286	0.013404	0	9	144512	308	153936	149263	0.002063	0	2	153151	0	0	0	nan	0	0	0	0.011341	0.000343	0.011341	0.000343	0.437546	0.013233
133	G	1918	145393	125649	0.015265	0	8	144494	1333	153888	143531	0.009287	0	2	153101	0	0	0	nan	0	0	0	0.005978	0.000432	0.005978	0.000432	0.230637	0.016667
134	G	1355	145386	123833	0.010942	0	8	144473	527	153880	143115	0.003682	0	2	153087	0	0	0	nan	0	0	0	0.007260	0.000338	0.007260	0.000338	0.280098	0.013040
135	U	1056	145340	118673	0.008898	0	8	144407	186	153775	142837	0.001302	0	2	152969	0	0	0	nan	0	0	0	0.007596	0.000290	0.007596	0.000290	0.293061	0.011188
136	A	21729	145308	127478	0.170453	0	8	144353	207	153756	142440	0.001453	0	2	152933	0	0	0	nan	0	0	0	0.169000	0.001161	0.169000	0.001161	6.520178	0.044792
137	G	1712	145330	129264	0.013244	0	8	144384	2135	153780	142347	0.014999	0	2	152952	0	0	0	nan	0	0	0	-0.001754	0.000456	-0.001754	0.000456	-0.067671	0.017593
138	G	1648	145318	128899	0.012785	0	7	144366	2265	153777	141848	0.015968	0	2	152943	0	0	0	nan	0	0	0	-0.003183	0.000460	-0.003183	0.000460	-0.122803	0.017747
139	G	1462	145311	129078	0.011326	0	7	144342	1001	153766	141697	0.007064	0	2	152917	0	0	0	nan	0	0	0	0.004262	0.000371	0.004262	0.000371	0.164432	0.014314
140	G	1714	145293	129192	0.013267	0	5	144319	1544	153762	141782	0.010890	0	2	152907	0	0	0	nan	0	0	0	0.002377	0.000424	0.002377	0.000424	0.091707	0.016358
141	C	2151	145275	129636	0.016593	0	4	144288	357	153751	141767	0.002518	0	2	152893	0	0	0	nan	0	0	0	0.014074	0.000382	0.014074	0.000382	0.542988	0.014738
142	A	1853	145140	130362	0.014214	0	4	144144	236	153649	142159	0.001660	0	2	152797	0	0	0	nan	0	0	0	0.012554	0.000347	0.012554	0.000347	0.484345	0.013388
143	C	429	145136	130494	0.003288	0	3	144130	376	153641	142296	0.002642	0	2	152784	0	0	0	nan	0	0	0	0.000645	0.000209	0.000645	0.000209	0.024885	0.008063
144	C	1167	145131	130495	0.008943	0	3	144121	1114	153639	142528	0.007816	0	2	152779	0	0	0	nan	0	0	0	0.001127	0.000351	0.001127	0.000351	0.043481	0.013542
145	U	423	145131	130103	0.003251	0	3	144119	682	153639	142405	0.004789	0	2	152780	0	0	0	nan	0	0	0	-0.001538	0.000242	-0.001538	0.000242	-0.059337	0.009337
146	U	775	145129	128798	0.006017	0	3	144120	1442	153636	142494	0.010120	0	2	152784	0	0	0	nan	0	0	0	-0.004103	0.000343	-0.004103	0.000343	-0.158298	0.013233
147	C	1182	145132	126818	0.009320	0	3	144120	1336	153636	142287	0.009389	0	2	152785	0	0	0	nan	0	0	0	-0.000069	0.000373	-0.000069	0.000373	-0.002662	0.014391
148	C	230	145106	126896	0.001813	0	3	144096	623	153582	142496	0.004372	0	2	152738	0	0	0	nan	0	0	0	-0.002560	0.000212	-0.002560	0.000212	-0.098767	0.008179
149	C	471	145104	126460	0.003724	0	3	144096	1316	153580	142589	0.009229	0	2	152741	0	0	0	nan	0	0	0	-0.005505	0.000307	-0.005505	0.000307	-0.212388	0.011844
150	G	294	145105	123439	0.002382	0	6	144089	396	153567	142403	0.002781	0	2	152718	0	0	0	nan	0	0	0	-0.000399	0.000197	-0.000399	0.000197	-0.015394	0.007600
151	A	33969	145096	119715	0.283749	0	6	144057	232	153553	142276	0.001631	0	2	152703	0	0	0	nan	0	0	0	0.282118	0.001543	0.282118	0.001543	10.884376	0.059530
152	A	9152	145121	121462	0.075349	0	6	144088	178	153543	142246	0.001251	0	2	152687	0	0	0	nan	0	0	0	0.074097	0.000793	0.074097	0.000793	2.858731	0.030595
153	G	812	145128	121080	0.006706	0	6	144102	1103	153540	142380	0.007747	0	2	152689	0	0	0	nan	0	0	0	-0.001041	0.000331	-0.001041	0.000331	-0.040163	0.012770
154	G	581	145127	118377	0.004908	0	6	144100	611	153536	142287	0.004294	0	2	152679	0	0	0	nan	0	0	0	0.000614	0.000268	0.000614	0.000268	0.023689	0.010340
155	A	708	145125	117438	0.006029	0	6	144093	344	153531	142158	0.002420	0	2	152674	0	0	0	nan	0	0	0	0.003609	0.000261	0.003609	0.000261	0.139239	0.010070
156	A	1384	145135	118464	0.011683	0	6	144107	119	153529	142249	0.000837	0	2	152668	0	0	0	nan	0	0	0	0.010846	0.000323	0.010846	0.000323	0.418449	0.012462
157	A	16528	145214	126062	0.131110	0	6	144185	91	153526	142240	0.000640	0	2	152664	0	0	0	nan	0	0	0	0.130470	0.001022	0.130470	0.001022	5.033654	0.039430
158	U	1589	145225	128538	0.012362	0	6	144196	394	153523	142433	0.002766	0	2	152657	0	0	0	nan	0	0	0	0.009596	0.000340	0.009596	0.000340	0.370223	0.013118
159	G	310	145230	128186	0.002418	0	7	144198	858	153521	142321	0.006029	0	2	152657	0	0	0	nan	0	0	0	-0.003610	0.000247	-0.003610	0.000247	-0.139277	0.009529
160	A	188	145232	128227	0.001466	0	7	144200	170	153515	142493	0.001193	0	2	152652	0	0	0	nan	0	0	0	0.000273	0.000141	0.000273	0.000141	0.010533	0.005440
161	A	1046	145231	127714	0.008190	0	7	144193	134	153509	142518	0.000940	0	2	152646	0	0	0	nan	0	0	0	0.007250	0.000266	0.007250	0.000266	0.279712	0.010263
162	C	230	145254	124314	0.001850	0	7	144204	368	153504	142356	0.002585	0	2	152635	0	0	0	nan	0	0	0	-0.000735	0.000182	-0.000735	0.000182	-0.028357	0.007022
163	G	438	145259	116442	0.003762	0	7	144197	905	153496	142155	0.006366	0	2	152622	0	0	0	nan	0	0	0	-0.002605	0.000278	-0.002605	0.000278	-0.100503	0.010725
164	G	425	145610	110633	0.003842	0	16	144531	856	153499	141742	0.006039	0	3	152617	0	0	0	nan	0	0	0	-0.002198	0.000278	-0.002198	0.000278	-0.084801	0.010725
165	A	53039	145600	125768	0.421721	0	16	144500	1955	153492	142777	0.013693	0	3	152594	0	0	0	nan	0	0	0	0.408028	0.001857	0.408028	0.001857	15.742101	0.071645
166	G	8319	145853	133742	0.062202	0	16	144770	8888	153526	147522	0.060249	0	3	152628	0	0	0	nan	0	0	0	0.001953	0.000935	nan	nan	nan	nan
167	G	2837	146850	136965	0.020713	0	64	145767	5312	153669	149540	0.035522	0	5	152771	0	0	0	nan	0	0	0	-0.014809	0.000624	-0.014809	0.000624	-0.571345	0.024075
168	G	1062	147041	137555	0.007721	0	64	145959	640	153672	149627	0.004277	0	5	152772	0	0	0	nan	0	0	0	0.003443	0.000291	0.003443	0.000291	0.132834	0.011227
169	A	1772	147050	138954	0.012752	0	64	145960	236	153666	149738	0.001576	0	5	152760	0	0	0	nan	0	0	0	0.011176	0.000320	0.011176	0.000320	0.431181	0.012346
170	A	1313	147073	140117	0.009371	0	64	145982	314	153667	149967	0.002094	0	5	152755	0	0	0	nan	0	0	0	0.007277	0.000284	0.007277	0.000284	0.280753	0.010957
171	G	1195	147103	140910	0.008481	0	64	146011	1234	153666	150641	0.008192	0	5	152750	0	0	0	nan	0	0	0	0.000289	0.000338	0.000289	0.000338	0.011150	0.013040
172	G	571	147098	141019	0.004049	0	64	146002	634	153664	150719	0.004207	0	5	152752	0	0	0	nan	0	0	0	-0.000157	0.000238	-0.000157	0.000238	-0.006057	0.009182
173	A	2820	147100	141966	0.019864	0	64	145998	267	153656	150682	0.001772	0	5	152739	0	0	0	nan	0	0	0	0.018092	0.000389	0.018092	0.000389	0.698006	0.015008
174	C	202	147121	142815	0.001414	0	64	146018	228	153658	150843	0.001512	0	5	152736	0	0	0	nan	0	0	0	-0.000097	0.000141	-0.000097	0.000141	-0.003742	0.005440
175	A	798	147121	142773	0.005589	0	64	146015	332	153654	151057	0.002198	0	5	152727	0	0	0	nan	0	0	0	0.003391	0.000232	0.003391	0.000232	0.130828	0.008951
176	G	1057	147125	142328	0.007427	0	64	146018	890	153651	150944	0.005896	0	5	152717	0	0	0	nan	0	0	0	0.001530	0.000302	0.001530	0.000302	0.059029	0.011651
177	G	1868	147128	141671	0.013185	0	65	146016	1455	153643	150757	0.009651	0	5	152703	0	0	0	nan	0	0	0	0.003534	0.000396	0.003534	0.000396	0.136345	0.015278
178	C	967	147124	141364	0.006840	0	65	146005	555	153642	150583	0.003686	0	5	152694	0	0	0	nan	0	0	0	0.003155	0.000270	0.003155	0.000270	0.121723	0.010417
179	G	1081	147090	139883	0.007728	0	65	145973	964	153576	150489	0.006406	0	5	152625	0	0	0	nan	0	0	0	0.001322	0.000313	0.001322	0.000313	0.051004	0.012076
180	G	2918	147095	139020	0.020990	0	65	145973	1812	153575	150359	0.012051	0	5	152624	0	0	0	nan	0	0	0	0.008939	0.000481	0.008939	0.000481	0.344875	0.018557
181	C	1549	147102	138865	0.011155	0	65	145974	590	153580	150434	0.003922	0	5	152625	0	0	0	nan	0	0	0	0.007233	0.000326	0.007233	0.000326	0.279056	0.012577
182	G	1972	147052	138861	0.014201	0	65	145915	1216	153529	150657	0.008071	0	5	152571	0	0	0	nan	0	0	0	0.006130	0.000395	0.006130	0.000395	0.236501	0.015239
183	C	11870	147242	137248	0.086486	0	66	146102	277	153520	150752	0.001837	0	5	152564	0	0	0	nan	0	0	0	0.084648	0.000801	0.084648	0.000801	3.265799	0.030903
184	A	8346	147238	138728	0.060161	0	66	146098	172	153511	150666	0.001142	0	5	152554	0	0	0	nan	0	0	0	0.059019	0.000664	0.059019	0.000664	2.277008	0.025618
185	U	2489	147246	139915	0.017789	0	66	146104	466	153506	150616	0.003094	0	5	152550	0	0	0	nan	0	0	0	0.014695	0.000384	0.014695	0.000384	0.566947	0.014815
186	G	2582	147256	140557	0.018370	0	66	146114	1138	153505	150750	0.007549	0	5	152555	0	0	0	nan	0	0	0	0.010821	0.000425	0.010821	0.000425	0.417484	0.016397
187	C	698	147253	140539	0.004967	0	66	146106	472	153504	150888	0.003128	0	5	152554	0	0	0	nan	0	0	0	0.001838	0.000237	0.001838	0.000237	0.070912	0.009144
188	A	7858	147247	142729	0.055055	0	66	146102	176	153500	151012	0.001165	0	5	152547	0	0	0	nan	0	0	0	0.053890	0.000627	0.053890	0.000627	2.079127	0.024190
189	G	1625	147259	143114	0.011355	0	67	146112	864	153498	150993	0.005722	0	5	152546	0	0	0	nan	0	0	0	0.005632	0.000342	0.005632	0.000342	0.217288	0.013195
190	C	780	147258	143312	0.005443	0	67	146111	667	153494	151041	0.004416	0	6	152541	0	0	0	nan	0	0	0	0.001027	0.000259	0.001027	0.000259	0.039623	0.009992
191	C	523	147260	143208	0.003652	0	67	146117	598	153493	150996	0.003960	0	6	152540	0	0	0	nan	0	0	0	-0.000308	0.000227	-0.000308	0.000227	-0.011883	0.008758
192	U	774	147267	143295	0.005401	0	68	146139	727	153490	151091	0.004812	0	6	152545	0	0	0	nan	0	0	0	0.000590	0.000264	0.000590	0.000264	0.022763	0.010185
193	G	533	147278	143031	0.003726	0	68	146155	422	153486	150960	0.002795	0	6	152546	0	0	0	nan	0	0	0	0.000931	0.000211	0.000931	0.000211	0.035919	0.008141
194	U	426	147274	142926	0.002981	0	68	146150	468	153483	151001	0.003099	0	6	152539	0	0	0	nan	0	0	0	-0.000119	0.000203	-0.000119	0.000203	-0.004591	0.007832
195	A	1399	147269	142544	0.009815	0	68	146148	262	153477	150989	0.001735	0	6	152538	0	0	0	nan	0	0	0	0.008079	0.000283	0.008079	0.000283	0.311695	0.010918
196	G	519	147275	142369	0.003645	0	70	146157	418	153476	151079	0.002767	0	6	152538	0	0	0	nan	0	0	0	0.000879	0.000210	0.000879	0.000210	0.033913	0.008102
197	A	16340	147271	136499	0.119708	0	70	146150	175	153469	150881	0.001160	0	6	152524	0	0	0	nan	0	0	0	0.118548	0.000941	0.118548	0.000941	4.573693	0.036305
198	U	3873	147286	139224	0.027818	0	70	146165	219	153466	150813	0.001452	0	6	152517	0	0	0	nan	0	0	0	0.026366	0.000458	0.026366	0.000458	1.017225	0.017670
199	A	11337	147283	142391	0.079619	0	70	146167	184	153462	150956	0.001219	0	6	152511	0	0	0	nan	0	0	0	0.078400	0.000753	0.078400	0.000753	3.024745	0.029051
200	G	1702	147296	143006	0.011902	0	72	146181	406	153460	151030	0.002688	0	6	152502	0	0	0	nan	0	0	0	0.009213	0.000318	0.009213	0.000318	0.355446	0.012269
201	A	1361	147302	143268	0.009500	0	72	146186	168	153458	150772	0.001114	0	6	152504	0	0	0	nan	0	0	0	0.008385	0.000271	0.008385	0.000271	0.323501	0.010455
202	U	699	147301	143435	0.004873	0	72	146185	324	153450	150747	0.002149	0	6	152502	0	0	0	nan	0	0	0	0.002724	0.000220	0.002724	0.000220	0.105094	0.008488
203	G	786	147292	142810	0.005504	0	73	146183	752	153451	150797	0.004987	0	6	152509	0	0	0	nan	0	0	0	0.000517	0.000268	0.000517	0.000268	0.019946	0.010340
204	A	1532	147277	143404	0.010683	0	74	146176	268	153446	150813	0.001777	0	6	152508	0	0	0	nan	0	0	0	0.008906	0.000294	0.008906	0.000294	0.343602	0.011343
205	U	472	147279	143245	0.003295	0	74	146178	360	153443	150701	0.002389	0	6	152511	0	0	0	nan	0	0	0	0.000906	0.000197	0.000906	0.000197	0.034954	0.007600
206	U	430	147259	142842	0.003010	0	74	146163	380	153442	150723	0.002521	0	6	152505	0	0	0	nan	0	0	0	0.000489	0.000194	0.000489	0.000194	0.018866	0.007485
207	A	1005	147253	142852	0.007035	0	75	146165	158	153436	150801	0.001048	0	6	152514	0	0	0	nan	0	0	0	0.005988	0.000237	0.005988	0.000237	0.231023	0.009144
208	C	468	147250	142476	0.003285	0	76	146167	304	153430	150669	0.002018	0	6	152510	0	0	0	nan	0	0	0	0.001267	0.000191	0.001267	0.000191	0.048882	0.007369
209	C	470	147248	142095	0.003308	0	77	146179	633	153419	150578	0.004204	0	6	152504	0	0	0	nan	0	0	0	-0.000896	0.000226	-0.000896	0.000226	-0.034569	0.008719
210	G	2460	147468	140330	0.017530	0	78	146400	2531	153412	150394	0.016829	0	6	152505	0	0	0	nan	0	0	0	0.000701	0.000487	0.000701	0.000487	0.027045	0.018789
211	C	340	147450	140147	0.002426	0	78	146383	421	153391	150401	0.002799	0	6	152487	0	0	0	nan	0	0	0	-0.000373	0.000190	-0.000373	0.000190	-0.014391	0.007330
212	C	281	147448	130393	0.002155	0	78	146375	554	153378	150474	0.003682	0	6	152482	0	0	0	nan	0	0	0	-0.001527	0.000202	-0.001527	0.000202	-0.058913	0.007793
213	G	1243	147447	119506	0.010401	0	78	146376	1548	153366	150598	0.010279	0	6	152471	0	0	0	nan	0	0	0	0.000122	0.000394	0.000122	0.000394	0.004707	0.015201
214	G	686	147437	114980	0.005966	0	78	146369	945	153355	150520	0.006278	0	6	152463	0	0	0	nan	0	0	0	-0.000312	0.000306	-0.000312	0.000306	-0.012037	0.011806
215	A	49821	147428	127804	0.389823	0	78	146355	335	153346	150575	0.002225	0	6	152464	0	0	0	nan	0	0	0	0.387599	0.001751	0.387599	0.001751	14.953931	0.067555
216	G	675	147538	137259	0.004918	0	84	146533	471	153356	150365	0.003132	0	7	152481	0	0	0	nan	0	0	0	0.001785	0.000238	0.001785	0.000238	0.068867	0.009182
217	U	485	147541	137590	0.003525	0	85	146541	439	153352	150659	0.002914	0	7	152477	0	0	0	nan	0	0	0	0.000611	0.000212	0.000611	0.000212	0.023573	0.008179
218	A	1023	147540	138123	0.007406	0	85	146550	161	153350	150722	0.001068	0	7	152479	0	0	0	nan	0	0	0	0.006338	0.000246	0.006338	0.000246	0.244526	0.009491
219	C	296	147562	138196	0.002142	0	85	146576	198	153343	151047	0.001311	0	7	152472	0	0	0	nan	0	0	0	0.000831	0.000155	0.000831	0.000155	0.032061	0.005980
220	G	500	147529	137149	0.003646	0	85	146549	448	153340	150610	0.002975	0	7	152475	0	0	0	nan	0	0	0	0.000671	0.000215	0.000671	0.000215	0.025888	0.008295
221	A	6141	147517	138909	0.044209	0	85	146537	375	153337	150523	0.002491	0	7	152475	0	0	0	nan	0	0	0	0.041717	0.000579	0.041717	0.000579	1.609481	0.022338
222	G	675	147525	136563	0.004943	0	86	146556	801	153336	150292	0.005330	0	7	152481	0	0	0	nan	0	0	0	-0.000387	0.000268	-0.000387	0.000268	-0.014931	0.010340
223	G	1972	147526	134994	0.014608	0	86	146561	2462	153343	150341	0.016376	0	7	152492	0	0	0	nan	0	0	0	-0.001768	0.000466	-0.001768	0.000466	-0.068211	0.017979
224	C	1199	147599	135233	0.008866	0	90	146642	533	153483	150646	0.003538	0	13	152642	0	0	0	nan	0	0	0	0.005328	0.000298	0.005328	0.000298	0.205559	0.011497
225	G	2174	147579	134195	0.016200	0	93	146635	1410	153461	150796	0.009350	0	13	152630	0	0	0	nan	0	0	0	0.006850	0.000427	0.006850	0.000427	0.264279	0.016474
226	C	3130	147585	124577	0.025125	0	94	146649	634	153461	150956	0.004200	0	13	152637	0	0	0	nan	0	0	0	0.020925	0.000479	0.020925	0.000479	0.807306	0.018480
227	A	10967	147593	115138	0.095251	0	104	146668	331	153465	150839	0.002194	0	14	152646	0	0	0	nan	0	0	0	0.093057	0.000918	0.093057	0.000918	3.590226	0.035417
228	A	15062	147597	124258	0.121216	0	104	146683	150	153463	150743	0.000995	0	14	152645	0	0	0	nan	0	0	0	0.120220	0.000991	0.120220	0.000991	4.638200	0.038234
229	A	12166	147609	128240	0.094869	0	104	146717	129	153459	150784	0.000856	0	14	152651	0	0	0	nan	0	0	0	0.094013	0.000863	0.094013	0.000863	3.627109	0.033295
230	G	1914	147636	132453	0.014450	0	109	146769	823	153455	150639	0.005463	0	14	152650	0	0	0	nan	0	0	0	0.008987	0.000381	0.008987	0.000381	0.346727	0.014699
231	C	15513	147646	136637	0.113534	0	110	146787	590	153464	150746	0.003914	0	15	152664	0	0	0	nan	0	0	0	0.109621	0.000926	0.109621	0.000926	4.229281	0.035726
232	C	1183	147675	140201	0.008438	0	113	146829	475	153481	150566	0.003155	0	15	152685	0	0	0	nan	0	0	0	0.005283	0.000285	0.005283	0.000285	0.203823	0.010996
233	G	2258	147670	140918	0.016024	0	114	146838	1435	153481	150758	0.009519	0	15	152701	0	0	0	nan	0	0	0	0.006505	0.000421	0.006505	0.000421	0.250969	0.016243
234	C	2608	147678	141443	0.018439	0	115	146857	735	153481	150906	0.004871	0	15	152713	0	0	0	nan	0	0	0	0.013568	0.000403	0.013568	0.000403	0.523466	0.015548
235	U	750	147678	141800	0.005289	0	115	146869	433	153480	150978	0.002868	0	15	152721	0	0	0	nan	0	0	0	0.002421	0.000237	0.002421	0.000237	0.093404	0.009144
236	U	819	147677	141790	0.005776	0	115	146884	349	153479	150907	0.002313	0	15	152743	0	0	0	nan	0	0	0	0.003463	0.000237	0.003463	0.000237	0.133606	0.009144
237	G	2925	147690	141838	0.020622	0	116	146907	1562	153482	150976	0.010346	0	15	152759	0	0	0	nan	0	0	0	0.010276	0.000463	0.010276	0.000463	0.396458	0.017863
238	C	3255	147690	141756	0.022962	0	116	146909	400	153482	151075	0.002648	0	15	152767	0	0	0	nan	0	0	0	0.020314	0.000424	0.020314	0.000424	0.783733	0.016358
239	A	6232	147688	138899	0.044867	0	116	146915	312	153483	151296	0.002062	0	15	152765	0	0	0	nan	0	0	0	0.042805	0.000580	0.042805	0.000580	1.651457	0.022377
240	G	415	147714	138599	0.002994	0	122	146952	395	153482	151381	0.002609	0	15	152769	0	0	0	nan	0	0	0	0.000385	0.000197	0.000385	0.000197	0.014854	0.007600
241	U	185	147717	138008	0.001341	0	122	146966	338	153480	151459	0.002232	0	15	152769	0	0	0	nan	0	0	0	-0.000891	0.000156	-0.000891	0.000156	-0.034376	0.006019
242	A	462	147716	137126	0.003369	0	123	146975	115	153478	151410	0.000760	0	15	152771	0	0	0	nan	0	0	0	0.002610	0.000172	0.002610	0.000172	0.100696	0.006636
243	C	171	147721	136198	0.001256	0	123	146985	238	153473	151540	0.001571	0	15	152772	0	0	0	nan	0	0	0	-0.000315	0.000140	-0.000315	0.000140	-0.012153	0.005401
244	G	231	147709	131958	0.001751	0	130	146976	311	153453	151240	0.002056	0	15	152738	0	0	0	nan	0	0	0	-0.000306	0.000164	-0.000306	0.000164	-0.011806	0.006327
245	A	53571	147703	130651	0.410031	0	130	146966	176	153436	151037	0.001165	0	15	152718	0	0	0	nan	0	0	0	0.408866	0.001774	0.408866	0.001774	15.774432	0.068443
246	A	23008	147717	141042	0.163129	0	131	146992	253	153431	150938	0.001676	0	15	152710	0	0	0	nan	0	0	0	0.161453	0.001081	0.161453	0.001081	6.229008	0.041706
247	G	1850	147780	142187	0.013011	0	133	147071	2099	153431	150790	0.013920	0	15	152716	0	0	0	nan	0	0	0	-0.000909	0.000429	-0.000909	0.000429	-0.035070	0.016551
248	G	1004	147786	142741	0.007034	0	133	147086	1309	153430	150951	0.008672	0	15	152720	0	0	0	nan	0	0	0	-0.001638	0.000327	-0.001638	0.000327	-0.063196	0.012616
249	U	615	147791	143182	0.004295	0	133	147098	585	153427	151148	0.003870	0	16	152718	0	0	0	nan	0	0	0	0.000425	0.000236	0.000425	0.000236	0.016397	0.009105
250	A	982	147792	143811	0.006828	0	133	147105	182	153423	151195	0.001204	0	16	152719	0	0	0	nan	0	0	0	0.005625	0.000235	0.005625	0.000235	0.217018	0.009067
251	C	931	147814	144476	0.006444	0	134	147132	231	153423	151343	0.001526	0	16	152721	0	0	0	nan	0	0	0	0.004918	0.000234	0.004918	0.000234	0.189741	0.009028
252	A	2707	147818	144896	0.018682	0	134	147139	198	153422	151247	0.001309	0	16	152722	0	0	0	nan	0	0	0	0.017373	0.000371	0.017373	0.000371	0.670267	0.014314
253	G	856	147813	144734	0.005914	0	134	147134	724	153417	151293	0.004785	0	16	152720	0	0	0	nan	0	0	0	0.001129	0.000269	0.001129	0.000269	0.043558	0.010378
254	A	1806	147812	144386	0.012508	0	134	147140	130	153416	151195	0.000860	0	16	152722	0	0	0	nan	0	0	0	0.011648	0.000304	0.011648	0.000304	0.449391	0.011729
255	A	1842	147808	144408	0.012756	0	134	147138	137	153412	150742	0.000909	0	16	152721	0	0	0	nan	0	0	0	0.011847	0.000307	0.011847	0.000307	0.457068	0.011844
256	C	429	147812	144249	0.002974	0	134	147151	177	153411	150711	0.001174	0	17	152720	0	0	0	nan	0	0	0	0.001800	0.000169	0.001800	0.000169	0.069446	0.006520
257	A	1068	147806	144417	0.007395	0	135	147144	121	153410	150482	0.000804	0	17	152721	0	0	0	nan	0	0	0	0.006591	0.000238	0.006591	0.000238	0.254287	0.009182
258	U	497	147802	144553	0.003438	0	135	147142	403	153395	150680	0.002675	0	17	152706	0	0	0	nan	0	0	0	0.000764	0.000204	0.000764	0.000204	0.029476	0.007871
259	G	784	147798	144470	0.005427	0	135	147142	869	153387	150548	0.005772	0	17	152705	0	0	0	nan	0	0	0	-0.000346	0.000276	-0.000346	0.000276	-0.013349	0.010648
260	G	1126	147792	143798	0.007830	0	135	147139	1428	153382	150583	0.009483	0	17	152706	0	0	0	nan	0	0	0	-0.001653	0.000343	-0.001653	0.000343	-0.063774	0.013233
261	C	555	147791	142272	0.003901	0	135	147142	396	153375	150239	0.002636	0	17	152709	0	0	0	nan	0	0	0	0.001265	0.000212	0.001265	0.000212	0.048805	0.008179
262	U	525	147781	138184	0.003799	0	135	147134	340	153371	150168	0.002264	0	17	152707	0	0	0	nan	0	0	0	0.001535	0.000206	0.001535	0.000206	0.059222	0.007948
263	U	247	147778	133243	0.001854	0	135	147147	245	153367	146558	0.001672	0	16	152715	0	0	0	nan	0	0	0	0.000182	0.000159	0.000182	0.000159	0.007022	0.006134
264	A	2232	144067	132701	0.016820	0	86	143441	170	149566	146730	0.001159	0	14	148916	0	0	0	nan	0	0	0	0.015661	0.000367	0.015661	0.000367	0.604216	0.014159
265	U	228	144062	132498	0.001721	0	86	143444	233	149563	147045	0.001585	0	14	148910	0	0	0	nan	0	0	0	0.000136	0.000154	0.000136	0.000154	0.005247	0.005941
266	A	32975	144055	137130	0.240465	0	86	143440	159	149559	147050	0.001081	0	14	148915	0	0	0	nan	0	0	0	0.239384	0.001327	0.239384	0.001327	9.235658	0.051197
267	G	1336	144059	139696	0.009564	0	87	143454	876	149560	146822	0.005966	0	14	148918	0	0	0	nan	0	0	0	0.003597	0.000330	0.003597	0.000330	0.138776	0.012732
268	A	1271	144057	140129	0.009070	0	87	143456	203	149559	146719	0.001384	0	14	148916	0	0	0	nan	0	0	0	0.007687	0.000272	0.007687	0.000272	0.296572	0.010494
269	G	1638	144059	140419	0.011665	0	86	143464	1252	149557	146517	0.008545	0	14	148923	0	0	0	nan	0	0	0	0.003120	0.000376	0.003120	0.000376	0.120373	0.014506
270	C	355	144056	140785	0.002522	0	87	143476	372	149553	147124	0.002528	0	14	148937	0	0	0	nan	0	0	0	-0.000007	0.000187	-0.000007	0.000187	-0.000270	0.007215
271	A	1077	144053	141293	0.007622	0	88	143483	177	149549	147069	0.001204	0	14	148947	0	0	0	nan	0	0	0	0.006419	0.000249	0.006419	0.000249	0.247651	0.009607
272	U	465	144048	141640	0.003283	0	88	143486	505	149542	147251	0.003430	0	14	148945	0	0	0	nan	0	0	0	-0.000147	0.000216	-0.000147	0.000216	-0.005671	0.008333
273	G	800	144035	140647	0.005688	0	88	143481	795	149538	147136	0.005403	0	14	148943	0	0	0	nan	0	0	0	0.000285	0.000278	0.000285	0.000278	0.010996	0.010725
274	A	1555	144032	141345	0.011001	0	88	143483	382	149536	146953	0.002599	0	14	148943	0	0	0	nan	0	0	0	0.008402	0.000309	0.008402	0.000309	0.324157	0.011922
275	U	382	144033	141141	0.002707	0	88	143494	315	149534	146772	0.002146	0	14	148943	0	0	0	nan	0	0	0	0.000560	0.000184	0.000560	0.000184	0.021605	0.007099
276	U	168	144028	141030	0.001191	0	88	143505	152	149529	146788	0.001036	0	14	148941	0	0	0	nan	0	0	0	0.000156	0.000125	0.000156	0.000125	0.006019	0.004823
277	A	370	144026	140753	0.002629	0	88	143507	74	149530	146842	0.000504	0	14	148956	0	0	0	nan	0	0	0	0.002125	0.000149	0.002125	0.000149	0.081984	0.005749
278	A	983	144014	140898	0.006977	0	88	143496	108	149524	146911	0.000735	0	14	148956	0	0	0	nan	0	0	0	0.006242	0.000233	0.006242	0.000233	0.240822	0.008989
279	C	366	144004	140631	0.002603	0	88	143488	203	149513	146788	0.001383	0	14	148948	0	0	0	nan	0	0	0	0.001220	0.000167	0.001220	0.000167	0.047069	0.006443
280	G	918	143986	139743	0.006569	0	88	143475	295	149500	146632	0.002012	0	14	148935	0	0	0	nan	0	0	0	0.004557	0.000246	0.004557	0.000246	0.175813	0.009491
281	U	1871	144462	136312	0.013726	0	91	143955	867	150396	142873	0.006068	0	15	149835	0	0	0	nan	0	0	0	0.007658	0.000378	0.007658	0.000378	0.295453	0.014584
282	C	15287	144440	134527	0.113635	0	91	143941	354	150398	142720	0.002480	0	15	149843	0	0	0	nan	0	0	0	0.111155	0.000928	0.111155	0.000928	4.288464	0.035803
283	u	2028	144369	134219	0.015110	0	92	143879	426	150365	142818	0.002983	0	16	149816	0	0	0	nan	0	0	0	0.012127	0.000365	nan	nan	nan	nan
284	c	17825	144356	135571	0.131481	0	92	143878	482	150356	143056	0.003369	0	17	149827	0	0	0	nan	0	0	0	0.128112	0.000997	nan	nan	nan	nan
285	g	712	144350	135107	0.005270	0	92	143900	609	150344	142995	0.004259	0	17	149842	0	0	0	nan	0	0	0	0.001011	0.000262	nan	nan	nan	nan
286	a	5618	144350	139116	0.040384	0	92	143956	4485	150340	146890	0.030533	0	17	149917	0	0	0	nan	0	0	0	0.009851	0.000706	nan	nan	nan	nan
287	u	821	144338	138922	0.005910	0	93	143962	845	150325	146582	0.005765	0	17	149928	0	0	0	nan	0	0	0	0.000145	0.000286	nan	nan	nan	nan
288	c	647	144330	139162	0.004649	0	93	143978	791	150319	146785	0.005389	0	17	149938	0	0	0	nan	0	0	0	-0.000740	0.000265	nan	nan	nan	nan
289	c	576	144321	138649	0.004154	0	95	144003	850	150308	147220	0.005774	0	17	149955	0	0	0	nan	0	0	0	-0.001619	0.000263	nan	nan	nan	nan
290	g	1562	144305	138723	0.011260	0	100	144013	1273	150296	147678	0.008620	0	17	149967	0	0	0	nan	0	0	0	0.002640	0.000374	nan	nan	nan	nan
291	g	989	144292	137198	0.007209	0	100	144037	589	150298	147565	0.003991	0	17	150012	0	0	0	nan	0	0	0	0.003217	0.000282	nan	nan	nan	nan
292	u	959	144291	135592	0.007073	0	100	144050	269	150301	147102	0.001829	0	17	150038	0	0	0	nan	0	0	0	0.005244	0.000254	nan	nan	nan	nan
293	u	2885	144276	134699	0.021418	0	100	144050	273	150295	146796	0.001860	0	17	150059	0	0	0	nan	0	0	0	0.019558	0.000414	nan	nan	nan	nan
294	c	17794	144240	136181	0.130664	0	100	144028	672	150250	144796	0.004641	0	17	150023	0	0	0	nan	0	0	0	0.126023	0.000996	nan	nan	nan	nan
295	g	2707	142294	136451	0.019839	0	98	142109	1821	148194	142170	0.012809	0	17	147985	0	0	0	nan	0	0	0	0.007030	0.000485	nan	nan	nan	nan
296	c	925	141765	136351	0.006784	0	97	141576	649	146657	140246	0.004628	0	17	146261	0	0	0	nan	0	0	0	0.002156	0.000288	nan	nan	nan	nan
297	c	502	141399	135462	0.003706	0	97	141231	734	145955	139521	0.005261	0	17	145625	0	0	0	nan	0	0	0	-0.001555	0.000255	nan	nan	nan	nan
298	g	940	140999	135404	0.006942	0	96	140896	1117	145427	140849	0.007930	0	17	145229	0	0	0	nan	0	0	0	-0.000988	0.000328	nan	nan	nan	nan
299	g	695	140575	134501	0.005167	0	96	140486	551	144977	140387	0.003925	0	17	144835	0	0	0	nan	0	0	0	0.001242	0.000258	nan	nan	nan	nan
300	a	866	140190	133106	0.006506	0	96	140110	147	144745	138906	0.001058	0	17	144640	0	0	0	nan	0	0	0	0.005448	0.000238	nan	nan	nan	nan
301	u	1596	140141	132779	0.012020	0	96	140086	1457	144681	138537	0.010517	0	17	144615	0	0	0	nan	0	0	0	0.001503	0.000408	nan	nan	nan	nan
302	c	1026	139999	132983	0.007715	0	96	139968	467	144680	138851	0.003363	0	17	144646	0	0	0	nan	0	0	0	0.004352	0.000287	nan	nan	nan	nan
303	c	10015	139934	132368	0.075660	0	96	139934	768	144670	140096	0.005482	0	17	144670	0	0	0	nan	0	0	0	0.070178	0.000781	nan	nan	nan	nan
304	a	2425	139905	127330	0.019045	0	96	139905	489	144662	140385	0.003483	0	17	144662	0	0	0	nan	0	0	0	0.015562	0.000418	nan	nan	nan	nan
305	a	6832	139883	132307	0.051637	0	96	139883	132	144650	140967	0.000936	0	17	144650	0	0	0	nan	0	0	0	0.050701	0.000630	nan	nan	nan	nan
306	a	4605	139866	132370	0.034789	0	96	139866	74	144647	139353	0.000531	0	17	144647	0	0	0	nan	0	0	0	0.034258	0.000516	nan	nan	nan	nan
307	u	841	139860	133750	0.006288	0	96	139860	113	144643	139351	0.000811	0	17	144643	0	0	0	nan	0	0	0	0.005477	0.000230	nan	nan	nan	nan
308	c	2273	139852	134404	0.016912	0	96	139852	1013	144641	139570	0.007258	0	17	144641	0	0	0	nan	0	0	0	0.009654	0.000422	nan	nan	nan	nan
309	g	4609	139846	136020	0.033885	0	96	139846	3292	144640	140724	0.023393	0	17	144640	0	0	0	nan	0	0	0	0.010491	0.000644	nan	nan	nan	nan
310	g	175	139843	135941	0.001287	0	96	139843	245	144636	140573	0.001743	0	17	144636	0	0	0	nan	0	0	0	-0.000456	0.000148	nan	nan	nan	nan
311	g	54	139836	135757	0.000398	0	96	139836	49	144631	140372	0.000349	0	17	144631	0	0	0	nan	0	0	0	0.000049	0.000074	nan	nan	nan	nan
312	c	129	139833	135980	0.000949	0	96	139833	112	144628	140661	0.000796	0	17	144628	0	0	0	nan	0	0	0	0.000152	0.000112	nan	nan	nan	nan
313	u	72	139830	135577	0.000531	0	96	139830	58	144628	140178	0.000414	0	17	144628	0	0	0	nan	0	0	0	0.000117	0.000083	nan	nan	nan	nan
314	u	35	139825	135849	0.000258	0	96	139825	34	144627	140372	0.000242	0	17	144627	0	0	0	nan	0	0	0	0.000015	0.000060	nan	nan	nan	nan
315	c	165	139818	136152	0.001212	0	96	139818	249	144626	140727	0.001769	0	17	144626	0	0	0	nan	0	0	0	-0.000558	0.000147	nan	nan	nan	nan
316	g	323	139816	137101	0.002356	0	96	139816	491	144625	141685	0.003465	0	17	144625	0	0	0	nan	0	0	0	-0.001110	0.000204	nan	nan	nan	nan
317	g	57	139814	137097	0.000416	0	96	139814	56	144624	141771	0.000395	0	17	144624	0	0	0	nan	0	0	0	0.000021	0.000076	nan	nan	nan	nan
318	u	109	139810	136672	0.000798	0	96	139810	71	144623	141396	0.000502	0	17	144623	0	0	0	nan	0	0	0	0.000295	0.000097	nan	nan	nan	nan
319	c	439	139801	136823	0.003209	0	96	139801	683	144622	141619	0.004823	0	17	144622	0	0	0	nan	0	0	0	-0.001614	0.000240	nan	nan	nan	nan
320	c	364	139774	137046	0.002656	0	96	139774	587	144621	141705	0.004142	0	17	144621	0	0	0	nan	0	0	0	-0.001486	0.000220	nan	nan	nan	nan
321	g	367	139771	137659	0.002666	0	96	139771	579	144614	142273	0.004070	0	17	144614	0	0	0	nan	0	0	0	-0.001404	0.000219	nan	nan	nan	nan
322	g	89	139741	137475	0.000647	0	96	139741	35	144605	142009	0.000246	0	17	144605	0	0	0	nan	0	0	0	0.000401	0.000080	nan	nan	nan	nan
323	u	38	139733	136849	0.000278	0	95	139733	36	144584	141557	0.000254	0	17	144584	0	0	0	nan	0	0	0	0.000023	0.000062	nan	nan	nan	nan
324	u	67	139611	135924	0.000493	0	95	139611	76	144509	140432	0.000541	0	17	144509	0	0	0	nan	0	0	0	-0.000048	0.000086	nan	nan	nan	nan
325	c	0	139243	98	0.000000	0	93	139243	0	143923	51	0.000000	0	17	143923	0	0	0	nan	0	0	0	0.000000	0.000000	nan	nan	nan	nan