Nucleotide	Sequence	Modified_mutations	Modified_read_depth	Modified_effective_depth	Modified_rate	Modified_off_target_mapped_depth	Modified_low_mapq_mapped_depth	Modified_primer_pair_1_mapped_depth	Untreated_mutations	Untreated_read_depth	Untreated_effective_depth	Untreated_rate	Untreated_off_target_mapped_depth	Untreated_low_mapq_mapped_depth	Untreated_primer_pair_1_mapped_depth	Denatured_mutations	Denatured_read_depth	Denatured_effective_depth	Denatured_rate	Denatured_off_target_mapped_depth	Denatured_low_mapq_mapped_depth	Denatured_primer_pair_1_mapped_depth	Reactivity_profile	Std_err	HQ_profile	HQ_stderr	Norm_profile	Norm_stderr
1	g	0	845083	0	nan	85505	117	845083	0	809591	0	nan	59793	23	809591	0	0	0	nan	0	0	0	nan	nan	nan	nan	nan	nan
2	g	0	846327	0	nan	85609	117	846327	0	810578	0	nan	59849	23	810578	0	0	0	nan	0	0	0	nan	nan	nan	nan	nan	nan
3	c	0	847028	0	nan	85668	117	847028	0	811073	0	nan	59888	23	811073	0	0	0	nan	0	0	0	nan	nan	nan	nan	nan	nan
4	c	0	847332	0	nan	85701	117	847332	0	811298	0	nan	59901	23	811298	0	0	0	nan	0	0	0	nan	nan	nan	nan	nan	nan
5	u	0	847412	0	nan	85705	117	847412	0	811335	0	nan	59901	23	811335	0	0	0	nan	0	0	0	nan	nan	nan	nan	nan	nan
6	u	0	847597	0	nan	85716	117	847597	0	811387	0	nan	59901	23	811387	0	0	0	nan	0	0	0	nan	nan	nan	nan	nan	nan
7	c	0	847708	0	nan	85718	117	847708	0	811434	0	nan	59901	23	811434	0	0	0	nan	0	0	0	nan	nan	nan	nan	nan	nan
8	g	0	847797	0	nan	85718	117	847797	0	811489	0	nan	59901	23	811489	0	0	0	nan	0	0	0	nan	nan	nan	nan	nan	nan
9	g	0	847888	0	nan	85718	117	847888	0	811544	0	nan	59901	23	811544	0	0	0	nan	0	0	0	nan	nan	nan	nan	nan	nan
10	g	0	847934	0	nan	85719	117	847934	0	811572	0	nan	59901	23	811572	0	0	0	nan	0	0	0	nan	nan	nan	nan	nan	nan
11	c	0	847994	0	nan	85720	117	847994	0	811606	0	nan	59902	23	811606	0	0	0	nan	0	0	0	nan	nan	nan	nan	nan	nan
12	c	0	848029	0	nan	85736	117	848004	0	811627	0	nan	59902	23	811609	0	0	0	nan	0	0	0	nan	nan	nan	nan	nan	nan
13	a	0	848061	0	nan	85748	117	848013	0	811659	0	nan	59902	23	811613	0	0	0	nan	0	0	0	nan	nan	nan	nan	nan	nan
14	a	0	848086	0	nan	85760	117	848015	0	811675	0	nan	59902	23	811614	0	0	0	nan	0	0	0	nan	nan	nan	nan	nan	nan
15	G	2999	848106	788321	0.003804	85768	117	848023	2415	811683	756889	0.003191	59902	23	811614	0	0	0	nan	0	0	0	0.000614	0.000095	0.000614	0.000095	0.030332	0.004693
16	U	13463	848119	783219	0.017189	85782	117	848030	10322	811696	753829	0.013693	59902	23	811620	0	0	0	nan	0	0	0	0.003497	0.000200	0.003497	0.000200	0.172752	0.009880
17	U	3610	848128	782222	0.004615	85791	117	848033	1301	811710	752441	0.001729	59902	23	811625	0	0	0	nan	0	0	0	0.002886	0.000091	0.002886	0.000091	0.142569	0.004495
18	A	1682	848143	780868	0.002154	85801	117	848045	640	811719	752646	0.000850	59902	23	811631	0	0	0	nan	0	0	0	0.001304	0.000062	0.001304	0.000062	0.064418	0.003063
19	A	1419	848151	793282	0.001789	85806	117	848051	566	811724	763943	0.000741	59902	23	811636	0	0	0	nan	0	0	0	0.001048	0.000057	0.001048	0.000057	0.051771	0.002816
20	U	3976	848159	805646	0.004935	85811	117	848055	2446	811726	775834	0.003153	59902	23	811636	0	0	0	nan	0	0	0	0.001782	0.000101	0.001782	0.000101	0.088031	0.004989
21	C	2144	848211	805886	0.002660	85820	117	848096	816	811745	775513	0.001052	59903	23	811651	0	0	0	nan	0	0	0	0.001608	0.000068	0.001608	0.000068	0.079435	0.003359
22	A	1534	848257	808751	0.001897	85827	117	848140	1046	811750	776970	0.001346	59903	23	811655	0	0	0	nan	0	0	0	0.000550	0.000064	0.000550	0.000064	0.027170	0.003162
23	U	3450	848274	801287	0.004306	85836	117	848145	2306	811756	770172	0.002994	59903	23	811656	0	0	0	nan	0	0	0	0.001311	0.000096	0.001311	0.000096	0.064764	0.004742
24	G	4425	847991	793727	0.005575	85841	118	847849	3680	811454	763259	0.004821	59903	23	811348	0	0	0	nan	0	0	0	0.000754	0.000116	0.000754	0.000116	0.037248	0.005730
25	C	1938	847760	781884	0.002479	85845	118	847603	1535	811080	757002	0.002028	59903	23	810969	0	0	0	nan	0	0	0	0.000451	0.000076	0.000451	0.000076	0.022279	0.003754
26	U	1928	847091	774138	0.002491	85853	118	846922	1512	810445	753719	0.002006	59903	23	810328	0	0	0	nan	0	0	0	0.000484	0.000077	0.000484	0.000077	0.023910	0.003804
27	C	6023	848939	765644	0.007867	85853	118	848750	2096	810122	756400	0.002771	59903	23	809994	0	0	0	nan	0	0	0	0.005096	0.000118	0.005096	0.000118	0.251743	0.005829
28	G	32740	848438	764156	0.042845	85855	118	848189	5715	809590	754184	0.007578	59903	22	809447	0	0	0	nan	0	0	0	0.035267	0.000257	0.035267	0.000257	1.742194	0.012696
29	G	19592	850235	770144	0.025439	85861	117	849942	7543	809383	753477	0.010011	59904	22	809224	0	0	0	nan	0	0	0	0.015428	0.000215	0.015428	0.000215	0.762145	0.010621
30	G	7797	852618	772475	0.010094	85187	117	852287	2681	809708	759550	0.003530	59551	20	809537	0	0	0	nan	0	0	0	0.006564	0.000133	0.006564	0.000133	0.324262	0.006570
31	U	15276	857818	778352	0.019626	85189	114	857452	2158	823470	776959	0.002777	59548	20	823253	0	0	0	nan	0	0	0	0.016849	0.000170	0.016849	0.000170	0.832343	0.008398
32	A	11111	859364	784199	0.014169	84441	114	858972	588	824646	786834	0.000747	59092	20	824412	0	0	0	nan	0	0	0	0.013421	0.000138	0.013421	0.000138	0.662999	0.006817
33	A	10904	858903	787661	0.013844	84444	113	858499	661	824325	785539	0.000841	59092	20	824087	0	0	0	nan	0	0	0	0.013002	0.000137	0.013002	0.000137	0.642300	0.006768
34	U	13221	858189	785605	0.016829	84447	113	857772	3814	823797	783611	0.004867	59092	20	823554	0	0	0	nan	0	0	0	0.011962	0.000166	0.011962	0.000166	0.590924	0.008200
35	C	11177	857759	777800	0.014370	84451	113	857331	935	823340	781092	0.001197	59091	20	823092	0	0	0	nan	0	0	0	0.013173	0.000141	0.013173	0.000141	0.650748	0.006965
36	G	19615	856791	791576	0.024780	84454	113	856355	6554	822524	781147	0.008390	59093	20	822265	0	0	0	nan	0	0	0	0.016389	0.000205	0.016389	0.000205	0.809619	0.010127
37	C	2703	856047	788039	0.003430	84454	113	855599	1516	821506	776262	0.001953	59090	20	821244	0	0	0	nan	0	0	0	0.001477	0.000083	0.001477	0.000083	0.072964	0.004100
38	U	3208	855639	789639	0.004063	84458	113	855172	2053	821228	776676	0.002643	59091	20	820957	0	0	0	nan	0	0	0	0.001419	0.000092	0.001419	0.000092	0.070099	0.004545
39	G	6164	855692	788207	0.007820	84457	113	855188	4739	821141	775275	0.006113	59092	20	820858	0	0	0	nan	0	0	0	0.001708	0.000133	0.001708	0.000133	0.084375	0.006570
40	C	3273	855622	791561	0.004135	84463	112	855095	2641	821033	777838	0.003395	59089	20	820735	0	0	0	nan	0	0	0	0.000740	0.000098	0.000740	0.000098	0.036556	0.004841
41	G	3480	855680	789247	0.004409	84464	111	855120	2903	821104	776493	0.003739	59087	20	820793	0	0	0	nan	0	0	0	0.000671	0.000102	0.000671	0.000102	0.033147	0.005039
42	G	8034	855767	789669	0.010174	84467	111	855170	8257	821312	777500	0.010620	59089	20	820988	0	0	0	nan	0	0	0	-0.000446	0.000163	-0.000446	0.000163	-0.022032	0.008052
43	C	1908	855671	792475	0.002408	84477	111	855061	1669	821295	780782	0.002138	59087	20	820962	0	0	0	nan	0	0	0	0.000270	0.000076	0.000270	0.000076	0.013338	0.003754
44	C	2876	855609	792141	0.003631	84496	110	854984	1565	821398	783208	0.001998	59089	20	821059	0	0	0	nan	0	0	0	0.001632	0.000084	0.001632	0.000084	0.080621	0.004150
45	G	29731	855492	780869	0.038074	84513	110	854860	9253	821529	786006	0.011772	59088	20	821183	0	0	0	nan	0	0	0	0.026302	0.000252	0.026302	0.000252	1.299322	0.012449
46	G	37792	855352	787070	0.048016	84521	110	854715	13877	821538	786227	0.017650	59090	20	821191	0	0	0	nan	0	0	0	0.030366	0.000289	0.030366	0.000289	1.500084	0.014277
47	U	17905	855102	776865	0.023048	84533	109	854458	2524	821376	784120	0.003219	59084	20	821027	0	0	0	nan	0	0	0	0.019829	0.000184	0.019829	0.000184	0.979555	0.009090
48	U	16628	854783	787904	0.021104	84524	109	854119	1414	821247	784129	0.001803	59063	20	820893	0	0	0	nan	0	0	0	0.019301	0.000171	0.019301	0.000171	0.953472	0.008447
49	U	15050	853816	793442	0.018968	68791	83	853151	2486	820186	784259	0.003170	37154	5	819831	0	0	0	nan	0	0	0	0.015798	0.000167	0.015798	0.000167	0.780423	0.008250
50	C	6719	853516	795005	0.008452	68817	83	852842	1650	819960	783725	0.002105	37152	5	819600	0	0	0	nan	0	0	0	0.006346	0.000115	0.006346	0.000115	0.313493	0.005681
51	G	3683	853013	798563	0.004612	68721	83	852316	2892	819417	786627	0.003676	36999	5	819054	0	0	0	nan	0	0	0	0.000936	0.000102	0.000936	0.000102	0.046239	0.005039
52	G	11411	852476	797677	0.014305	67903	84	851761	9437	818956	785363	0.012016	35882	2	818587	0	0	0	nan	0	0	0	0.002289	0.000182	0.002289	0.000182	0.113077	0.008991
53	C	4239	851908	799809	0.005300	67239	84	851176	3545	818537	786648	0.004506	34893	1	818170	0	0	0	nan	0	0	0	0.000794	0.000111	0.000794	0.000111	0.039224	0.005483
54	C	2629	850869	800459	0.003284	66830	84	850116	2186	817705	786955	0.002778	34233	1	817335	0	0	0	nan	0	0	0	0.000507	0.000087	0.000507	0.000087	0.025046	0.004298
55	G	2869	849309	790698	0.003628	66562	83	848532	2574	816584	778432	0.003307	33905	1	816208	0	0	0	nan	0	0	0	0.000322	0.000094	0.000322	0.000094	0.015907	0.004644
56	U	1655	848272	784959	0.002108	66385	83	847483	1424	815856	774797	0.001838	33623	1	815477	0	0	0	nan	0	0	0	0.000270	0.000071	0.000270	0.000071	0.013338	0.003507
57	A	3455	847643	778602	0.004437	66350	83	846839	1086	815335	769975	0.001410	33577	1	814948	0	0	0	nan	0	0	0	0.003027	0.000087	0.003027	0.000087	0.149534	0.004298
58	G	5728	847225	777034	0.007372	66300	81	846403	1119	814883	765617	0.001462	33507	1	814491	0	0	0	nan	0	0	0	0.005910	0.000107	0.005910	0.000107	0.291955	0.005286
59	A	14386	847056	777375	0.018506	66264	81	846226	1533	814743	767870	0.001996	33436	1	814348	0	0	0	nan	0	0	0	0.016509	0.000162	0.016509	0.000162	0.815547	0.008003
60	G	15991	847114	777675	0.020563	66254	81	846275	2906	814790	769792	0.003775	33416	1	814391	0	0	0	nan	0	0	0	0.016788	0.000177	0.016788	0.000177	0.829329	0.008744
61	G	32184	847213	785262	0.040985	66256	81	846356	6223	814899	777923	0.008000	33416	1	814494	0	0	0	nan	0	0	0	0.032986	0.000250	0.032986	0.000250	1.629513	0.012350
62	A	20500	847406	785610	0.026094	66259	81	846536	1833	815117	778360	0.002355	33420	1	814707	0	0	0	nan	0	0	0	0.023739	0.000190	0.023739	0.000190	1.172710	0.009386
63	A	9100	847563	793241	0.011472	66263	81	846676	739	815267	780399	0.000947	33420	1	814855	0	0	0	nan	0	0	0	0.010525	0.000125	0.010525	0.000125	0.519936	0.006175
64	A	4963	847314	798789	0.006213	66263	81	846416	683	815011	784533	0.000871	33421	1	814598	0	0	0	nan	0	0	0	0.005343	0.000094	0.005343	0.000094	0.263945	0.004644
65	G	6403	846890	795652	0.008047	66264	81	845990	1791	814844	782215	0.002290	33421	1	814430	0	0	0	nan	0	0	0	0.005758	0.000114	0.005758	0.000114	0.284446	0.005632
66	U	24351	846624	801384	0.030386	66269	79	845722	17242	814681	785388	0.021953	33421	1	814266	0	0	0	nan	0	0	0	0.008433	0.000257	0.008433	0.000257	0.416591	0.012696
67	C	3134	846457	802241	0.003907	66279	79	845547	1106	814622	785744	0.001408	33420	1	814205	0	0	0	nan	0	0	0	0.002499	0.000082	0.002499	0.000082	0.123451	0.004051
68	C	2492	846089	804331	0.003098	66407	76	845161	974	814406	787481	0.001237	33427	1	813983	0	0	0	nan	0	0	0	0.001861	0.000074	0.001861	0.000074	0.091934	0.003656
69	A	8105	845430	802454	0.010100	66405	76	844486	1432	814009	785542	0.001823	33426	1	813584	0	0	0	nan	0	0	0	0.008277	0.000122	0.008277	0.000122	0.408885	0.006027
70	U	14030	844961	803233	0.017467	66405	77	844006	2442	813804	786049	0.003107	33426	1	813369	0	0	0	nan	0	0	0	0.014360	0.000160	0.014360	0.000160	0.709386	0.007904
71	G	13746	844490	804255	0.017092	66402	74	843524	4069	813569	785144	0.005182	33426	1	813126	0	0	0	nan	0	0	0	0.011909	0.000167	0.011909	0.000167	0.588306	0.008250
72	C	5866	844049	798060	0.007350	66409	63	843069	4100	813268	782187	0.005242	33425	1	812823	0	0	0	nan	0	0	0	0.002109	0.000126	0.002109	0.000126	0.104185	0.006224
73	U	4296	843386	796773	0.005392	66413	62	842398	3178	812982	782009	0.004064	33425	1	812533	0	0	0	nan	0	0	0	0.001328	0.000109	0.001328	0.000109	0.065603	0.005385
74	C	3826	843264	794688	0.004814	65841	59	842269	1449	812954	781330	0.001855	33297	1	812500	0	0	0	nan	0	0	0	0.002960	0.000092	0.002960	0.000092	0.146224	0.004545
75	G	16188	843007	794225	0.020382	65844	59	841991	6355	812837	780739	0.008140	33297	1	812378	0	0	0	nan	0	0	0	0.012242	0.000190	0.012242	0.000190	0.604756	0.009386
76	C	5141	842832	789124	0.006515	65466	58	841806	1065	812688	777719	0.001369	33227	1	812227	0	0	0	nan	0	0	0	0.005145	0.000100	0.005145	0.000100	0.254164	0.004940
77	A	11813	842912	789753	0.014958	65083	55	841846	1055	812850	778299	0.001356	33139	1	812372	0	0	0	nan	0	0	0	0.013602	0.000144	0.013602	0.000144	0.671941	0.007114
78	C	11429	842967	794038	0.014394	65082	53	841865	1191	812949	782105	0.001523	33139	1	812455	0	0	0	nan	0	0	0	0.012871	0.000142	0.012871	0.000142	0.635829	0.007015
79	G	14418	843181	795784	0.018118	65085	47	842050	8065	813214	783796	0.010290	33139	1	812699	0	0	0	nan	0	0	0	0.007828	0.000189	0.007828	0.000189	0.386704	0.009337
80	G	6100	842839	787210	0.007749	65084	43	841684	3979	812978	779487	0.005105	33139	1	812454	0	0	0	nan	0	0	0	0.002644	0.000128	0.002644	0.000128	0.130614	0.006323
81	U	26645	842425	787972	0.033815	65104	42	841250	2424	812770	776393	0.003122	33138	1	812239	0	0	0	nan	0	0	0	0.030693	0.000217	0.030693	0.000217	1.516238	0.010720
82	G	11613	842239	789542	0.014709	65076	42	841054	4661	812632	777326	0.005996	33131	1	812095	0	0	0	nan	0	0	0	0.008712	0.000162	0.008712	0.000162	0.430374	0.008003
83	C	4581	841950	788093	0.005813	65076	41	840755	1483	812456	776155	0.001911	33130	1	811914	0	0	0	nan	0	0	0	0.003902	0.000099	0.003902	0.000099	0.192759	0.004891
84	U	6334	841427	785234	0.008066	65071	41	840219	2110	811975	777765	0.002713	33129	1	811428	0	0	0	nan	0	0	0	0.005353	0.000117	0.005353	0.000117	0.264439	0.005780
85	G	10307	841247	773766	0.013321	64829	41	840026	1929	811823	774080	0.002492	33088	1	811272	0	0	0	nan	0	0	0	0.010829	0.000143	0.010829	0.000143	0.534954	0.007064
86	A	17428	840787	783396	0.022247	64802	41	839552	1942	811444	777121	0.002499	33080	1	810890	0	0	0	nan	0	0	0	0.019748	0.000178	0.019748	0.000178	0.975554	0.008793
87	G	4092	840774	776924	0.005267	64791	41	839519	1189	811508	772895	0.001538	33079	1	810941	0	0	0	nan	0	0	0	0.003729	0.000094	0.003729	0.000094	0.184213	0.004644
88	A	15653	840984	787419	0.019879	64913	44	839697	1273	811616	777758	0.001637	33081	1	811041	0	0	0	nan	0	0	0	0.018242	0.000165	0.018242	0.000165	0.901157	0.008151
89	U	27146	841096	793967	0.034190	64913	44	839801	1624	811763	778123	0.002087	33081	1	811179	0	0	0	nan	0	0	0	0.032103	0.000214	0.032103	0.000214	1.585892	0.010572
90	G	6356	841359	795463	0.007990	64913	43	840038	4007	811939	781483	0.005127	33081	1	811344	0	0	0	nan	0	0	0	0.002863	0.000129	0.002863	0.000129	0.141433	0.006373
91	C	8035	841558	792701	0.010136	64925	42	840222	6440	812120	779905	0.008257	33081	1	811511	0	0	0	nan	0	0	0	0.001879	0.000153	0.001879	0.000153	0.092823	0.007558
92	C	1862	841557	796056	0.002339	64927	42	840210	1372	812170	783062	0.001752	33081	1	811556	0	0	0	nan	0	0	0	0.000587	0.000072	0.000587	0.000072	0.028998	0.003557
93	C	4685	841539	797034	0.005878	64928	42	840166	2573	812168	783043	0.003286	33081	1	811546	0	0	0	nan	0	0	0	0.002592	0.000108	0.002592	0.000108	0.128045	0.005335
94	G	9123	841459	795880	0.011463	64945	41	840069	3721	812255	783925	0.004747	33081	1	811622	0	0	0	nan	0	0	0	0.006716	0.000143	0.006716	0.000143	0.331771	0.007064
95	U	8534	841375	794799	0.010737	64974	40	839970	3750	812154	781508	0.004798	33081	1	811518	0	0	0	nan	0	0	0	0.005939	0.000140	0.005939	0.000140	0.293387	0.006916
96	A	19700	841544	792909	0.024845	64987	40	840112	1773	812292	781320	0.002269	33081	1	811648	0	0	0	nan	0	0	0	0.022576	0.000185	0.022576	0.000185	1.115257	0.009139
97	G	10850	841761	793294	0.013677	65060	39	840312	2675	812380	782591	0.003418	33081	1	811734	0	0	0	nan	0	0	0	0.010259	0.000147	0.010259	0.000147	0.506796	0.007262
98	U	26268	841853	802771	0.032722	65175	38	840395	3017	812436	785203	0.003842	33082	1	811788	0	0	0	nan	0	0	0	0.028879	0.000214	0.028879	0.000214	1.426626	0.010572
99	G	5345	841801	804063	0.006647	65189	38	840337	2393	812448	786525	0.003042	33082	1	811797	0	0	0	nan	0	0	0	0.003605	0.000110	0.003605	0.000110	0.178087	0.005434
100	U	4724	841821	801132	0.005897	65205	38	840354	3398	812414	783697	0.004336	33082	1	811761	0	0	0	nan	0	0	0	0.001561	0.000114	0.001561	0.000114	0.077114	0.005632
101	U	1889	841553	795657	0.002374	65218	38	840080	1248	812227	781728	0.001596	33082	1	811569	0	0	0	nan	0	0	0	0.000778	0.000071	0.000778	0.000071	0.038433	0.003507
102	C	3730	841374	785015	0.004752	65217	38	839893	1486	812093	781889	0.001901	33082	1	811432	0	0	0	nan	0	0	0	0.002851	0.000092	0.002851	0.000092	0.140840	0.004545
103	G	14465	841439	786831	0.018384	65218	38	839939	1685	812142	781186	0.002157	33082	1	811471	0	0	0	nan	0	0	0	0.016227	0.000162	0.016227	0.000162	0.801616	0.008003
104	U	21614	841400	795620	0.027166	65217	38	839890	2672	812132	783325	0.003411	33081	1	811458	0	0	0	nan	0	0	0	0.023755	0.000196	0.023755	0.000196	1.173500	0.009682
105	G	12761	841491	795562	0.016040	65227	38	839967	2839	812271	782937	0.003626	33082	1	811592	0	0	0	nan	0	0	0	0.012414	0.000157	0.012414	0.000157	0.613253	0.007756
106	G	10113	841650	797837	0.012676	65227	38	840115	5389	812433	785353	0.006862	33082	1	811747	0	0	0	nan	0	0	0	0.005814	0.000157	0.005814	0.000157	0.287212	0.007756
107	A	10496	841705	798242	0.013149	65208	38	840157	954	812521	784108	0.001217	33076	1	811831	0	0	0	nan	0	0	0	0.011932	0.000134	0.011932	0.000134	0.589442	0.006620
108	A	2133	841537	800791	0.002664	65203	38	839982	519	812439	784094	0.000662	33073	1	811747	0	0	0	nan	0	0	0	0.002002	0.000065	0.002002	0.000065	0.098899	0.003211
109	A	5866	840934	799809	0.007334	65225	38	839372	755	812093	782706	0.000965	33074	1	811398	0	0	0	nan	0	0	0	0.006370	0.000102	0.006370	0.000102	0.314679	0.005039
110	C	3012	840413	803528	0.003748	65225	38	838843	1328	811760	786776	0.001688	33073	1	811064	0	0	0	nan	0	0	0	0.002061	0.000083	0.002061	0.000083	0.101814	0.004100
111	A	1755	839963	804450	0.002182	65228	38	838390	815	811563	787306	0.001035	33073	1	810864	0	0	0	nan	0	0	0	0.001146	0.000063	0.001146	0.000063	0.056613	0.003112
112	C	2352	839639	803162	0.002928	65233	38	838059	1406	811347	786553	0.001788	33074	1	810647	0	0	0	nan	0	0	0	0.001141	0.000077	0.001141	0.000077	0.056366	0.003804
113	G	3983	839222	796232	0.005002	65224	37	837639	2152	811059	780156	0.002758	33074	1	810359	0	0	0	nan	0	0	0	0.002244	0.000099	0.002244	0.000099	0.110854	0.004891
114	A	5472	838866	792479	0.006905	65225	37	837279	1085	810837	778176	0.001394	33074	1	810136	0	0	0	nan	0	0	0	0.005511	0.000102	0.005511	0.000102	0.272244	0.005039
115	G	5822	838684	787447	0.007394	65235	37	837086	4536	810744	773790	0.005862	33074	1	810036	0	0	0	nan	0	0	0	0.001531	0.000130	0.001531	0.000130	0.075632	0.006422
116	C	4268	838590	792064	0.005388	65264	37	836980	2133	810670	779740	0.002736	33074	1	809961	0	0	0	nan	0	0	0	0.002653	0.000102	0.002653	0.000102	0.131059	0.005039
117	G	4183	838787	789025	0.005301	65263	36	837161	1887	810766	777316	0.002428	33077	1	810052	0	0	0	nan	0	0	0	0.002874	0.000099	0.002874	0.000099	0.141976	0.004891
118	A	13504	838914	790691	0.017079	65262	36	837275	1396	810830	781326	0.001787	33077	1	810112	0	0	0	nan	0	0	0	0.015292	0.000155	0.015292	0.000155	0.755427	0.007657
119	G	49343	839302	789932	0.062465	65264	34	837648	31142	811149	780539	0.039898	33077	1	810416	0	0	0	nan	0	0	0	0.022567	0.000361	0.022567	0.000361	1.114813	0.017833
120	A	16194	839914	790124	0.020496	65291	33	838237	925	811589	782894	0.001182	33076	1	810851	0	0	0	nan	0	0	0	0.019314	0.000166	0.019314	0.000166	0.954114	0.008200
121	A	14415	840378	787272	0.018310	65307	33	838673	437	812040	781722	0.000559	33076	1	811289	0	0	0	nan	0	0	0	0.017751	0.000155	0.017751	0.000155	0.876902	0.007657
122	A	15081	840388	788723	0.019121	65302	32	838664	1936	812129	780056	0.002482	33076	1	811369	0	0	0	nan	0	0	0	0.016639	0.000166	0.016639	0.000166	0.821969	0.008200
123	C	5106	840321	779823	0.006548	65362	31	838554	2553	812015	777184	0.003285	33076	1	811243	0	0	0	nan	0	0	0	0.003263	0.000112	0.003263	0.000112	0.161193	0.005533
124	C	2812	840097	781357	0.003599	65349	31	838305	1274	811871	777448	0.001639	33076	1	811091	0	0	0	nan	0	0	0	0.001960	0.000082	0.001960	0.000082	0.096824	0.004051
125	C	10831	839694	780365	0.013879	65350	31	837879	3330	811713	779049	0.004274	33075	1	810915	0	0	0	nan	0	0	0	0.009605	0.000153	0.009605	0.000153	0.474488	0.007558
126	A	13286	839102	757439	0.017541	65319	30	837255	988	811458	777145	0.001271	33065	1	810639	0	0	0	nan	0	0	0	0.016269	0.000157	0.016269	0.000157	0.803691	0.007756
127	A	18380	838561	763007	0.024089	65309	30	836689	571	811101	770168	0.000741	33064	1	810262	0	0	0	nan	0	0	0	0.023348	0.000180	0.023348	0.000180	1.153394	0.008892
128	A	12021	837818	750668	0.016014	65319	29	835935	706	810568	765251	0.000923	33061	1	809720	0	0	0	nan	0	0	0	0.015091	0.000150	0.015091	0.000150	0.745497	0.007410
129	U	29415	837121	739237	0.039791	65293	29	835226	1373	810208	768147	0.001787	33060	1	809355	0	0	0	nan	0	0	0	0.038004	0.000237	0.038004	0.000237	1.877403	0.011708
130	G	19484	836937	747757	0.026057	65254	29	835032	1152	810018	771789	0.001493	33059	1	809158	0	0	0	nan	0	0	0	0.024564	0.000192	0.024564	0.000192	1.213465	0.009485
131	A	24152	836751	765784	0.031539	65248	29	834833	925	809826	775044	0.001193	33057	1	808964	0	0	0	nan	0	0	0	0.030345	0.000207	0.030345	0.000207	1.499047	0.010226
132	U	21644	836713	769376	0.028132	65232	29	834781	1481	809796	776096	0.001908	33057	1	808927	0	0	0	nan	0	0	0	0.026224	0.000198	0.026224	0.000198	1.295469	0.009781
133	G	13200	836996	768665	0.017173	64797	26	835047	3933	809988	772964	0.005088	33050	1	809112	0	0	0	nan	0	0	0	0.012084	0.000170	0.012084	0.000170	0.596951	0.008398
134	G	7633	837243	763635	0.009996	64739	22	835274	2471	810339	772910	0.003197	33047	1	809457	0	0	0	nan	0	0	0	0.006799	0.000131	0.006799	0.000131	0.335871	0.006471
135	U	9792	837163	750626	0.013045	64667	16	835190	968	810369	769156	0.001259	33027	1	809485	0	0	0	nan	0	0	0	0.011787	0.000138	0.011787	0.000138	0.582279	0.006817
136	A	21575	837224	751565	0.028707	64628	15	835244	974	810411	768938	0.001267	33028	1	809523	0	0	0	nan	0	0	0	0.027440	0.000200	0.027440	0.000200	1.355540	0.009880
137	G	32853	837542	769169	0.042712	64558	13	835551	5952	810538	772260	0.007707	33034	1	809645	0	0	0	nan	0	0	0	0.035005	0.000256	0.035005	0.000256	1.729252	0.012646
138	G	13279	837579	776076	0.017110	64542	10	835568	7446	810458	775828	0.009597	33034	1	809557	0	0	0	nan	0	0	0	0.007513	0.000186	0.007513	0.000186	0.371143	0.009188
139	G	6848	837195	776228	0.008822	64534	10	835180	3526	810084	773914	0.004556	33032	1	809179	0	0	0	nan	0	0	0	0.004266	0.000131	0.004266	0.000131	0.210741	0.006471
140	G	14950	836635	769855	0.019419	64510	9	834613	8577	809630	767445	0.011176	33029	1	808720	0	0	0	nan	0	0	0	0.008243	0.000199	0.008243	0.000199	0.407205	0.009831
141	C	9244	836121	760582	0.012154	64397	8	834091	1796	809344	760300	0.002362	33024	1	808428	0	0	0	nan	0	0	0	0.009792	0.000138	0.009792	0.000138	0.483726	0.006817
142	A	19412	835751	760669	0.025520	64238	8	833715	1097	809005	757146	0.001449	33010	0	808085	0	0	0	nan	0	0	0	0.024071	0.000188	0.024071	0.000188	1.189111	0.009287
143	C	3052	835688	762180	0.004004	64211	8	833631	1897	808902	755882	0.002510	33012	0	807978	0	0	0	nan	0	0	0	0.001495	0.000093	0.001495	0.000093	0.073853	0.004594
144	C	6794	835604	771205	0.008810	64200	8	833520	4741	808810	761824	0.006223	33012	0	807875	0	0	0	nan	0	0	0	0.002586	0.000140	0.002586	0.000140	0.127749	0.006916
145	U	5372	835751	771437	0.006964	64201	8	833640	3856	808919	761851	0.005061	33012	0	807980	0	0	0	nan	0	0	0	0.001902	0.000125	0.001902	0.000125	0.093959	0.006175
146	U	10580	836096	772801	0.013690	64199	8	833940	8138	809149	764839	0.010640	33012	0	808192	0	0	0	nan	0	0	0	0.003050	0.000178	0.003050	0.000178	0.150670	0.008793
147	C	4699	836307	773277	0.006077	64188	9	834103	3757	809292	763658	0.004920	33012	0	808320	0	0	0	nan	0	0	0	0.001157	0.000120	0.001157	0.000120	0.057156	0.005928
148	C	1879	836577	776777	0.002419	64117	9	834303	1027	809545	766675	0.001340	32996	0	808540	0	0	0	nan	0	0	0	0.001079	0.000070	0.001079	0.000070	0.053303	0.003458
149	C	1921	836821	780012	0.002463	64116	9	834483	1083	809872	768393	0.001409	32996	0	808822	0	0	0	nan	0	0	0	0.001053	0.000071	0.001053	0.000071	0.052018	0.003507
150	G	2243	837069	776733	0.002888	64130	9	834667	1050	810163	770983	0.001362	32995	0	809067	0	0	0	nan	0	0	0	0.001526	0.000074	0.001526	0.000074	0.075385	0.003656
151	A	4222	837117	771387	0.005473	64128	9	834657	954	810381	769986	0.001239	32995	0	809234	0	0	0	nan	0	0	0	0.004234	0.000093	0.004234	0.000093	0.209160	0.004594
152	A	5526	837230	769993	0.007177	64132	9	834747	1359	810546	770334	0.001764	32996	0	809382	0	0	0	nan	0	0	0	0.005413	0.000108	0.005413	0.000108	0.267403	0.005335
153	G	5550	837428	770911	0.007199	64140	9	834923	3204	810652	770544	0.004158	32996	0	809480	0	0	0	nan	0	0	0	0.003041	0.000121	0.003041	0.000121	0.150226	0.005977
154	G	6492	837448	768688	0.008446	64140	9	834931	2229	810612	771707	0.002888	32996	0	809439	0	0	0	nan	0	0	0	0.005557	0.000121	0.005557	0.000121	0.274517	0.005977
155	A	13021	837402	750210	0.017356	64140	9	834873	1263	810622	770151	0.001640	32996	0	809447	0	0	0	nan	0	0	0	0.015717	0.000159	0.015717	0.000159	0.776422	0.007855
156	A	18469	837245	764758	0.024150	64142	9	834692	537	810503	771749	0.000696	32995	0	809325	0	0	0	nan	0	0	0	0.023454	0.000180	0.023454	0.000180	1.158631	0.008892
157	A	16469	837071	760872	0.021645	64144	9	834507	548	810293	769390	0.000712	32998	0	809109	0	0	0	nan	0	0	0	0.020933	0.000171	0.020933	0.000171	1.034093	0.008447
158	U	24327	836612	766843	0.031724	64143	9	834043	2305	809930	771369	0.002988	32998	0	808745	0	0	0	nan	0	0	0	0.028735	0.000213	0.028735	0.000213	1.419513	0.010522
159	G	10251	836516	767724	0.013352	64144	9	833938	1234	809832	767338	0.001608	32998	0	808643	0	0	0	nan	0	0	0	0.011744	0.000140	0.011744	0.000140	0.580155	0.006916
160	A	11358	836398	768393	0.014781	64145	9	833810	959	809706	764568	0.001254	32999	0	808515	0	0	0	nan	0	0	0	0.013527	0.000144	0.013527	0.000144	0.668236	0.007114
161	A	7905	836120	766464	0.010314	64141	9	833523	610	809498	762261	0.000800	32998	0	808304	0	0	0	nan	0	0	0	0.009513	0.000120	0.009513	0.000120	0.469943	0.005928
162	C	3876	835908	769288	0.005038	64145	9	833295	1340	809323	764869	0.001752	32999	0	808125	0	0	0	nan	0	0	0	0.003286	0.000094	0.003286	0.000094	0.162329	0.004644
163	G	5232	835940	775788	0.006744	64143	9	833298	2425	809319	769812	0.003150	32999	0	808118	0	0	0	nan	0	0	0	0.003594	0.000113	0.003594	0.000113	0.177544	0.005582
164	G	4496	835865	770701	0.005834	64214	15	833198	2183	809218	765777	0.002851	33006	0	808013	0	0	0	nan	0	0	0	0.002983	0.000106	0.002983	0.000106	0.147361	0.005236
165	A	9517	835474	771272	0.012339	64209	15	832791	4952	808935	765650	0.006468	33008	0	807726	0	0	0	nan	0	0	0	0.005872	0.000156	0.005872	0.000156	0.290078	0.007706
166	G	14554	835609	776177	0.018751	64611	15	832893	12210	808979	769839	0.015860	33240	1	807759	0	0	0	nan	0	0	0	0.002890	0.000212	0.002890	0.000212	0.142766	0.010473
167	G	15190	835639	785327	0.019342	64755	16	832877	12433	808966	776872	0.016004	33271	1	807729	0	0	0	nan	0	0	0	0.003338	0.000213	0.003338	0.000213	0.164898	0.010522
168	G	3633	835486	783356	0.004638	64816	16	832701	3239	808776	775403	0.004177	33277	1	807530	0	0	0	nan	0	0	0	0.000461	0.000106	0.000461	0.000106	0.022773	0.005236
169	A	1800	835226	781250	0.002304	64831	16	832402	1342	808473	772946	0.001736	33277	1	807216	0	0	0	nan	0	0	0	0.000568	0.000072	0.000568	0.000072	0.028059	0.003557
170	A	2865	834952	781385	0.003667	64843	16	832103	2134	808142	772513	0.002762	33278	1	806870	0	0	0	nan	0	0	0	0.000904	0.000091	0.000904	0.000091	0.044658	0.004495
171	G	4518	834477	783658	0.005765	64860	16	831613	3514	807742	774923	0.004535	33279	1	806463	0	0	0	nan	0	0	0	0.001231	0.000115	0.001231	0.000115	0.060812	0.005681
172	G	4239	834025	783328	0.005412	64864	15	831144	1543	807244	774367	0.001993	33279	1	805959	0	0	0	nan	0	0	0	0.003419	0.000097	0.003419	0.000097	0.168899	0.004792
173	A	4751	833634	779842	0.006092	64873	15	830745	1152	806868	769929	0.001496	33280	1	805580	0	0	0	nan	0	0	0	0.004596	0.000099	0.004596	0.000099	0.227043	0.004891
174	C	1464	833276	781210	0.001874	64889	15	830384	827	806621	769249	0.001075	33281	1	805329	0	0	0	nan	0	0	0	0.000799	0.000062	0.000799	0.000062	0.039471	0.003063
175	A	3974	833000	784388	0.005066	64889	16	830100	1770	806405	772322	0.002292	33281	1	805113	0	0	0	nan	0	0	0	0.002775	0.000097	0.002775	0.000097	0.137085	0.004792
176	G	7076	832777	788184	0.008978	64892	17	829872	3576	806226	775753	0.004610	33281	1	804930	0	0	0	nan	0	0	0	0.004368	0.000132	0.004368	0.000132	0.215780	0.006521
177	G	9265	832508	782260	0.011844	64899	17	829589	7028	806006	772052	0.009103	33281	1	804706	0	0	0	nan	0	0	0	0.002741	0.000164	0.002741	0.000164	0.135406	0.008102
178	C	3602	832040	778866	0.004625	64906	17	829119	2013	805665	771333	0.002610	33281	1	804358	0	0	0	nan	0	0	0	0.002015	0.000097	0.002015	0.000097	0.099541	0.004792
179	G	7995	831757	775568	0.010309	64905	18	828818	4199	805556	771385	0.005443	33280	1	804242	0	0	0	nan	0	0	0	0.004865	0.000143	0.004865	0.000143	0.240332	0.007064
180	G	11200	831326	772478	0.014499	64920	18	828378	9874	805189	770698	0.012812	33280	1	803867	0	0	0	nan	0	0	0	0.001687	0.000188	0.001687	0.000188	0.083338	0.009287
181	C	7697	830558	771236	0.009980	64928	18	827596	4138	804509	769213	0.005380	33283	1	803181	0	0	0	nan	0	0	0	0.004601	0.000141	0.004601	0.000141	0.227290	0.006965
182	G	15086	829952	768572	0.019629	64903	20	826961	5865	803981	765989	0.007657	33273	1	802643	0	0	0	nan	0	0	0	0.011972	0.000189	0.011972	0.000189	0.591418	0.009337
183	C	6825	829557	766660	0.008902	65186	24	826530	1003	803600	766204	0.001309	33286	1	802255	0	0	0	nan	0	0	0	0.007593	0.000115	0.007593	0.000115	0.375095	0.005681
184	A	18633	828909	759688	0.024527	65179	24	825866	825	802926	761564	0.001083	33281	1	801577	0	0	0	nan	0	0	0	0.023444	0.000184	0.023444	0.000184	1.158137	0.009090
185	U	38039	828414	770390	0.049376	65186	24	825351	2608	802487	762878	0.003419	33282	1	801126	0	0	0	nan	0	0	0	0.045958	0.000262	0.045958	0.000262	2.270331	0.012943
186	G	7912	828717	772670	0.010240	65209	26	825606	5564	802607	761683	0.007305	33280	1	801239	0	0	0	nan	0	0	0	0.002935	0.000151	0.002935	0.000151	0.144989	0.007459
187	C	3491	828774	774304	0.004509	65212	26	825629	2549	802567	764381	0.003335	33280	1	801181	0	0	0	nan	0	0	0	0.001174	0.000101	0.001174	0.000101	0.057996	0.004989
188	A	5931	828613	774523	0.007658	65214	27	825431	874	802454	763149	0.001145	33277	1	801045	0	0	0	nan	0	0	0	0.006512	0.000107	0.006512	0.000107	0.321694	0.005286
189	G	5694	828523	770087	0.007394	65256	28	825314	4138	802321	762735	0.005425	33278	1	800898	0	0	0	nan	0	0	0	0.001969	0.000129	0.001969	0.000129	0.097269	0.006373
190	C	3648	828284	768213	0.004749	65283	28	825039	2716	802036	761218	0.003568	33280	1	800600	0	0	0	nan	0	0	0	0.001181	0.000104	0.001181	0.000104	0.058342	0.005138
191	C	2567	827995	767983	0.003343	65328	31	824713	2653	801639	762039	0.003481	33280	1	800193	0	0	0	nan	0	0	0	-0.000139	0.000094	-0.000139	0.000094	-0.006867	0.004644
192	U	5235	827825	770803	0.006792	65487	39	824499	4002	801540	763606	0.005241	33279	1	800066	0	0	0	nan	0	0	0	0.001551	0.000125	0.001551	0.000125	0.076620	0.006175
193	G	4967	827713	776233	0.006399	65606	40	824352	1917	801375	766968	0.002499	33279	1	799886	0	0	0	nan	0	0	0	0.003899	0.000107	0.003899	0.000107	0.192611	0.005286
194	U	3854	827307	773461	0.004983	65715	45	823924	2801	800817	764041	0.003666	33279	1	799318	0	0	0	nan	0	0	0	0.001317	0.000106	0.001317	0.000106	0.065060	0.005236
195	A	15834	827109	768630	0.020600	65807	50	823664	1309	800654	763697	0.001714	33279	1	799118	0	0	0	nan	0	0	0	0.018886	0.000170	0.018886	0.000170	0.932971	0.008398
196	G	10340	827021	765733	0.013503	65914	56	823535	1370	800531	762439	0.001797	33279	1	798988	0	0	0	nan	0	0	0	0.011707	0.000141	0.011707	0.000141	0.578327	0.006965
197	A	18707	826681	758984	0.024647	65996	57	823172	1022	800243	763287	0.001339	33279	1	798687	0	0	0	nan	0	0	0	0.023308	0.000185	0.023308	0.000185	1.151418	0.009139
198	U	16767	826640	757338	0.022139	66026	57	823119	1283	800132	760474	0.001687	33279	1	798571	0	0	0	nan	0	0	0	0.020452	0.000177	0.020452	0.000177	1.010331	0.008744
199	A	14774	826717	759435	0.019454	66040	59	823176	880	800213	762150	0.001155	33279	1	798637	0	0	0	nan	0	0	0	0.018299	0.000165	0.018299	0.000165	0.903973	0.008151
200	G	20113	826866	740310	0.027168	66070	62	823301	1262	800284	756802	0.001668	33280	1	798702	0	0	0	nan	0	0	0	0.025501	0.000197	0.025501	0.000197	1.259753	0.009732
201	A	20600	826855	744099	0.027684	66095	62	823271	866	800213	751314	0.001153	33278	1	798617	0	0	0	nan	0	0	0	0.026532	0.000197	0.026532	0.000197	1.310684	0.009732
202	U	38829	827184	755257	0.051412	66099	62	823578	1731	800453	751283	0.002304	33277	1	798844	0	0	0	nan	0	0	0	0.049108	0.000267	0.049108	0.000267	2.425942	0.013190
203	G	5592	827815	758783	0.007370	66115	62	824148	1447	800659	757852	0.001909	33279	1	799034	0	0	0	nan	0	0	0	0.005460	0.000111	0.005460	0.000111	0.269725	0.005483
204	A	12875	828173	762732	0.016880	66112	62	824472	1584	800752	756526	0.002094	33279	1	799120	0	0	0	nan	0	0	0	0.014786	0.000158	0.014786	0.000158	0.730430	0.007805
205	U	11085	828558	760109	0.014583	66112	64	824810	2168	800858	751724	0.002884	33278	1	799207	0	0	0	nan	0	0	0	0.011699	0.000152	0.011699	0.000152	0.577932	0.007509
206	U	16250	828947	764239	0.021263	66113	64	825128	1779	800998	751567	0.002367	33278	1	799325	0	0	0	nan	0	0	0	0.018896	0.000176	0.018896	0.000176	0.933465	0.008694
207	A	6984	829273	763701	0.009145	66109	65	825353	768	801128	753273	0.001020	33277	1	799392	0	0	0	nan	0	0	0	0.008125	0.000115	0.008125	0.000115	0.401376	0.005681
208	C	5665	829234	761268	0.007442	66101	67	825266	1364	800970	752681	0.001812	33278	1	799210	0	0	0	nan	0	0	0	0.005629	0.000110	0.005629	0.000110	0.278073	0.005434
209	C	18717	829163	761531	0.024578	66104	67	825131	982	800835	751769	0.001306	33278	1	799046	0	0	0	nan	0	0	0	0.023272	0.000184	0.023272	0.000184	1.149640	0.009090
210	G	18075	829139	753814	0.023978	66126	67	825045	7983	800746	744318	0.010725	33276	1	798920	0	0	0	nan	0	0	0	0.013253	0.000215	0.013253	0.000215	0.654700	0.010621
211	C	3582	828953	748448	0.004786	66119	67	824722	1853	800373	739980	0.002504	33277	1	798474	0	0	0	nan	0	0	0	0.002282	0.000099	0.002282	0.000099	0.112731	0.004891
212	C	3539	828597	748551	0.004728	66096	68	824270	1061	799855	738697	0.001436	33271	0	797900	0	0	0	nan	0	0	0	0.003291	0.000091	0.003291	0.000091	0.162576	0.004495
213	G	9165	829064	756058	0.012122	66096	68	824515	4886	800174	744447	0.006563	33271	0	798070	0	0	0	nan	0	0	0	0.005559	0.000158	0.005559	0.000158	0.274615	0.007805
214	G	5730	829349	757230	0.007567	66093	68	824584	2606	800286	743942	0.003503	33271	0	798069	0	0	0	nan	0	0	0	0.004064	0.000121	0.004064	0.000121	0.200762	0.005977
215	A	5245	829096	758785	0.006912	66086	70	824191	1612	799806	744928	0.002164	33270	0	797510	0	0	0	nan	0	0	0	0.004748	0.000110	0.004748	0.000110	0.234552	0.005434
216	G	3297	829381	753188	0.004377	66081	69	824364	1782	799870	737594	0.002416	33265	0	797528	0	0	0	nan	0	0	0	0.001961	0.000095	0.001961	0.000095	0.096874	0.004693
217	U	4281	829515	758338	0.005645	66076	69	824461	2380	799790	741226	0.003211	33264	0	797424	0	0	0	nan	0	0	0	0.002434	0.000109	0.002434	0.000109	0.120240	0.005385
218	A	2784	829592	752069	0.003702	66076	69	824490	701	799668	734653	0.000954	33264	0	797284	0	0	0	nan	0	0	0	0.002748	0.000079	0.002748	0.000079	0.135752	0.003903
219	C	3438	829581	760484	0.004521	66084	70	824449	957	799493	745708	0.001283	33264	0	797097	0	0	0	nan	0	0	0	0.003237	0.000088	0.003237	0.000088	0.159908	0.004347
220	G	7143	829981	748141	0.009548	66083	71	824804	1161	799699	733078	0.001584	33264	0	797278	0	0	0	nan	0	0	0	0.007964	0.000122	0.007964	0.000122	0.393423	0.006027
221	A	6793	829790	755333	0.008993	66084	71	824566	1669	799392	742051	0.002249	33263	0	796943	0	0	0	nan	0	0	0	0.006744	0.000122	0.006744	0.000122	0.333154	0.006027
222	G	4235	830554	744515	0.005688	66091	70	825256	2358	799907	734460	0.003211	33263	0	797416	0	0	0	nan	0	0	0	0.002478	0.000110	0.002478	0.000110	0.122414	0.005434
223	G	11070	830815	743418	0.014891	66094	71	825467	10021	799971	733228	0.013667	33262	0	797444	0	0	0	nan	0	0	0	0.001224	0.000197	0.001224	0.000197	0.060466	0.009732
224	C	2770	830983	742813	0.003729	66112	73	825600	1825	800018	733451	0.002488	33283	1	797461	0	0	0	nan	0	0	0	0.001241	0.000092	0.001241	0.000092	0.061306	0.004545
225	G	9262	831401	740590	0.012506	66102	74	825986	8244	800370	732230	0.011259	33283	1	797792	0	0	0	nan	0	0	0	0.001247	0.000180	0.001247	0.000180	0.061602	0.008892
226	C	14202	831929	739119	0.019215	66098	76	826465	4432	800801	742044	0.005973	33282	1	798189	0	0	0	nan	0	0	0	0.013242	0.000185	0.013242	0.000185	0.654157	0.009139
227	A	33947	832435	723295	0.046934	66091	85	826928	1196	801227	739045	0.001618	33280	1	798598	0	0	0	nan	0	0	0	0.045316	0.000259	0.045316	0.000259	2.238616	0.012795
228	A	33933	833252	734371	0.046207	66095	86	827699	845	801789	736100	0.001148	33278	1	799135	0	0	0	nan	0	0	0	0.045059	0.000254	0.045059	0.000254	2.225920	0.012548
229	A	11795	834003	737994	0.015983	66099	86	828395	551	802305	737045	0.000748	33278	1	799632	0	0	0	nan	0	0	0	0.015235	0.000151	0.015235	0.000151	0.752611	0.007459
230	G	6114	834511	731211	0.008361	66103	90	828851	3225	802501	732612	0.004402	33279	1	799805	0	0	0	nan	0	0	0	0.003959	0.000132	0.003959	0.000132	0.195575	0.006521
231	C	17537	834778	749515	0.023398	66109	91	829084	2072	802595	740879	0.002797	33280	1	799879	0	0	0	nan	0	0	0	0.020601	0.000187	0.020601	0.000187	1.017692	0.009238
232	C	2613	835198	744844	0.003508	66135	118	829442	1145	802726	736633	0.001554	33289	1	799983	0	0	0	nan	0	0	0	0.001954	0.000083	0.001954	0.000083	0.096528	0.004100
233	G	7394	835601	744394	0.009933	66140	123	829746	5798	802859	738221	0.007854	33289	1	800077	0	0	0	nan	0	0	0	0.002079	0.000155	0.002079	0.000155	0.102703	0.007657
234	C	12467	836082	741971	0.016803	66141	131	830167	4555	803205	733967	0.006206	33288	1	800387	0	0	0	nan	0	0	0	0.010597	0.000176	0.010597	0.000176	0.523493	0.008694
235	U	4587	836868	742828	0.006175	66157	140	830884	2634	803708	739082	0.003564	33289	1	800851	0	0	0	nan	0	0	0	0.002611	0.000115	0.002611	0.000115	0.128984	0.005681
236	U	9071	837949	741324	0.012236	66158	140	831855	1983	804675	738849	0.002684	33289	1	801758	0	0	0	nan	0	0	0	0.009552	0.000142	0.009552	0.000142	0.471870	0.007015
237	G	46538	838745	758008	0.061395	66165	143	832543	6932	805282	750354	0.009238	33288	1	802299	0	0	0	nan	0	0	0	0.052157	0.000305	0.052157	0.000305	2.576563	0.015067
238	C	5572	839552	755241	0.007378	66172	145	833249	1857	805714	745695	0.002490	33288	1	802676	0	0	0	nan	0	0	0	0.004887	0.000114	0.004887	0.000114	0.241418	0.005632
239	A	21569	840635	770449	0.027995	66172	146	834206	1385	806731	752710	0.001840	33287	1	803615	0	0	0	nan	0	0	0	0.026155	0.000197	0.026155	0.000197	1.292060	0.009732
240	G	2973	841807	759096	0.003917	66206	179	835281	1816	807579	737012	0.002464	33285	1	804415	0	0	0	nan	0	0	0	0.001452	0.000092	0.001452	0.000092	0.071729	0.004545
241	U	2689	842302	760692	0.003535	66206	180	835730	1746	807804	738486	0.002364	33285	1	804611	0	0	0	nan	0	0	0	0.001171	0.000089	0.001171	0.000089	0.057848	0.004397
242	A	1049	842923	744434	0.001409	66206	183	836327	486	808345	721740	0.000673	33285	1	805141	0	0	0	nan	0	0	0	0.000736	0.000053	0.000736	0.000053	0.036358	0.002618
243	C	2299	843432	754251	0.003048	66205	184	836825	890	808660	732440	0.001215	33287	1	805443	0	0	0	nan	0	0	0	0.001833	0.000075	0.001833	0.000075	0.090550	0.003705
244	G	2804	844335	760246	0.003688	66211	218	837709	733	809409	737276	0.000994	33287	1	806183	0	0	0	nan	0	0	0	0.002694	0.000079	0.002694	0.000079	0.133084	0.003903
245	A	8563	845166	776209	0.011032	66205	221	838518	858	809916	757845	0.001132	33284	1	806674	0	0	0	nan	0	0	0	0.009900	0.000125	0.009900	0.000125	0.489061	0.006175
246	A	7228	845925	774199	0.009336	66210	224	839258	1172	810536	756418	0.001549	33284	1	807282	0	0	0	nan	0	0	0	0.007787	0.000119	0.007787	0.000119	0.384679	0.005879
247	G	14226	846499	762977	0.018645	66244	225	839797	6511	810808	752024	0.008658	33285	1	807535	0	0	0	nan	0	0	0	0.009987	0.000190	0.009987	0.000190	0.493359	0.009386
248	G	6644	847087	757265	0.008774	66247	226	840361	5098	811163	742344	0.006867	33285	1	807885	0	0	0	nan	0	0	0	0.001906	0.000144	0.001906	0.000144	0.094157	0.007114
249	U	5282	847555	766707	0.006889	66255	229	840809	2646	811425	750482	0.003526	33287	1	808136	0	0	0	nan	0	0	0	0.003363	0.000117	0.003363	0.000117	0.166133	0.005780
250	A	17408	848126	774694	0.022471	66274	232	841353	877	811769	753260	0.001164	33287	1	808463	0	0	0	nan	0	0	0	0.021307	0.000175	0.021307	0.000175	1.052569	0.008645
251	C	9860	848689	792024	0.012449	66288	236	841902	889	812154	766558	0.001160	33289	1	808834	0	0	0	nan	0	0	0	0.011289	0.000131	0.011289	0.000131	0.557678	0.006471
252	A	15590	849260	793129	0.019656	66292	238	842450	1060	812601	766673	0.001383	33289	1	809273	0	0	0	nan	0	0	0	0.018274	0.000163	0.018274	0.000163	0.902738	0.008052
253	G	3598	849679	794793	0.004527	66291	239	842849	1196	812808	768987	0.001555	33288	1	809471	0	0	0	nan	0	0	0	0.002972	0.000088	0.002972	0.000088	0.146817	0.004347
254	A	4485	850073	792438	0.005660	66295	241	843233	678	813041	769145	0.000881	33289	1	809697	0	0	0	nan	0	0	0	0.004778	0.000091	0.004778	0.000091	0.236034	0.004495
255	A	6853	850335	781815	0.008766	66303	242	843475	612	813267	763340	0.000802	33289	1	809914	0	0	0	nan	0	0	0	0.007964	0.000111	0.007964	0.000111	0.393423	0.005483
256	C	6391	850646	782428	0.008168	66353	243	843777	648	813532	761961	0.000850	33291	1	810175	0	0	0	nan	0	0	0	0.007318	0.000107	0.007318	0.000107	0.361510	0.005286
257	A	7734	850920	774821	0.009982	66356	243	844043	693	813780	754846	0.000918	33291	1	810416	0	0	0	nan	0	0	0	0.009064	0.000119	0.009064	0.000119	0.447763	0.005879
258	U	10027	851227	775771	0.012925	66358	243	844345	1887	813987	755979	0.002496	33292	1	810621	0	0	0	nan	0	0	0	0.010429	0.000141	0.010429	0.000141	0.515194	0.006965
259	G	9108	851671	779405	0.011686	66379	247	844781	2688	814283	761142	0.003532	33292	1	810917	0	0	0	nan	0	0	0	0.008154	0.000140	0.008154	0.000140	0.402809	0.006916
260	G	8873	851928	782936	0.011333	66382	247	845036	5999	814437	764780	0.007844	33292	1	811070	0	0	0	nan	0	0	0	0.003489	0.000157	0.003489	0.000157	0.172357	0.007756
261	C	3293	852166	779886	0.004222	66390	247	845276	1709	814587	765041	0.002234	33293	1	811220	0	0	0	nan	0	0	0	0.001989	0.000091	0.001989	0.000091	0.098257	0.004495
262	U	15122	852538	772110	0.019585	66392	247	845653	1925	814820	765105	0.002516	33293	1	811453	0	0	0	nan	0	0	0	0.017069	0.000169	0.017069	0.000169	0.843211	0.008349
263	U	10380	853088	753991	0.013767	66395	248	846204	1253	815242	771425	0.001624	33292	1	811875	0	0	0	nan	0	0	0	0.012142	0.000143	0.012142	0.000143	0.599816	0.007064
264	A	41504	853428	782636	0.053031	65450	248	846643	826	815503	764500	0.001080	32758	1	812189	0	0	0	nan	0	0	0	0.051951	0.000263	0.051951	0.000263	2.566386	0.012992
265	U	21015	854470	791551	0.026549	65455	249	847685	1083	815810	755875	0.001433	32758	1	812496	0	0	0	nan	0	0	0	0.025116	0.000188	0.025116	0.000188	1.240734	0.009287
266	A	20449	855407	793907	0.025757	65456	249	848622	794	816502	752676	0.001055	32758	1	813188	0	0	0	nan	0	0	0	0.024703	0.000184	0.024703	0.000184	1.220331	0.009090
267	G	2489	855874	796415	0.003125	65459	250	849089	1398	816848	757269	0.001846	32759	2	813534	0	0	0	nan	0	0	0	0.001279	0.000080	0.001279	0.000080	0.063183	0.003952
268	A	1503	856110	790811	0.001901	65459	251	849326	927	817061	759507	0.001221	32759	2	813747	0	0	0	nan	0	0	0	0.000680	0.000063	0.000680	0.000063	0.033592	0.003112
269	G	6407	856494	787177	0.008139	65459	252	849712	4680	817519	755397	0.006195	32759	2	814205	0	0	0	nan	0	0	0	0.001944	0.000136	0.001944	0.000136	0.096034	0.006718
270	C	1519	857133	797288	0.001905	65458	253	850351	999	818306	756036	0.001321	32761	2	814992	0	0	0	nan	0	0	0	0.000584	0.000064	0.000584	0.000064	0.028850	0.003162
271	A	1355	857810	796595	0.001701	65459	253	851029	769	819196	755655	0.001018	32761	2	815882	0	0	0	nan	0	0	0	0.000683	0.000059	0.000683	0.000059	0.033740	0.002915
272	U	4138	858346	799323	0.005177	65459	253	851565	2777	819868	757356	0.003667	32761	2	816553	0	0	0	nan	0	0	0	0.001510	0.000106	0.001510	0.000106	0.074594	0.005236
273	G	2098	858916	796454	0.002634	65455	253	852136	1576	820549	762305	0.002067	32761	2	817234	0	0	0	nan	0	0	0	0.000567	0.000078	0.000567	0.000078	0.028010	0.003853
274	A	2449	859355	788016	0.003108	65455	254	852575	1877	821111	757392	0.002478	32761	2	817797	0	0	0	nan	0	0	0	0.000630	0.000085	0.000630	0.000085	0.031122	0.004199
275	U	3260	859886	781070	0.004174	65451	254	853106	2376	821563	749165	0.003172	32761	2	818249	0	0	0	nan	0	0	0	0.001002	0.000098	0.001002	0.000098	0.049499	0.004841
276	U	1584	860427	779379	0.002032	65443	257	853647	1062	822188	744934	0.001426	32760	2	818874	0	0	0	nan	0	0	0	0.000607	0.000067	0.000607	0.000067	0.029986	0.003310
277	A	903	861116	786724	0.001148	65443	257	854337	564	822904	750797	0.000751	32760	2	819590	0	0	0	nan	0	0	0	0.000397	0.000050	0.000397	0.000050	0.019612	0.002470
278	A	1325	861486	793393	0.001670	65428	257	854708	716	823301	760636	0.000941	32759	2	819987	0	0	0	nan	0	0	0	0.000729	0.000058	0.000729	0.000058	0.036013	0.002865
279	C	4204	861832	793095	0.005301	65476	259	855055	1120	823674	763297	0.001467	32814	2	820360	0	0	0	nan	0	0	0	0.003833	0.000093	0.003833	0.000093	0.189351	0.004594
280	G	15987	862285	797191	0.020054	65470	260	855510	1539	824240	769099	0.002001	32814	5	820926	0	0	0	nan	0	0	0	0.018053	0.000167	0.018053	0.000167	0.891821	0.008250
281	U	10883	862713	782557	0.013907	65441	266	855994	6950	824634	763590	0.009102	32804	5	821367	0	0	0	nan	0	0	0	0.004805	0.000172	0.004805	0.000172	0.237368	0.008497
282	C	23344	863090	786890	0.029666	65429	267	856374	880	825097	761180	0.001156	32792	7	821831	0	0	0	nan	0	0	0	0.028510	0.000198	0.028510	0.000198	1.408398	0.009781
283	U	7513	863648	787355	0.009542	65397	270	856933	3766	825430	764355	0.004927	32785	18	822164	0	0	0	nan	0	0	0	0.004615	0.000136	0.004615	0.000136	0.227982	0.006718
284	C	26097	864273	799659	0.032635	65398	270	857559	1074	826125	771084	0.001393	32785	19	822859	0	0	0	nan	0	0	0	0.031242	0.000206	0.031242	0.000206	1.543359	0.010176
285	G	2558	864803	798275	0.003204	65388	272	858089	1234	826576	771718	0.001599	32781	19	823310	0	0	0	nan	0	0	0	0.001605	0.000078	0.001605	0.000078	0.079287	0.003853
286	A	8280	865441	800704	0.010341	65362	272	858728	4721	827460	771450	0.006120	32779	19	824194	0	0	0	nan	0	0	0	0.004221	0.000144	0.004221	0.000144	0.208518	0.007114
287	U	5532	866012	799111	0.006923	65334	272	859308	4911	828018	770337	0.006375	32736	19	824757	0	0	0	nan	0	0	0	0.000548	0.000130	0.000548	0.000130	0.027071	0.006422
288	C	1832	866589	806707	0.002271	65333	272	859885	1478	828585	776829	0.001903	32736	19	825324	0	0	0	nan	0	0	0	0.000368	0.000073	0.000368	0.000073	0.018179	0.003606
289	C	1838	867386	812743	0.002261	65327	272	860682	1136	829374	787288	0.001443	32736	19	826113	0	0	0	nan	0	0	0	0.000819	0.000068	0.000819	0.000068	0.040459	0.003359
290	G	6482	868305	821372	0.007892	65324	273	861602	4407	830274	797510	0.005526	32737	19	827013	0	0	0	nan	0	0	0	0.002366	0.000129	0.002366	0.000129	0.116881	0.006373
291	G	4176	869279	823679	0.005070	65309	273	862578	3199	831135	804153	0.003978	32738	20	827874	0	0	0	nan	0	0	0	0.001092	0.000105	0.001092	0.000105	0.053945	0.005187
292	U	3454	869681	815064	0.004238	65302	273	862981	1639	831487	797951	0.002054	32734	20	828226	0	0	0	nan	0	0	0	0.002184	0.000088	0.002184	0.000088	0.107890	0.004347
293	U	3517	869936	803293	0.004378	65259	273	863236	1728	831746	790181	0.002187	32729	20	828485	0	0	0	nan	0	0	0	0.002191	0.000091	0.002191	0.000091	0.108236	0.004495
294	C	30596	870093	786444	0.038904	65194	271	863398	1148	831914	782627	0.001467	32701	20	828657	0	0	0	nan	0	0	0	0.037437	0.000227	0.037437	0.000227	1.849393	0.011214
295	G	31246	866290	805484	0.038792	34435	257	863015	4634	830122	779117	0.005948	16144	20	828529	0	0	0	nan	0	0	0	0.032844	0.000236	0.032844	0.000236	1.622498	0.011658
296	C	2984	866009	810764	0.003680	27937	256	863439	1862	829912	781067	0.002384	12680	20	828670	0	0	0	nan	0	0	0	0.001297	0.000087	0.001297	0.000087	0.064072	0.004298
297	C	1818	865204	815481	0.002229	19133	255	863606	1210	829669	784609	0.001542	8084	20	828903	0	0	0	nan	0	0	0	0.000687	0.000069	0.000687	0.000069	0.033938	0.003409
298	G	4002	865075	820575	0.004877	14305	254	864000	3094	829867	789814	0.003917	5506	20	829349	0	0	0	nan	0	0	0	0.000960	0.000104	0.000960	0.000104	0.047424	0.005138
299	G	2864	865069	816439	0.003508	9654	253	864479	1934	830176	786052	0.002460	3015	20	829897	0	0	0	nan	0	0	0	0.001048	0.000086	0.001048	0.000086	0.051771	0.004248
300	A	1038	865216	808310	0.001284	7238	253	864903	845	830480	779152	0.001085	1699	20	830341	0	0	0	nan	0	0	0	0.000200	0.000055	0.000200	0.000055	0.009880	0.002717
301	U	9676	865549	799298	0.012106	6425	253	865317	8212	830821	771323	0.010647	1288	20	830724	0	0	0	nan	0	0	0	0.001459	0.000170	0.001459	0.000170	0.072075	0.008398
302	C	3361	865863	800077	0.004201	6362	253	865639	1436	831136	771981	0.001860	1248	20	831046	0	0	0	nan	0	0	0	0.002341	0.000088	0.002341	0.000088	0.115646	0.004347
303	C	6607	866099	804341	0.008214	5592	253	865954	4547	831489	779943	0.005830	961	20	831441	0	0	0	nan	0	0	0	0.002384	0.000133	0.002384	0.000133	0.117770	0.006570
304	A	17765	866071	791909	0.022433	5342	253	865949	1622	831481	778415	0.002084	876	20	831441	0	0	0	nan	0	0	0	0.020349	0.000176	0.020349	0.000176	1.005243	0.008694
305	A	9988	866017	797640	0.012522	5003	253	865934	430	831461	780356	0.000551	743	20	831436	0	0	0	nan	0	0	0	0.011971	0.000128	0.011971	0.000128	0.591369	0.006323
306	A	8162	865997	779602	0.010469	4831	253	865931	361	831455	757731	0.000476	681	20	831435	0	0	0	nan	0	0	0	0.009993	0.000119	0.009993	0.000119	0.493655	0.005879
307	U	7669	865955	792479	0.009677	4583	253	865920	701	831448	766486	0.000915	579	20	831434	0	0	0	nan	0	0	0	0.008763	0.000116	0.008763	0.000116	0.432893	0.005730
308	C	10108	865932	800702	0.012624	4435	253	865918	1970	831441	773197	0.002548	522	20	831432	0	0	0	nan	0	0	0	0.010076	0.000138	0.010076	0.000138	0.497756	0.006817
309	G	0	865927	827829	0.000000	4390	253	865917	0	831439	799849	0.000000	511	20	831432	0	0	0	nan	0	0	0	0.000000	0.000000	0.000000	0.000000	0.000000	0.000000
310	g	0	865925	0	nan	4377	253	865916	0	831438	0	nan	505	20	831432	0	0	0	nan	0	0	0	nan	nan	nan	nan	nan	nan
311	g	0	865921	0	nan	4331	252	865913	0	831438	0	nan	503	20	831432	0	0	0	nan	0	0	0	nan	nan	nan	nan	nan	nan
312	c	0	865912	0	nan	4307	252	865909	0	831434	0	nan	482	20	831431	0	0	0	nan	0	0	0	nan	nan	nan	nan	nan	nan
313	u	0	865910	0	nan	4292	252	865908	0	831431	0	nan	481	20	831431	0	0	0	nan	0	0	0	nan	nan	nan	nan	nan	nan
314	u	0	865907	0	nan	4249	252	865907	0	831431	0	nan	480	20	831431	0	0	0	nan	0	0	0	nan	nan	nan	nan	nan	nan
315	c	0	865907	0	nan	4249	252	865907	0	831431	0	nan	480	20	831431	0	0	0	nan	0	0	0	nan	nan	nan	nan	nan	nan
316	g	0	865894	0	nan	4249	252	865894	0	831431	0	nan	480	20	831431	0	0	0	nan	0	0	0	nan	nan	nan	nan	nan	nan
317	g	0	865846	0	nan	4249	252	865846	0	831427	0	nan	480	20	831427	0	0	0	nan	0	0	0	nan	nan	nan	nan	nan	nan
318	u	0	865841	0	nan	4249	252	865841	0	831422	0	nan	480	20	831422	0	0	0	nan	0	0	0	nan	nan	nan	nan	nan	nan
319	c	0	865791	0	nan	4249	252	865791	0	831415	0	nan	480	20	831415	0	0	0	nan	0	0	0	nan	nan	nan	nan	nan	nan
320	c	0	865688	0	nan	4249	252	865688	0	831406	0	nan	480	20	831406	0	0	0	nan	0	0	0	nan	nan	nan	nan	nan	nan
321	g	0	865660	0	nan	4249	251	865660	0	831382	0	nan	480	20	831382	0	0	0	nan	0	0	0	nan	nan	nan	nan	nan	nan
322	g	0	865507	0	nan	4249	251	865507	0	831360	0	nan	480	20	831360	0	0	0	nan	0	0	0	nan	nan	nan	nan	nan	nan
323	u	0	865401	0	nan	4248	251	865401	0	831254	0	nan	480	20	831254	0	0	0	nan	0	0	0	nan	nan	nan	nan	nan	nan
324	u	0	864765	0	nan	4247	251	864765	0	830908	0	nan	480	20	830908	0	0	0	nan	0	0	0	nan	nan	nan	nan	nan	nan
325	c	0	863561	0	nan	4241	251	863561	0	829838	0	nan	480	19	829838	0	0	0	nan	0	0	0	nan	nan	nan	nan	nan	nan