2 components; BIC=14006384.0
p 0.903 0.097
Nt	Seq	nReact	Raw		nReact	Raw		Background
1	G	nan	nan		nan	nan		0.0000
2	G	nan	nan		nan	nan		0.0000
3	C	nan	nan		nan	nan		0.0000
4	C	nan	nan		nan	nan		0.0000
5	U	nan	nan		nan	nan		0.0000
6	U	nan	nan		nan	nan		0.0000
7	C	nan	nan		nan	nan		0.0000
8	G	nan	nan		nan	nan		0.0000
9	G	nan	nan		nan	nan		0.0000
10	G	nan	nan		nan	nan		0.0000
11	C	nan	nan		nan	nan		0.0000
12	C	nan	nan		nan	nan		0.0000
13	A	nan	nan		nan	nan		0.0000
14	A	nan	nan		nan	nan		0.0000
15	G	-0.0027	0.0031		0.0745	0.0055		0.0032 i
16	U	0.0969	0.0168		0.3543	0.0248		0.0138
17	U	0.1623	0.0068		0.2287	0.0088		0.0017
18	A	0.0706	0.0030		0.0858	0.0035		0.0008
19	A	0.0447	0.0021		0.0754	0.0031		0.0007 i
20	U	0.0555	0.0050		0.1552	0.0081		0.0033 i
21	C	0.0961	0.0041		0.1205	0.0048		0.0011
22	A	0.0273	0.0021		0.0382	0.0025		0.0013 i
23	U	0.0496	0.0046		0.1014	0.0062		0.0030 i
24	G	0.0269	0.0056		0.0914	0.0076		0.0048 i
25	C	0.0308	0.0030		0.0570	0.0038		0.0020 i
26	U	0.0234	0.0028		0.0508	0.0036		0.0020 i
27	C	0.0769	0.0052		0.2978	0.0121		0.0028
28	G	0.2899	0.0166		1.2916	0.0477		0.0076
29	G	0.0751	0.0125		0.4326	0.0236		0.0102
30	G	0.0205	0.0043		0.1282	0.0076		0.0036 i
31	U	0.0480	0.0043		0.3036	0.0123		0.0028
32	A	0.0346	0.0018		0.2272	0.0078		0.0007 i
33	A	0.0375	0.0019		0.2548	0.0087		0.0008 i
34	U	0.0458	0.0064		0.2246	0.0119		0.0050 i
35	C	0.0361	0.0023		0.3828	0.0131		0.0012
36	G	0.0790	0.0110		0.6667	0.0293		0.0086
37	C	0.0132	0.0024		0.0980	0.0050		0.0020 i
38	U	0.0112	0.0030		0.1016	0.0058		0.0026 i
39	G	0.0150	0.0065		0.1128	0.0096		0.0061 i
40	C	0.0023	0.0035		0.0813	0.0060		0.0034 i
41	G	0.0117	0.0041		0.0218	0.0044		0.0037 i
42	G	-0.0244	0.0087		0.0677	0.0116		0.0095 i
43	C	0.0046	0.0023		0.0138	0.0025		0.0021 i
44	C	0.0500	0.0036		0.0812	0.0045		0.0020 i
45	G	0.6322	0.0314		1.2683	0.0512		0.0118
46	G	0.8108	0.0428		1.8410	0.0749		0.0176
47	U	0.5420	0.0199		1.0167	0.0347		0.0031
48	U	0.5200	0.0180		1.1161	0.0365		0.0018
49	U	0.4768	0.0177		0.8893	0.0305		0.0028
50	C	0.1439	0.0065		0.3885	0.0142		0.0021
51	G	0.0100	0.0039		0.0452	0.0050		0.0036 i
52	G	0.0217	0.0128		0.1804	0.0177		0.0121 i
53	C	0.0011	0.0046		0.0704	0.0068		0.0046 i
54	C	-0.0054	0.0027		0.0557	0.0046		0.0028 i
55	G	0.0058	0.0035		0.0459	0.0048		0.0033 i
56	U	0.0059	0.0020		0.0172	0.0024		0.0019 i
57	A	0.0202	0.0020		0.1124	0.0049		0.0014 i
58	G	0.0528	0.0031		0.3286	0.0117		0.0014
59	A	0.1609	0.0069		0.8651	0.0288		0.0019
60	G	0.1401	0.0082		0.7044	0.0257		0.0038
61	G	0.5719	0.0258		1.7846	0.0635		0.0080
62	A	0.1531	0.0071		0.8974	0.0302		0.0023
63	A	0.0708	0.0032		0.3730	0.0126		0.0010
64	A	0.0366	0.0020		0.1931	0.0069		0.0009 i
65	G	0.0513	0.0039		0.1498	0.0070		0.0023 i
66	U	nan	nan		nan	nan		0.0222
67	C	0.0293	0.0023		0.0947	0.0043		0.0014 i
68	C	0.0228	0.0019		0.0721	0.0034		0.0012 i
69	A	0.0611	0.0037		0.5152	0.0178		0.0018
70	U	0.1078	0.0065		0.9201	0.0318		0.0031
71	G	0.1033	0.0085		0.7755	0.0294		0.0052
72	C	0.0500	0.0068		0.0884	0.0080		0.0052 i
73	U	0.0189	0.0047		0.1209	0.0079		0.0041 i
74	C	0.0221	0.0025		0.1075	0.0052		0.0019 i
75	G	0.0464	0.0096		0.2743	0.0167		0.0082 i
76	C	0.0183	0.0019		0.1015	0.0045		0.0014 i
77	A	0.0237	0.0019		0.1623	0.0062		0.0011 i
78	C	0.0242	0.0023		0.1761	0.0070		0.0015 i
79	G	0.1382	0.0146		0.3830	0.0222		0.0103
80	G	0.0323	0.0062		0.1538	0.0100		0.0052 i
81	U	1.4232	0.0474		3.0199	0.0970		0.0031
82	G	0.0330	0.0071		0.1975	0.0122		0.0060 i
83	C	0.0048	0.0021		0.0592	0.0038		0.0019 i
84	U	-0.0011	0.0027		0.0779	0.0051		0.0027 i
85	G	0.0148	0.0030		0.1301	0.0066		0.0025 i
86	A	0.0525	0.0041		0.2229	0.0094		0.0025
87	G	0.0118	0.0019		0.0941	0.0045		0.0015 i
88	A	0.0262	0.0024		0.1982	0.0077		0.0016 i
89	U	0.8401	0.0282		2.1459	0.0688		0.0021
90	G	0.0291	0.0061		0.1769	0.0107		0.0052 i
91	C	0.0294	0.0092		0.0630	0.0102		0.0083 i
92	C	0.0097	0.0021		0.0321	0.0028		0.0018 i
93	C	0.0279	0.0042		0.1557	0.0081		0.0033 i
94	G	0.0384	0.0060		0.2165	0.0115		0.0048 i
95	U	0.0400	0.0061		0.2441	0.0124		0.0048 i
96	A	0.4771	0.0170		1.1970	0.0394		0.0021
97	G	0.1541	0.0082		0.3028	0.0129		0.0034
98	U	0.5316	0.0204		0.8397	0.0300		0.0039
99	G	0.2188	0.0099		0.2322	0.0103		0.0031
100	U	0.1196	0.0082		0.1384	0.0087		0.0044
101	U	0.0334	0.0027		0.0502	0.0032		0.0016 i
102	C	0.1153	0.0055		0.2587	0.0099		0.0019
103	G	0.9248	0.0310		1.7259	0.0559		0.0022
104	U	1.0738	0.0368		2.2510	0.0734		0.0034
105	G	0.5835	0.0218		1.2677	0.0430		0.0036
106	G	0.1353	0.0111		0.5136	0.0229		0.0069
107	A	0.3769	0.0129		0.9768	0.0316		0.0012
108	A	0.0263	0.0014		0.0781	0.0030		0.0006 i
109	A	0.0864	0.0036		0.1730	0.0063		0.0010
110	C	0.0191	0.0023		0.0817	0.0042		0.0017 i
111	A	0.0141	0.0015		0.0659	0.0031		0.0010 i
112	C	0.0134	0.0022		0.0786	0.0042		0.0018 i
113	G	0.0495	0.0043		0.1910	0.0087		0.0028 i
114	A	0.1323	0.0055		0.5166	0.0174		0.0014
115	G	0.0283	0.0068		0.1194	0.0096		0.0059 i
116	C	0.0221	0.0034		0.1138	0.0063		0.0027 i
117	G	0.0104	0.0028		0.0535	0.0041		0.0024 i
118	A	0.0331	0.0028		0.2331	0.0090		0.0018 i
119	G	nan	nan		nan	nan		0.0402
120	A	0.2577	0.0092		1.3226	0.0423		0.0012
121	A	0.2025	0.0068		0.8803	0.0279		0.0005
122	A	0.2271	0.0095		1.1409	0.0380		0.0025
123	C	0.0181	0.0038		0.0962	0.0062		0.0032 i
124	C	0.0086	0.0019		0.0329	0.0026		0.0016 i
125	C	0.2022	0.0105		0.3893	0.0163		0.0042
126	A	0.2351	0.0085		0.6125	0.0203		0.0012
127	A	0.4607	0.0150		0.9967	0.0317		0.0007
128	A	0.3219	0.0108		0.5017	0.0164		0.0008
129	U	0.9496	0.0313		2.0060	0.0642		0.0018
130	G	0.9252	0.0303		1.4204	0.0457		0.0015
131	A	0.8237	0.0268		1.4524	0.0464		0.0012
132	U	0.7512	0.0253		1.2627	0.0412		0.0019
133	G	0.8132	0.0305		0.9612	0.0351		0.0052
134	G	0.5445	0.0202		0.5645	0.0208		0.0033
135	U	0.6156	0.0203		0.7885	0.0257		0.0012
136	A	0.8076	0.0264		1.3774	0.0441		0.0012
137	G	0.1909	0.0137		1.0980	0.0419		0.0077
138	G	0.0565	0.0115		0.3476	0.0206		0.0097
139	G	0.0350	0.0057		0.1719	0.0100		0.0046 i
140	G	0.0786	0.0137		0.5526	0.0285		0.0113
141	C	0.0994	0.0055		0.5775	0.0203		0.0024
142	A	0.1042	0.0046		1.2509	0.0403		0.0014
143	C	0.0235	0.0032		0.0828	0.0051		0.0025 i
144	C	0.0256	0.0070		0.1562	0.0111		0.0062 i
145	U	0.0322	0.0061		0.1740	0.0106		0.0051 i
146	U	0.0619	0.0126		0.2751	0.0192		0.0107
147	C	0.0463	0.0064		0.0727	0.0072		0.0049 i
148	C	0.0538	0.0030		0.0649	0.0033		0.0013 i
149	C	0.0232	0.0021		0.0743	0.0037		0.0014 i
150	G	0.0071	0.0016		0.0680	0.0035		0.0014 i
151	A	0.0173	0.0018		0.1401	0.0056		0.0012 i
152	A	0.0366	0.0029		0.2386	0.0092		0.0017 i
153	G	0.0142	0.0046		0.1578	0.0091		0.0042 i
154	G	0.0089	0.0031		0.1425	0.0073		0.0029 i
155	A	0.0383	0.0028		0.3066	0.0112		0.0016 i
156	A	0.0392	0.0019		0.3199	0.0106		0.0007
157	A	0.0989	0.0038		0.4310	0.0141		0.0007
158	U	0.2014	0.0092		0.9011	0.0310		0.0030
159	G	0.0191	0.0022		0.2025	0.0079		0.0016 i
160	A	0.0142	0.0017		0.2196	0.0081		0.0012 i
161	A	0.0164	0.0013		0.1233	0.0046		0.0008 i
162	C	0.0003	0.0017		0.0727	0.0040		0.0017 i
163	G	0.0215	0.0038		0.1279	0.0072		0.0032 i
164	G	0.0697	0.0050		0.1781	0.0084		0.0028
165	A	0.0623	0.0084		0.5046	0.0221		0.0064
166	G	0.0138	0.0162		0.2989	0.0251		0.0158 i
167	G	0.0075	0.0165		0.3482	0.0270		0.0162 i
168	G	0.0048	0.0044		0.1055	0.0075		0.0042 i
169	A	0.0068	0.0019		0.0509	0.0033		0.0017 i
170	A	0.0085	0.0030		0.0991	0.0058		0.0028 i
171	G	0.0151	0.0050		0.1180	0.0082		0.0046 i
172	G	0.0133	0.0024		0.1138	0.0055		0.0020 i
173	A	0.0151	0.0020		0.1483	0.0061		0.0015 i
174	C	-0.0006	0.0010		0.0265	0.0019		0.0011 i
175	A	0.0096	0.0026		0.1109	0.0057		0.0023 i
176	G	0.0031	0.0048		0.2075	0.0111		0.0047 i
177	G	0.0096	0.0095		0.2745	0.0177		0.0092 i
178	C	0.0417	0.0039		0.1053	0.0059		0.0026 i
179	G	0.1158	0.0091		0.3277	0.0157		0.0055
180	G	0.0305	0.0139		0.1395	0.0173		0.0129 i
181	C	0.1560	0.0103		0.3043	0.0149		0.0054
182	G	0.2784	0.0164		0.7620	0.0314		0.0077
183	C	0.1707	0.0066		0.4420	0.0150		0.0013
184	A	0.6016	0.0198		1.3158	0.0420		0.0011
185	U	1.1450	0.0390		3.0360	0.0978		0.0034
186	G	0.0269	0.0082		0.1832	0.0131		0.0074 i
187	C	0.0167	0.0039		0.0508	0.0049		0.0033 i
188	A	0.1241	0.0049		0.3778	0.0128		0.0011
189	G	0.0218	0.0061		0.1515	0.0102		0.0054 i
190	C	0.0178	0.0042		0.0547	0.0053		0.0036 i
191	C	-0.0216	0.0028		0.0651	0.0055		0.0035 i
192	U	0.0075	0.0055		0.1229	0.0091		0.0053 i
193	G	0.0127	0.0029		0.2189	0.0093		0.0025 i
194	U	0.0015	0.0037		0.0811	0.0062		0.0037 i
195	A	0.1259	0.0056		0.6857	0.0231		0.0017
196	G	0.0844	0.0044		0.5422	0.0186		0.0018
197	A	0.1980	0.0075		1.0029	0.0325		0.0013
198	U	0.4980	0.0172		1.0269	0.0336		0.0017
199	A	0.8995	0.0291		1.5542	0.0495		0.0012
200	G	0.2929	0.0108		1.0438	0.0341		0.0017
201	A	0.1745	0.0066		1.0371	0.0334		0.0012
202	U	0.2991	0.0116		2.1187	0.0682		0.0023
203	G	0.0192	0.0025		0.1051	0.0052		0.0020 i
204	A	0.0521	0.0037		0.2696	0.0105		0.0021
205	U	0.0365	0.0040		0.2690	0.0112		0.0028 i
206	U	0.0449	0.0038		0.3992	0.0148		0.0024
207	A	0.0312	0.0020		0.2511	0.0088		0.0010 i
208	C	0.0203	0.0025		0.1747	0.0073		0.0018 i
209	C	0.0907	0.0041		1.0711	0.0346		0.0013
210	G	0.0872	0.0136		0.5886	0.0292		0.0109
211	C	0.0095	0.0028		0.0953	0.0055		0.0025 i
212	C	0.0212	0.0021		0.1029	0.0046		0.0014 i
213	G	0.0479	0.0081		0.3414	0.0172		0.0066
214	G	0.0688	0.0056		0.2318	0.0107		0.0035
215	A	0.0807	0.0047		0.3300	0.0124		0.0022
216	G	0.0310	0.0034		0.1169	0.0061		0.0024 i
217	U	0.0155	0.0037		0.1728	0.0086		0.0032 i
218	A	0.0201	0.0016		0.1161	0.0046		0.0010 i
219	C	0.0234	0.0020		0.1344	0.0055		0.0013 i
220	G	0.0666	0.0037		0.3940	0.0139		0.0016
221	A	0.0731	0.0046		0.3851	0.0143		0.0023
222	G	0.0373	0.0044		0.1481	0.0078		0.0032 i
223	G	-0.0370	0.0127		0.0957	0.0168		0.0139 i
224	C	0.0115	0.0028		0.0662	0.0045		0.0025 i
225	G	-0.0280	0.0104		0.1225	0.0151		0.0113 i
226	C	0.2087	0.0125		0.6796	0.0271		0.0060
227	A	1.1936	0.0388		2.6830	0.0851		0.0016
228	A	1.2877	0.0412		2.5788	0.0814		0.0012
229	A	0.4352	0.0143		0.7966	0.0255		0.0008
230	G	0.0898	0.0073		0.1950	0.0105		0.0045
231	C	0.5746	0.0207		1.0625	0.0359		0.0028
232	C	0.0397	0.0028		0.1010	0.0047		0.0016 i
233	G	-0.0077	0.0077		0.1186	0.0116		0.0079 i
234	C	0.1625	0.0112		0.5877	0.0245		0.0062
235	U	0.0233	0.0043		0.1455	0.0081		0.0036 i
236	U	0.1062	0.0060		0.5236	0.0190		0.0027
237	G	1.1629	0.0454		3.0236	0.1032		0.0092
238	C	0.0848	0.0052		0.2899	0.0115		0.0025
239	A	0.8118	0.0271		1.7722	0.0570		0.0019
240	G	0.0271	0.0033		0.0843	0.0051		0.0025 i
241	U	0.0331	0.0034		0.0917	0.0053		0.0024 i
242	A	0.0078	0.0009		0.0268	0.0015		0.0007 i
243	C	0.0221	0.0019		0.0821	0.0038		0.0012 i
244	G	0.0133	0.0014		0.0827	0.0036		0.0010 i
245	A	0.0627	0.0031		0.3629	0.0124		0.0011
246	A	0.1093	0.0050		0.3066	0.0111		0.0016
247	G	0.0894	0.0115		0.5491	0.0258		0.0087
248	G	-0.0012	0.0068		0.1672	0.0120		0.0068 i
249	U	0.0451	0.0049		0.1897	0.0094		0.0035 i
250	A	0.1248	0.0051		0.8535	0.0277		0.0012
251	C	0.0698	0.0033		0.5049	0.0169		0.0012
252	A	0.1086	0.0048		0.8007	0.0263		0.0014
253	G	0.0437	0.0029		0.2524	0.0094		0.0016 i
254	A	0.0639	0.0029		0.3767	0.0126		0.0009
255	A	0.4259	0.0141		0.8415	0.0270		0.0008
256	C	0.0630	0.0028		0.3698	0.0123		0.0008
257	A	0.0755	0.0033		0.4412	0.0146		0.0009
258	U	0.0735	0.0048		0.5245	0.0188		0.0025
259	G	0.0694	0.0057		0.4531	0.0177		0.0036
260	G	0.0240	0.0086		0.2227	0.0148		0.0079 i
261	C	0.0132	0.0026		0.1080	0.0056		0.0022 i
262	U	0.1085	0.0059		0.7144	0.0247		0.0025
263	U	0.0765	0.0040		0.5537	0.0189		0.0016
264	A	0.3524	0.0120		2.3379	0.0738		0.0011
265	U	0.1611	0.0064		1.1258	0.0364		0.0014
266	A	0.2273	0.0081		1.1005	0.0353		0.0011
267	G	0.0236	0.0026		0.0645	0.0039		0.0019 i
268	A	0.0095	0.0015		0.0382	0.0024		0.0012 i
269	G	0.0150	0.0066		0.1608	0.0112		0.0062 i
270	C	0.0094	0.0016		0.0295	0.0022		0.0013 i
271	A	0.0090	0.0013		0.0602	0.0029		0.0010 i
272	U	0.0044	0.0038		0.1601	0.0086		0.0037 i
273	G	0.0071	0.0023		0.0706	0.0043		0.0021 i
274	A	0.0047	0.0026		0.1151	0.0061		0.0025 i
275	U	0.0053	0.0034		0.1297	0.0072		0.0032 i
276	U	0.0064	0.0016		0.0673	0.0035		0.0014 i
277	A	0.0064	0.0010		0.0209	0.0014		0.0008 i
278	A	0.0124	0.0013		0.0459	0.0024		0.0010 i
279	C	0.0681	0.0036		0.1442	0.0060		0.0015
280	G	0.4466	0.0159		0.9822	0.0326		0.0020
281	U	0.0708	0.0115		0.5094	0.0252		0.0093
282	C	0.7183	0.0235		1.4138	0.0451		0.0011
283	U	0.0728	0.0072		0.3745	0.0166		0.0049
284	C	0.7145	0.0236		1.8866	0.0601		0.0014
285	G	0.0246	0.0024		0.1056	0.0049		0.0016 i
286	A	0.0010	0.0036		0.1549	0.0084		0.0036 i
287	U	-0.0265	0.0057		0.1121	0.0100		0.0065 i
288	C	0.0108	0.0023		0.0263	0.0027		0.0019 i
289	C	0.0135	0.0019		0.0449	0.0028		0.0014 i
290	G	0.0375	0.0068		0.1774	0.0111		0.0056 i
291	G	0.0211	0.0047		0.1214	0.0078		0.0040 i
292	U	0.0458	0.0035		0.1747	0.0075		0.0021 i
293	U	0.0405	0.0035		0.1626	0.0073		0.0022 i
294	C	0.8459	0.0277		2.5690	0.0813		0.0014
295	G	0.8547	0.0320		2.5973	0.0862		0.0054
296	C	0.0194	0.0028		0.0719	0.0044		0.0022 i
297	C	0.0068	0.0017		0.0525	0.0031		0.0015 i
298	G	0.0085	0.0042		0.0877	0.0066		0.0039 i
299	G	0.0135	0.0029		0.0786	0.0049		0.0025 i
300	A	0.0048	0.0012		0.0088	0.0013		0.0010 i
301	U	-0.0210	0.0101		0.2128	0.0174		0.0108 i
302	C	0.0574	0.0036		0.0876	0.0045		0.0018 i
303	C	0.0369	0.0069		0.1847	0.0115		0.0057 i
304	A	0.3826	0.0140		1.1558	0.0380		0.0021
305	A	0.2216	0.0074		0.7457	0.0237		0.0005
306	A	0.1828	0.0062		0.5540	0.0177		0.0005
307	U	0.1520	0.0056		0.5395	0.0176		0.0009
308	C	0.1614	0.0076		0.4822	0.0176		0.0026
309	G	nan	nan		nan	nan		0.0000
310	G	nan	nan		nan	nan		0.0000
311	G	nan	nan		nan	nan		0.0000
312	C	nan	nan		nan	nan		0.0000
313	U	nan	nan		nan	nan		0.0000
314	U	nan	nan		nan	nan		0.0000
315	C	nan	nan		nan	nan		0.0000
316	G	nan	nan		nan	nan		0.0000
317	G	nan	nan		nan	nan		0.0000
318	U	nan	nan		nan	nan		0.0000
319	C	nan	nan		nan	nan		0.0000
320	C	nan	nan		nan	nan		0.0000
321	G	nan	nan		nan	nan		0.0000
322	G	nan	nan		nan	nan		0.0000
323	U	nan	nan		nan	nan		0.0000
324	U	nan	nan		nan	nan		0.0000
325	C	nan	nan		nan	nan		0.0000
