325	Window=3	Metric=APC
i	j	Statistic	+/-	Zij	Zi	Zj	Mod_Depth	Mod_Comuts	Unt_Depth	Unt_Comuts
13	32	80.35	1	4.86	8.03	1.69	683233	286	744695	21
13	33	69.77	1	4.45	6.98	1.93	681850	311	742709	22
13	34	51.41	1	4.48	5.16	3.80	682340	347	742615	49
27	57	38.23	-1	3.72	4.24	3.21	687358	1707	747726	86
28	56	33.18	-1	3.85	4.39	3.31	687139	906	751481	92
28	57	60.12	-1	6.49	7.95	5.03	687336	1598	749419	90
29	56	26.63	-1	1.66	0.66	2.66	691135	539	761608	75
29	57	58.72	-1	3.19	1.47	4.91	691023	965	759707	71
29	58	25.10	-1	1.21	0.63	1.80	687794	2495	753761	116
29	67	43.78	-1	1.53	1.10	1.97	696542	753	766996	83
29	68	308.58	-1	4.92	7.75	2.10	698952	2092	767383	116
29	69	297.96	-1	4.64	7.48	1.80	698652	2617	766947	194
29	70	248.02	-1	4.08	6.23	1.93	697944	2401	766995	240
29	74	43.73	1	0.96	1.09	0.84	692976	1576	763755	181
29	75	38.76	1	0.77	0.97	0.57	687906	1703	761435	172
29	76	31.73	1	0.58	0.79	0.36	686124	1380	761665	59
29	83	24.80	1	0.41	0.62	0.20	685020	2059	758455	123
29	96	82.34	1	1.86	2.06	1.66	685724	3634	760049	160
29	97	83.18	1	1.83	2.08	1.57	687493	3309	761357	165
29	98	52.57	1	1.39	1.32	1.46	687344	2840	761326	170
29	101	58.89	-1	1.31	1.47	1.14	681360	1604	758924	77
29	102	188.80	-1	2.83	4.74	0.91	682044	4073	759912	105
29	103	246.06	-1	3.60	6.18	1.02	682451	5077	757476	128
29	104	116.42	-1	1.83	2.92	0.73	682725	4762	758285	196
29	155	32.76	1	0.60	0.82	0.38	653802	2599	737282	45
29	203	25.72	1	0.64	0.64	0.64	640358	2717	726027	93
29	204	46.64	1	0.95	1.17	0.73	640579	3591	722111	95
29	205	39.32	1	0.84	0.98	0.69	642123	3161	722854	78
29	206	39.94	1	1.16	1.00	1.31	643841	2059	723996	63
30	57	39.24	-1	2.08	0.87	3.29	694146	665	768287	31
30	58	29.96	-1	1.40	0.66	2.14	690432	1694	761927	49
30	67	51.31	-1	1.73	1.14	2.32	699492	488	775771	42
30	68	356.11	-1	5.17	7.91	2.43	701587	1284	775973	57
30	69	339.91	-1	4.81	7.55	2.07	701201	1642	775383	89
30	70	264.28	-1	3.97	5.87	2.06	700333	1536	775299	95
30	73	26.10	1	0.61	0.58	0.65	698144	1281	773944	95
30	82	24.12	1	0.51	0.53	0.48	688861	1155	769168	77
30	96	101.16	1	2.15	2.24	2.06	688363	2725	768402	90
30	97	122.43	1	2.54	2.72	2.36	690234	2522	769881	88
30	98	78.89	1	1.99	1.75	2.24	690104	2151	769777	78
30	101	79.82	-1	1.68	1.77	1.59	684007	1043	767195	29
30	102	245.81	-1	3.34	5.46	1.22	684801	2630	768366	43
30	103	281.95	-1	3.72	6.27	1.18	685250	3320	765857	58
30	104	129.09	-1	1.84	2.87	0.82	685469	3184	766645	83
30	117	28.78	1	0.58	0.64	0.53	680453	3593	762234	284
30	155	27.25	1	0.45	0.60	0.31	656377	1940	745359	17
30	156	29.98	1	0.46	0.66	0.27	663108	3188	747267	23
30	157	24.30	1	0.42	0.54	0.30	660843	2753	743575	30
31	57	31.01	-1	1.65	0.70	2.61	694008	627	771679	21
31	58	27.31	-1	1.28	0.61	1.95	690181	1582	765352	28
31	68	337.29	-1	4.96	7.62	2.30	701257	1194	779744	41
31	69	368.13	-1	5.28	8.32	2.24	700803	1492	778999	53
31	70	299.71	-1	4.56	6.77	2.35	699953	1390	778964	54
31	96	102.85	1	2.21	2.32	2.10	687652	2579	771986	62
31	97	119.12	1	2.49	2.69	2.29	689465	2381	773393	67
31	98	60.02	1	1.52	1.35	1.68	689378	2001	773352	55
31	101	80.85	-1	1.71	1.82	1.61	683277	968	770715	18
31	102	198.04	-1	2.72	4.47	0.96	684077	2492	771935	27
31	103	252.93	-1	3.38	5.71	1.05	684519	3116	769371	42
31	104	125.32	-1	1.81	2.83	0.80	684771	2973	770156	51
31	155	29.19	1	0.49	0.65	0.33	655522	1836	748739	9
31	205	25.69	1	0.51	0.58	0.45	643012	2202	733187	22
31	206	33.69	1	0.93	0.76	1.11	644704	1438	734296	17
32	48	25.38	1	1.64	0.53	2.74	705728	7517	782610	36
32	68	351.64	-1	4.91	7.41	2.40	705290	1740	779273	31
32	69	376.20	-1	5.11	7.93	2.29	704870	2167	778564	57
32	70	327.20	-1	4.73	6.90	2.57	703910	1988	778374	89
32	73	51.40	1	1.20	1.08	1.31	701603	1660	777013	91
32	74	39.71	1	0.79	0.83	0.75	698882	1461	775091	69
32	75	36.68	1	0.65	0.77	0.54	693890	1586	772688	80
32	76	36.66	1	0.60	0.77	0.43	692036	1311	772878	40
32	77	38.57	1	0.81	0.81	0.81	695438	1755	775034	94
32	83	37.78	1	0.56	0.79	0.33	690657	1964	769339	49
32	87	60.03	1	1.39	1.26	1.51	691922	2735	768183	31
32	88	41.10	1	1.00	0.86	1.14	696611	2880	772564	52
32	96	49.29	1	0.99	1.03	0.96	691278	3303	771028	65
32	97	70.40	1	1.40	1.48	1.32	693117	3049	772549	72
32	98	40.74	1	0.98	0.85	1.11	693037	2612	772506	75
32	101	86.00	-1	1.76	1.81	1.72	687015	1362	769855	38
32	102	212.31	-1	2.76	4.47	1.04	687751	3496	771033	50
32	103	261.71	-1	3.30	5.52	1.09	688223	4380	768504	66
32	104	112.39	-1	1.53	2.37	0.70	688452	4167	769293	95
32	155	23.93	1	0.38	0.50	0.26	658951	2430	747666	19
32	157	32.09	1	0.54	0.67	0.41	663406	3476	745775	35
32	203	83.59	1	1.94	1.76	2.12	644925	2637	735649	44
32	204	88.90	1	1.64	1.87	1.40	644848	3425	731240	42
32	205	88.63	1	1.72	1.86	1.58	646462	3039	732088	37
32	206	41.62	1	1.12	0.87	1.37	648136	1924	733167	30
33	48	40.03	1	2.71	1.10	4.31	705752	8822	779925	42
33	64	25.54	1	2.03	0.70	3.37	702100	2209	776245	158
33	65	28.70	1	2.09	0.79	3.38	701241	2366	775810	163
33	66	25.51	1	2.01	0.70	3.32	701837	2138	778091	154
33	68	235.91	-1	4.06	6.54	1.59	703828	2290	776535	32
33	69	260.38	-1	4.39	7.21	1.57	703315	2812	775817	65
33	70	237.20	-1	4.21	6.57	1.84	702342	2556	775640	100
33	73	48.19	1	1.28	1.33	1.23	700330	1895	774652	101
33	74	35.26	1	0.82	0.97	0.67	697595	1663	772607	75
33	75	36.93	1	0.78	1.02	0.55	692674	1809	770348	76
33	76	24.44	1	0.47	0.67	0.26	690605	1464	770258	27
33	83	54.68	1	1.00	1.51	0.49	689571	2242	767163	56
33	84	25.46	1	0.44	0.70	0.19	690733	2664	770711	54
33	87	45.06	1	1.18	1.24	1.13	690739	3098	766070	28
33	88	36.37	1	1.00	1.00	1.00	695438	3294	770403	59
33	96	54.86	1	1.29	1.51	1.07	690141	3797	768821	67
33	97	67.16	1	1.55	1.86	1.25	692001	3480	770379	72
33	98	38.19	1	1.04	1.05	1.03	691901	2988	770300	80
33	101	47.38	-1	1.10	1.31	0.90	685899	1727	767615	45
33	102	156.69	-1	2.54	4.34	0.74	686692	4375	768800	60
33	103	210.20	-1	3.34	5.82	0.86	687206	5444	766379	78
33	104	102.99	-1	1.74	2.85	0.64	687353	5081	767036	107
33	155	35.37	1	0.69	0.97	0.41	658014	2776	745773	19
33	156	40.08	1	0.74	1.10	0.37	664763	4582	747630	27
33	157	37.11	1	0.75	1.02	0.48	662564	3979	743941	37
33	203	69.84	1	1.85	1.93	1.77	644499	2994	734190	43
33	204	77.53	1	1.68	2.14	1.22	644417	3897	729806	43
33	205	65.99	1	1.50	1.82	1.17	646082	3433	730698	41
33	206	33.01	1	1.00	0.91	1.08	647728	2185	731755	35
34	48	38.74	1	3.52	2.86	4.18	708468	10768	780073	104
34	68	29.99	-1	1.18	2.21	0.16	704705	3491	776646	77
34	69	28.14	-1	1.10	2.08	0.12	704248	4241	776087	141
34	70	34.33	-1	1.38	2.54	0.22	703267	3829	775865	208
34	74	26.44	1	1.22	1.95	0.49	698435	1924	772747	163
34	75	28.03	1	1.23	2.07	0.40	693534	2083	770487	152
34	82	35.37	1	1.67	2.61	0.73	691845	1923	769994	159
34	83	47.84	1	1.98	3.54	0.42	690365	2535	767406	110
34	84	35.48	1	1.45	2.62	0.27	691319	3051	770766	110
34	96	33.31	1	1.54	2.46	0.61	690784	4404	768799	132
34	97	39.21	1	1.80	2.90	0.69	692655	4011	770308	144
34	98	36.15	1	1.82	2.67	0.97	692487	3516	770258	163
34	103	37.30	-1	1.41	2.76	0.07	687688	7691	766331	156
34	104	28.98	-1	1.12	2.14	0.11	687860	6937	766972	206
34	156	30.78	1	1.27	2.27	0.28	665100	5282	747463	59
34	157	42.64	1	1.86	3.15	0.56	662864	4643	743823	77
34	204	26.14	1	1.17	1.93	0.40	644724	4408	729775	105
34	205	38.67	1	1.77	2.86	0.68	646352	3931	730545	84
35	47	23.92	1	3.17	3.07	3.26	702545	6996	781002	92
35	48	27.82	1	3.29	3.57	3.01	708981	6320	779634	82
35	59	28.66	1	3.39	3.68	3.10	703123	4191	771949	155
35	60	39.31	1	4.24	5.05	3.44	701286	5035	771057	159
36	68	34.27	1	1.98	3.77	0.19	705894	2307	774622	74
36	69	35.74	1	2.05	3.93	0.17	705482	2728	774188	131
36	257	34.77	1	2.16	3.82	0.49	634141	1805	711958	75
37	56	57.77	1	7.31	8.87	5.75	701620	324	767437	39
38	47	27.92	-1	3.97	4.14	3.80	705433	2534	779356	85
38	56	46.15	1	5.72	6.85	4.60	705569	306	770329	47
39	48	76.88	-1	8.79	9.31	8.27	710590	1700	776732	91
39	49	32.95	-1	4.42	3.99	4.85	715079	1144	779533	114
39	56	42.61	1	4.70	5.16	4.24	705011	259	769305	57
40	56	61.93	1	6.33	6.50	6.16	705770	271	771592	77
46	56	41.22	1	4.61	5.11	4.11	682549	1888	776435	94
46	57	36.62	1	3.81	4.54	3.07	680633	3207	774127	108
50	61	38.63	1	4.27	6.97	1.57	707360	2687	777762	190
51	62	56.89	1	3.93	4.12	3.75	712605	1101	782901	73
52	61	153.07	1	8.04	9.84	6.24	709268	2395	777672	229
52	62	135.09	1	8.80	8.68	8.92	712445	1200	782186	73
52	63	62.25	1	6.49	4.01	8.97	713401	523	782539	75
53	62	115.65	1	10.19	12.74	7.64	713510	702	782449	51
53	63	57.09	1	7.26	6.29	8.23	714537	311	782837	49
57	68	59.30	1	2.66	4.96	0.36	714990	2235	776099	20
57	69	36.57	1	1.62	3.07	0.17	714119	2576	775183	46
57	70	32.88	1	1.48	2.76	0.21	713878	2292	775531	76
57	104	40.31	1	1.78	3.38	0.19	701417	3863	769416	68
58	80	106.12	1	5.12	7.52	2.71	700050	7054	762697	108
58	81	100.71	1	5.09	7.14	3.03	700502	6858	763752	80
58	104	31.96	1	1.21	2.28	0.13	699883	8015	763371	99
59	102	29.11	1	1.60	3.15	0.06	709393	12565	774725	78
59	103	52.80	1	2.92	5.69	0.14	710035	15677	772315	101
59	104	54.10	1	3.06	5.83	0.29	710478	13816	773508	196
60	142	27.49	1	2.86	2.40	3.32	689410	6994	751984	138
61	79	204.44	-1	6.61	8.34	4.89	712438	9642	775665	197
61	80	182.64	-1	6.07	7.45	4.70	707854	9274	772117	164
61	81	198.05	-1	7.04	8.08	6.01	708265	8981	773171	131
61	140	28.96	1	2.15	1.18	3.12	686324	7364	752038	151
61	141	27.90	1	2.36	1.13	3.59	679541	5746	747424	60
61	142	33.82	1	2.73	1.37	4.08	685801	5725	751279	106
62	79	61.64	-1	2.75	4.06	1.45	715409	4461	779628	66
62	80	73.81	-1	3.37	4.87	1.87	710931	4227	776323	52
62	81	77.86	-1	3.74	5.14	2.34	711195	4109	777109	51
67	79	28.60	1	0.96	1.27	0.65	722365	2577	781683	83
67	80	26.97	1	0.93	1.19	0.66	718281	2464	778917	66
67	83	27.31	-1	0.72	1.21	0.22	718459	403	777974	41
67	84	41.92	-1	1.11	1.88	0.33	719631	498	781480	41
67	85	33.12	-1	0.94	1.48	0.40	714816	409	775863	27
67	101	55.19	1	1.78	2.49	1.07	714940	1153	778681	25
67	102	135.30	1	3.40	6.18	0.63	716325	3042	780462	33
67	103	143.16	1	3.55	6.54	0.55	716874	3737	777835	50
67	104	92.51	1	2.39	4.21	0.56	717014	3186	778671	67
67	254	45.41	1	2.58	2.04	3.12	668457	499	733512	9
67	255	61.43	1	2.45	2.78	2.12	664928	738	729283	7
67	256	150.61	1	4.60	6.88	2.31	665211	1399	728434	17
67	257	129.61	1	3.88	5.92	1.83	661310	1470	726243	25
67	258	110.50	1	3.61	5.04	2.18	660646	1358	729309	46
67	259	26.91	1	1.41	1.19	1.64	661339	796	732431	36
68	77	74.64	-1	1.05	0.47	1.64	726430	1278	783908	117
68	79	111.39	1	1.68	0.72	2.64	725410	8574	782075	131
68	80	91.67	1	1.46	0.59	2.34	721232	8171	779272	100
68	81	60.26	1	1.08	0.37	1.80	721396	7831	780036	72
68	82	147.76	-1	2.11	0.98	3.23	722557	892	780925	73
68	83	388.93	-1	3.21	2.66	3.76	721392	899	778317	50
68	84	396.95	-1	3.11	2.72	3.49	722629	1197	781935	58
68	85	248.37	-1	2.46	1.68	3.23	717781	1044	776355	43
68	86	94.76	-1	1.37	0.61	2.13	720016	830	779509	56
68	96	244.31	-1	3.38	1.65	5.12	723191	2585	780863	94
68	97	270.30	-1	3.58	1.83	5.32	724828	2227	782003	72
68	98	154.39	-1	2.75	1.02	4.48	724453	2095	781833	72
68	101	291.06	1	4.01	1.98	6.05	717792	4028	778999	31
68	102	1077.50	1	6.56	7.47	5.65	719328	11040	780868	41
68	103	1231.67	1	7.02	8.55	5.49	719854	13545	778205	60
68	104	819.71	1	5.70	5.67	5.74	720059	11428	779071	86
68	105	92.31	1	1.70	0.59	2.81	724100	4865	780453	69
68	113	32.83	1	1.88	0.18	3.59	715217	1623	773269	59
68	116	47.20	-1	0.54	0.28	0.80	716069	997	777082	50
68	117	33.79	-1	0.40	0.18	0.62	715316	4404	774749	287
68	133	50.29	-1	2.42	0.30	4.54	693005	3520	763798	49
68	134	28.16	-1	1.82	0.14	3.50	686903	3537	761611	33
68	154	33.18	-1	0.30	0.18	0.43	691682	1476	758033	24
68	158	60.11	-1	0.59	0.37	0.81	696196	2436	757480	36
68	159	84.57	-1	1.50	0.54	2.47	693416	702	754135	13
68	203	75.62	-1	1.20	0.47	1.92	675412	1982	745659	28
68	204	123.05	-1	1.38	0.81	1.95	675183	2519	740991	26
68	205	79.53	-1	0.96	0.50	1.42	676853	2249	741849	28
68	206	54.89	-1	1.07	0.33	1.81	678895	1527	743067	25
68	254	85.71	1	3.22	0.54	5.89	671236	1581	733188	14
68	255	175.59	1	3.62	1.17	6.07	667643	2436	728963	14
68	256	460.77	1	5.12	3.16	7.07	667977	4632	728109	24
68	257	529.97	1	5.58	3.65	7.51	664031	5037	725943	36
68	258	417.45	1	5.55	2.86	8.24	663338	4587	728988	75
68	259	124.90	1	4.21	0.82	7.61	664032	2707	732063	65
69	79	132.80	1	1.97	0.77	3.16	725557	10174	781498	241
69	80	110.14	1	1.72	0.63	2.82	721573	9699	778900	172
69	81	75.50	1	1.34	0.42	2.26	721514	9306	779435	126
69	82	140.89	-1	1.95	0.82	3.08	722726	1127	780338	116
69	83	351.20	-1	2.77	2.14	3.39	721559	1186	777757	74
69	84	383.93	-1	2.86	2.34	3.38	722670	1541	781287	86
69	85	235.35	-1	2.24	1.41	3.06	717667	1335	775388	71
69	86	119.10	-1	1.69	0.69	2.69	719793	1017	778611	81
69	96	268.56	-1	3.63	1.62	5.63	723029	3172	779920	137
69	97	302.16	-1	3.90	1.83	5.96	724746	2735	781120	107
69	98	182.06	-1	3.19	1.08	5.30	724347	2550	781026	116
69	101	305.63	1	4.10	1.85	6.35	717875	4706	778351	54
69	102	1219.41	1	6.98	7.55	6.41	719316	12956	780056	74
69	103	1454.92	1	7.76	9.02	6.50	719893	15946	777419	101
69	104	1016.23	1	6.71	6.29	7.14	719975	13532	778302	150
69	105	134.39	1	2.45	0.78	4.12	723965	5802	779622	118
69	112	44.10	1	1.97	0.22	3.72	722186	1614	777903	57
69	113	44.79	1	2.56	0.22	4.90	715141	1933	772498	95
69	116	87.74	-1	0.98	0.49	1.47	715861	1206	776153	77
69	133	38.85	-1	1.85	0.19	3.51	692747	4293	762821	80
69	134	24.40	-1	1.56	0.10	3.03	686698	4282	760697	50
69	154	34.86	-1	0.31	0.16	0.45	691315	1831	757052	46
69	158	77.39	-1	0.74	0.43	1.05	695933	2981	756577	72
69	159	101.91	-1	1.78	0.58	2.98	693130	865	753165	35
69	203	82.21	-1	1.27	0.46	2.09	675074	2437	744759	58
69	204	147.01	-1	1.59	0.86	2.33	674943	3087	740150	54
69	205	96.35	-1	1.13	0.55	1.72	676584	2755	740976	43
69	206	58.65	-1	1.12	0.31	1.93	678535	1875	742175	43
69	254	88.51	1	3.29	0.50	6.08	670866	1851	732302	21
69	255	177.56	1	3.60	1.05	6.14	667294	2841	728070	26
69	256	451.92	1	4.85	2.76	6.93	667585	5372	727229	34
69	257	545.13	1	5.54	3.35	7.73	663640	5866	725046	57
69	258	423.26	1	5.47	2.59	8.36	663014	5342	728063	119
69	259	144.77	1	4.83	0.85	8.82	663724	3205	731147	121
70	80	61.77	1	1.00	0.44	1.56	721877	8546	779581	228
70	81	38.43	1	0.69	0.25	1.13	722020	8204	780270	164
70	82	115.89	-1	1.70	0.87	2.52	723043	1044	780952	163
70	83	270.90	-1	2.36	2.11	2.61	721854	1129	778328	96
70	84	281.85	-1	2.34	2.20	2.47	723055	1468	782043	113
70	85	160.14	-1	1.65	1.23	2.07	717970	1270	776087	93
70	86	70.91	-1	1.05	0.51	1.59	720292	966	779408	86
70	96	242.06	-1	3.48	1.88	5.07	723505	2879	780789	137
70	97	249.49	-1	3.43	1.94	4.91	724991	2510	781775	139
70	98	150.46	-1	2.76	1.15	4.36	724684	2334	781790	172
70	101	238.43	1	3.39	1.85	4.93	718074	4139	778904	61
70	102	962.80	1	6.35	7.66	5.04	719651	11377	780775	99
70	103	1144.56	1	7.10	9.12	5.09	720140	14004	778164	143
70	104	799.28	1	5.97	6.35	5.59	720350	11901	779167	208
70	105	126.74	1	2.42	0.96	3.88	724351	5175	780571	158
70	112	44.62	1	2.03	0.30	3.76	722734	1442	778907	77
70	113	39.80	1	2.31	0.26	4.35	715678	1721	773468	138
70	116	76.74	-1	0.92	0.56	1.29	716390	1114	777104	99
70	133	31.83	-1	1.54	0.20	2.88	693293	3869	763840	122
70	142	30.93	1	1.96	0.19	3.74	696828	4203	756461	135
70	154	42.02	-1	0.42	0.28	0.55	692017	1676	758106	68
70	155	24.58	-1	0.21	0.14	0.27	689877	1908	757704	40
70	158	55.08	-1	0.56	0.38	0.73	696543	2752	757592	84
70	159	67.08	-1	1.21	0.48	1.94	693761	819	754101	46
70	203	44.51	-1	0.71	0.30	1.12	675822	2268	745844	79
70	204	102.12	-1	1.19	0.76	1.61	675655	2861	741159	78
70	205	68.63	-1	0.86	0.49	1.22	677273	2547	742046	58
70	206	32.97	-1	0.64	0.21	1.08	679301	1740	743265	57
70	254	58.89	1	2.23	0.42	4.04	671593	1614	733335	30
70	255	120.77	1	2.54	0.91	4.18	668053	2474	729057	29
70	256	288.27	1	3.34	2.25	4.42	668345	4643	728228	40
70	257	382.73	1	4.22	3.01	5.42	664410	5104	726035	74
70	258	284.92	1	3.93	2.23	5.62	663808	4642	729108	157
70	259	102.04	1	3.49	0.76	6.21	664480	2813	732202	159
72	102	63.04	-1	3.62	7.00	0.24	712368	1537	777244	79
72	103	77.23	-1	4.42	8.59	0.25	713014	1918	774746	115
73	96	80.92	1	1.86	2.09	1.63	722863	2136	780298	145
73	101	71.55	-1	1.63	1.84	1.41	717517	868	778410	87
73	102	356.00	-1	5.56	9.32	1.81	718995	2069	780259	108
73	103	409.06	-1	6.24	10.72	1.76	719548	2621	777684	141
73	104	245.16	-1	4.03	6.41	1.65	719591	2495	778425	201
73	116	41.21	1	0.87	1.04	0.69	715714	990	776583	111
74	96	133.48	1	2.69	2.63	2.75	721095	1979	779338	120
74	98	65.36	1	1.55	1.27	1.84	722213	1505	780241	143
74	101	104.30	-1	2.08	2.05	2.10	715522	676	777138	69
74	102	474.34	-1	5.95	9.46	2.44	717108	1579	779109	85
74	103	528.67	-1	6.43	10.55	2.30	717696	2026	776518	112
74	104	335.28	-1	4.48	6.68	2.29	717806	1957	777360	150
74	112	37.03	-1	1.91	0.70	3.12	720267	257	777134	68
74	116	49.91	1	0.90	0.96	0.84	714224	902	775804	90
75	84	63.75	1	0.75	0.98	0.53	715022	1474	777510	115
75	85	66.07	1	0.93	1.02	0.83	710236	1178	772012	84
75	97	136.25	1	2.40	2.16	2.64	716292	1944	776963	153
75	98	99.88	1	2.21	1.57	2.86	716088	1671	776836	129
75	101	131.65	-1	2.38	2.08	2.68	709722	684	774276	67
75	102	567.91	-1	6.05	9.16	2.94	711084	1590	775990	90
75	103	654.21	-1	6.71	10.56	2.87	711656	2031	773512	117
75	104	412.88	-1	4.74	6.64	2.84	711773	1986	774330	148
75	105	42.35	-1	0.94	0.63	1.25	715543	1223	775555	116
75	156	41.31	1	0.50	0.62	0.39	688901	2416	755365	44
75	157	38.75	1	0.54	0.57	0.50	686773	2089	751726	42
75	158	40.78	1	0.57	0.61	0.53	688182	1926	753149	43
75	257	25.70	-1	0.36	0.36	0.36	656807	970	722452	51
76	85	144.35	1	1.88	1.89	1.86	709796	1064	772858	30
76	92	87.43	1	3.09	1.12	5.06	718540	571	779693	45
76	93	199.27	1	4.81	2.64	6.98	718754	1183	778452	68
76	97	196.69	1	3.23	2.60	3.85	716149	1656	778244	61
76	98	159.67	1	3.37	2.10	4.64	716015	1431	778123	43
76	101	193.12	-1	3.27	2.56	3.98	709446	410	775288	19
76	102	632.50	-1	5.91	8.54	3.28	711024	969	777198	33
76	103	716.33	-1	6.41	9.68	3.15	711508	1257	774535	43
76	104	414.68	-1	4.21	5.57	2.86	711817	1312	775579	53
76	105	49.27	-1	1.03	0.60	1.46	715615	857	776910	39
76	154	77.79	1	1.02	0.99	1.06	684340	1158	755277	23
76	155	95.09	1	1.21	1.22	1.19	682221	1302	754843	14
76	156	182.25	1	2.14	2.41	1.88	689560	2172	756841	20
76	157	145.26	1	1.97	1.90	2.03	687492	1861	753232	18
76	158	144.74	1	1.96	1.90	2.01	688945	1721	754723	16
76	159	77.29	1	1.61	0.98	2.25	686295	646	751346	4
76	160	39.48	1	0.92	0.46	1.37	685624	439	749875	10
77	93	244.80	1	7.06	5.53	8.58	723477	1649	781709	214
77	97	163.75	1	3.43	3.68	3.19	721028	2178	781634	179
77	98	114.98	1	2.93	2.56	3.31	720673	1865	781364	159
77	101	89.06	-1	1.87	1.97	1.78	713830	841	778519	63
77	102	287.82	-1	3.98	6.52	1.44	715558	2105	780473	93
77	103	318.04	-1	4.28	7.21	1.35	716092	2671	777848	116
77	104	174.02	-1	2.53	3.91	1.14	716332	2562	778827	179
77	154	97.16	1	1.74	2.15	1.34	688432	1542	758447	57
77	155	94.10	1	1.63	2.08	1.18	686291	1710	758060	41
77	156	151.89	1	2.48	3.40	1.56	693742	2846	760063	61
77	157	107.45	1	1.94	2.39	1.49	691624	2432	756474	74
77	158	119.56	1	2.16	2.66	1.66	693051	2255	757871	74
77	159	61.15	1	1.55	1.33	1.77	690304	825	754371	39
78	102	45.35	-1	1.07	1.99	0.15	715526	2584	781946	134
78	103	64.48	-1	1.53	2.85	0.20	716044	3209	779339	164
78	104	43.23	-1	1.05	1.89	0.21	716427	2937	780518	240
78	154	62.08	1	1.79	2.74	0.84	688876	1430	760281	78
78	155	64.75	1	1.83	2.87	0.80	686698	1597	759820	53
78	156	72.18	1	1.96	3.20	0.71	694127	2617	761867	74
78	157	47.89	1	1.37	2.10	0.63	692001	2245	758248	91
78	158	46.80	1	1.33	2.05	0.62	693475	2056	759720	91
79	101	78.14	1	1.70	1.84	1.55	714094	5419	777815	108
79	102	316.98	1	4.60	7.60	1.60	716168	14590	780108	169
79	103	369.49	1	5.22	8.86	1.58	716802	18014	777565	206
79	104	258.12	1	3.96	6.18	1.74	717101	15616	778816	285
79	105	28.29	1	0.73	0.64	0.81	721230	7130	780247	211
79	207	41.01	1	1.96	0.95	2.97	679316	5032	743751	55
80	101	74.36	1	1.68	1.89	1.47	710495	5185	775291	84
80	102	305.68	1	4.71	7.89	1.54	712386	13971	777279	135
80	103	352.57	1	5.30	9.10	1.50	713076	17253	774819	172
80	104	241.81	1	3.93	6.23	1.63	713090	14955	775686	224
80	105	29.93	1	0.80	0.74	0.86	717197	6857	777230	166
81	101	49.85	1	1.22	1.48	0.95	711236	4966	776552	50
81	102	236.15	1	4.17	7.17	1.17	713237	13411	778673	89
81	103	289.93	1	5.02	8.81	1.22	713897	16610	776222	122
81	104	218.14	1	4.04	6.62	1.46	713904	14466	777040	165
81	105	38.03	1	1.12	1.12	1.11	717969	6698	778541	120
81	141	24.45	1	1.93	0.71	3.15	684850	5940	751176	62
82	92	113.03	1	4.51	2.46	6.55	721365	677	781164	109
82	93	147.39	1	4.19	3.22	5.16	721545	1292	779935	156
82	94	99.47	1	3.15	2.16	4.14	717195	1443	778262	146
82	95	49.28	1	1.61	1.04	2.18	715960	1423	776889	122
82	101	125.99	-1	2.65	2.75	2.56	712217	605	776924	52
82	102	371.11	-1	5.04	8.20	1.89	713760	1514	778712	67
82	103	391.43	-1	5.16	8.65	1.68	714389	1957	776167	95
82	104	175.20	-1	2.50	3.84	1.15	714333	1962	776809	138
82	153	97.92	1	2.85	2.12	3.57	688556	896	756595	69
82	154	123.16	1	2.20	2.69	1.71	686686	1337	756631	41
82	155	97.06	1	1.66	2.11	1.22	684569	1449	756333	25
82	156	137.41	1	2.20	3.00	1.40	691993	2381	758392	50
82	157	105.91	1	1.89	2.30	1.47	689991	2042	754950	62
82	158	106.06	1	1.88	2.31	1.46	691335	1889	756427	72
83	92	113.82	1	3.84	1.07	6.60	720759	853	778992	65
83	93	118.05	1	2.62	1.11	4.13	721476	1598	778174	97
83	94	79.32	1	2.01	0.73	3.29	717241	1807	776593	92
83	95	31.61	1	0.82	0.27	1.38	716194	1802	775273	85
83	101	239.23	-1	3.62	2.30	4.95	711905	671	774807	36
83	102	880.23	-1	6.59	8.57	4.60	713724	1546	776912	50
83	103	925.63	-1	6.56	9.02	4.10	714444	2044	774371	70
83	104	464.17	-1	3.85	4.50	3.21	714433	2151	775230	97
83	117	87.77	1	1.21	0.82	1.61	710031	3397	771583	330
83	118	69.38	1	1.52	0.64	2.41	710512	3806	773506	318
83	152	37.07	1	0.93	0.32	1.54	691232	856	756030	52
83	153	123.81	1	2.85	1.17	4.52	689170	1182	755616	56
83	154	284.84	1	3.38	2.74	4.01	687240	1903	755551	33
83	155	281.83	1	3.17	2.72	3.62	685041	2094	755135	17
83	156	370.45	1	3.73	3.58	3.87	692427	3376	757130	30
83	157	259.67	1	3.09	2.50	3.68	690478	2862	753729	33
83	158	229.74	1	2.72	2.21	3.23	691828	2623	755217	37
83	159	70.82	1	1.35	0.65	2.06	689055	936	751876	16
83	160	38.48	1	0.84	0.33	1.34	688329	644	750333	21
83	165	32.14	-1	0.34	0.27	0.41	695196	826	759995	242
83	166	33.34	-1	0.48	0.28	0.69	695653	738	761217	240
84	93	60.75	1	1.31	0.50	2.12	723205	1831	782085	104
84	94	26.33	1	0.63	0.19	1.07	718856	2076	780412	95
84	101	175.10	-1	2.56	1.52	3.60	713333	936	778630	47
84	102	894.78	-1	6.30	7.93	4.68	715320	2066	780954	63
84	103	971.12	-1	6.46	8.61	4.31	715920	2684	778260	81
84	104	537.64	-1	4.24	4.75	3.73	716136	2730	779377	117
84	117	116.36	1	1.56	1.00	2.13	711853	4161	775537	374
84	151	30.15	1	1.02	0.23	1.81	690871	868	757867	49
84	152	55.09	1	1.38	0.45	2.31	692601	1055	759608	60
84	153	118.41	1	2.67	1.01	4.33	690565	1402	759195	62
84	154	332.54	1	3.80	2.92	4.69	688698	2294	759170	36
84	155	353.73	1	3.83	3.11	4.55	686491	2547	758716	16
84	156	545.42	1	5.27	4.82	5.73	693838	4183	760782	38
84	157	388.70	1	4.48	3.42	5.53	691678	3549	757171	42
84	158	352.41	1	4.04	3.10	4.98	693084	3256	758743	47
84	159	105.47	1	1.99	0.90	3.09	690297	1152	755297	22
84	160	47.05	1	1.01	0.38	1.65	689539	779	753686	25
85	101	88.76	-1	1.45	1.13	1.77	708782	817	773103	38
85	102	576.71	-1	5.27	7.55	2.98	710795	1797	775525	49
85	103	621.87	-1	5.44	8.15	2.72	711466	2321	772990	63
85	104	365.95	-1	3.64	4.78	2.51	711727	2294	774107	91
85	151	31.08	1	1.12	0.37	1.86	686972	699	753052	48
85	152	38.86	1	1.05	0.47	1.62	688621	828	754700	57
85	153	58.23	1	1.42	0.73	2.10	686577	1066	754387	57
85	154	256.62	1	3.47	3.34	3.61	684804	1806	754411	32
85	155	290.94	1	3.77	3.79	3.74	682615	2021	753958	15
85	156	407.70	1	4.80	5.33	4.27	689857	3286	755894	26
85	157	270.38	1	3.68	3.52	3.83	687647	2771	752361	28
85	158	252.06	1	3.41	3.28	3.55	689056	2546	753846	32
85	159	104.13	1	2.19	1.33	3.05	686379	926	750519	20
85	160	49.08	1	1.16	0.61	1.72	685629	623	748910	24
86	97	34.32	1	0.67	0.75	0.60	719585	1508	780801	53
86	98	35.04	1	0.85	0.77	0.94	719249	1319	780729	52
86	102	307.49	-1	4.27	7.00	1.55	713981	1383	779627	41
86	103	354.26	-1	4.79	8.07	1.51	714661	1752	777044	51
86	104	269.24	-1	3.97	6.12	1.82	715069	1652	778199	73
86	150	30.46	1	1.18	0.66	1.70	691959	391	758452	14
86	153	30.20	1	0.86	0.65	1.07	689942	732	758482	45
86	154	131.45	1	2.40	2.97	1.82	688176	1220	758540	28
86	155	162.85	1	2.88	3.69	2.07	685971	1381	758011	13
86	156	216.47	1	3.58	4.91	2.24	693386	2242	760101	21
86	157	167.73	1	3.08	3.80	2.36	691157	1921	756553	22
86	158	157.52	1	2.88	3.57	2.20	692585	1766	758090	26
86	159	81.98	1	2.11	1.84	2.39	689800	657	754721	21
86	160	27.59	1	0.77	0.59	0.94	688912	428	753014	25
87	102	64.20	-1	0.93	1.62	0.25	717028	4263	777620	36
87	103	79.50	-1	1.14	2.01	0.27	717683	5321	775080	48
87	104	37.57	-1	0.55	0.93	0.17	718102	4897	776184	68
87	137	45.29	1	2.08	1.13	3.04	695859	3574	761935	111
87	153	108.89	1	3.37	2.77	3.97	692470	1616	756517	37
87	154	253.43	1	5.02	6.49	3.56	690756	2532	756578	25
87	155	307.52	1	5.92	7.88	3.95	688534	2862	756081	20
87	156	296.89	1	5.35	7.60	3.09	696000	4538	758114	22
87	157	207.77	1	4.12	5.31	2.93	693771	3879	754537	18
87	158	178.40	1	3.53	4.56	2.50	695242	3528	756074	21
87	159	91.53	1	2.50	2.32	2.67	692551	1282	752970	18
87	160	78.43	1	2.38	1.98	2.77	691662	909	751300	26
87	165	27.54	-1	0.51	0.68	0.35	698579	1502	761071	158
87	166	66.89	-1	1.53	1.69	1.38	699043	1244	762258	141
87	167	60.16	-1	2.32	1.51	3.13	698726	812	761858	87
88	97	68.87	1	1.61	1.93	1.29	727350	3377	783077	101
88	98	78.83	1	2.23	2.21	2.24	727052	2991	783001	111
88	153	93.48	1	3.02	2.63	3.41	696253	1701	759647	76
88	154	233.59	1	4.95	6.63	3.28	694449	2672	759774	50
88	155	267.61	1	5.52	7.60	3.43	692228	3000	759211	31
88	156	265.88	1	5.16	7.55	2.77	699808	4799	761374	39
88	157	177.85	1	3.77	5.04	2.50	697552	4095	757795	41
88	158	149.24	1	3.15	4.22	2.08	699039	3719	759330	44
88	159	62.53	1	1.78	1.75	1.81	696245	1321	755991	32
88	160	44.36	1	1.39	1.23	1.55	695416	918	754352	36
88	166	58.11	-1	1.41	1.62	1.20	702669	1381	765289	254
88	167	38.78	-1	1.55	1.07	2.02	702333	931	764740	153
89	153	86.19	1	3.15	3.16	3.14	695254	1688	759801	117
89	154	167.44	1	4.25	6.17	2.34	693388	2572	759858	63
89	155	199.11	1	4.94	7.34	2.54	691202	2898	759296	36
89	156	195.94	1	4.63	7.23	2.02	698717	4672	761444	61
89	157	129.98	1	3.30	4.78	1.81	696494	4001	757917	68
89	158	101.45	1	2.56	3.73	1.40	698035	3615	759497	72
89	159	39.51	1	1.28	1.43	1.12	695285	1270	756161	47
89	160	35.28	1	1.25	1.27	1.22	694400	896	754476	51
89	166	49.97	-1	1.42	1.82	1.03	701643	1438	765488	471
89	167	27.25	-1	1.20	0.98	1.42	701360	983	764997	285
91	101	87.84	1	6.17	10.58	1.75	716492	829	779466	76
92	158	34.15	1	1.20	1.97	0.43	698627	1246	761708	46
93	102	82.39	-1	1.61	2.88	0.35	724060	3258	784244	110
93	104	77.10	-1	1.57	2.69	0.45	724851	3687	782747	195
94	103	152.78	-1	3.48	6.37	0.60	721628	5012	780250	133
94	104	35.99	-1	0.82	1.48	0.16	721630	4725	781171	187
95	104	231.34	-1	6.00	10.44	1.55	721485	4573	780587	168
96	105	205.04	-1	5.31	4.28	6.33	727842	2628	784532	131
96	108	28.38	1	1.48	0.51	2.44	729531	724	784887	28
96	116	230.39	1	4.34	4.82	3.87	720425	2225	781485	78
96	154	59.17	1	0.98	1.17	0.80	695586	2758	763231	42
96	155	95.33	1	1.57	1.94	1.19	693305	3132	762639	28
96	156	132.52	1	2.04	2.73	1.35	700939	5191	764814	52
96	157	108.11	1	1.85	2.21	1.50	698629	4496	761231	60
96	158	102.48	1	1.75	2.09	1.41	700135	4121	762907	57
96	159	66.24	1	1.62	1.32	1.92	697210	1507	759370	29
96	204	43.90	1	0.76	0.84	0.69	679646	4181	746932	64
96	205	39.59	1	0.72	0.75	0.70	681225	3684	747661	52
96	206	39.40	1	1.02	0.74	1.30	683304	2396	749054	44
97	108	72.39	1	3.83	1.36	6.31	730869	728	785725	28
97	116	343.38	1	6.27	6.79	5.76	721509	2156	782060	84
97	154	54.97	1	0.87	1.01	0.74	696223	2515	763377	53
97	155	97.29	1	1.54	1.86	1.22	693920	2869	762877	33
97	156	118.56	1	1.74	2.28	1.21	701533	4719	765026	43
97	157	89.05	1	1.46	1.69	1.23	699230	4070	761440	51
97	158	80.93	1	1.32	1.53	1.10	700729	3724	762961	52
97	159	59.50	1	1.41	1.10	1.72	697788	1369	759366	31
97	206	31.55	1	0.79	0.54	1.03	683416	2168	748793	48
97	257	31.20	-1	0.49	0.53	0.44	669255	2120	732073	57
98	108	93.37	1	5.41	2.67	8.15	730626	675	785788	24
98	116	258.64	1	5.96	7.57	4.34	721155	1843	782181	88
98	154	57.75	1	1.20	1.61	0.78	695773	2198	763490	57
98	155	102.18	1	2.11	2.93	1.28	693504	2517	762944	35
98	156	116.48	1	2.27	3.36	1.18	701133	4126	765115	44
98	157	79.15	1	1.67	2.25	1.08	698829	3544	761547	49
98	158	63.26	1	1.31	1.78	0.85	700343	3226	763141	52
98	159	38.04	1	1.05	1.03	1.08	697407	1168	759574	36
98	204	26.99	1	0.56	0.70	0.42	679304	3291	746804	78
99	108	75.25	1	6.90	7.24	6.56	729183	298	786381	18
99	109	59.92	1	6.09	5.75	6.42	727735	218	785098	25
99	110	70.78	1	6.55	6.81	6.29	727329	260	785684	33
99	116	46.49	1	2.62	4.45	0.78	719141	625	782337	71
100	109	45.65	1	5.68	6.48	4.88	724965	193	783089	22
100	110	66.86	1	7.73	9.52	5.94	724556	242	783679	29
101	116	71.26	-1	1.30	1.40	1.20	714751	688	779531	37
101	153	30.71	-1	0.82	0.55	1.09	691500	773	760914	57
101	154	144.55	-1	2.48	2.95	2.01	689648	953	760984	35
101	155	123.82	-1	2.04	2.51	1.56	687447	1110	760460	23
101	156	154.88	-1	2.38	3.17	1.59	695032	2037	762625	24
101	157	92.49	-1	1.56	1.85	1.28	693065	1870	759232	24
101	158	109.04	-1	1.85	2.20	1.50	694320	1650	760644	28
101	159	39.14	-1	0.92	0.73	1.11	691454	528	757172	17
101	160	30.01	-1	0.78	0.53	1.03	690582	354	755316	17
101	203	29.38	-1	0.63	0.52	0.74	674388	1427	749660	44
101	204	70.33	-1	1.25	1.39	1.11	674357	1794	744978	44
101	205	52.19	-1	0.96	1.00	0.93	675866	1594	745686	32
101	206	45.26	-1	1.17	0.86	1.49	677912	1052	747114	24
101	259	25.90	1	1.01	0.45	1.58	663986	1616	736901	62
102	115	108.50	-1	4.29	0.49	8.10	715881	1412	778183	80
102	116	485.23	-1	5.32	2.50	8.14	718151	1508	782854	43
102	153	168.69	-1	3.49	0.81	6.18	695173	1870	764489	66
102	154	476.21	-1	4.59	2.45	6.73	693384	2346	764585	33
102	155	496.77	-1	4.49	2.56	6.42	691113	2669	764015	21
102	156	585.27	-1	4.59	3.03	6.15	698745	5018	766219	27
102	157	452.23	-1	4.38	2.32	6.45	696677	4538	762746	33
102	158	492.86	-1	4.76	2.54	6.99	698029	3997	764252	40
102	159	216.97	-1	3.74	1.06	6.41	695062	1229	760620	27
102	160	187.26	-1	3.80	0.91	6.69	693929	803	758598	23
102	203	96.63	-1	1.44	0.42	2.46	678022	3602	753256	55
102	204	253.78	-1	2.64	1.26	4.03	677838	4486	748322	50
102	205	213.84	-1	2.44	1.05	3.83	679358	3963	749035	38
102	206	147.00	-1	2.78	0.69	4.87	681496	2663	750515	31
102	259	36.58	1	1.16	0.10	2.23	667943	4214	740562	81
103	115	99.71	-1	3.90	0.36	7.45	717080	1812	775944	101
103	116	581.13	-1	6.14	2.54	9.74	719347	1904	780531	55
103	153	216.96	-1	4.43	0.89	7.96	696743	2327	762534	84
103	154	621.26	-1	5.76	2.72	8.79	694949	2912	762616	41
103	155	667.07	-1	5.78	2.93	8.63	692684	3302	762054	23
103	156	762.72	-1	5.70	3.36	8.03	700289	6244	764197	30
103	157	578.96	-1	5.40	2.53	8.27	698381	5655	760851	40
103	158	619.58	-1	5.76	2.71	8.80	699664	4995	762306	49
103	159	302.24	-1	5.11	1.27	8.95	696658	1514	758667	34
103	160	244.92	-1	4.89	1.01	8.77	695492	1000	756628	29
103	203	177.67	-1	2.62	0.71	4.53	680064	4425	751735	55
103	204	359.28	-1	3.62	1.53	5.71	679876	5557	746882	57
103	205	299.25	-1	3.32	1.26	5.37	681441	4915	747629	45
103	206	164.09	-1	3.04	0.65	5.44	683577	3350	749105	44
103	254	30.00	1	1.05	0.04	2.06	677123	3033	740275	19
103	255	52.78	1	0.98	0.14	1.82	673459	4591	735880	22
103	256	61.70	1	0.56	0.18	0.94	673792	8423	734978	41
103	257	63.05	1	0.54	0.19	0.89	669855	9091	732936	65
103	258	48.21	1	0.54	0.12	0.95	669274	8335	736171	124
103	259	39.35	1	1.24	0.08	2.39	670032	5208	739340	115
104	113	60.18	1	3.45	0.33	6.58	718074	2899	777362	144
104	115	32.83	-1	1.30	0.14	2.45	717575	1726	777225	159
104	116	300.80	-1	3.55	2.05	5.05	720164	1927	782060	84
104	153	122.20	-1	2.62	0.77	4.47	697520	2207	764416	121
104	154	388.06	-1	4.07	2.67	5.48	695734	2829	764454	62
104	155	440.67	-1	4.36	3.04	5.69	693399	3174	763753	25
104	156	475.48	-1	4.14	3.29	4.99	700942	5926	765849	53
104	157	362.91	-1	3.82	2.49	5.16	698796	5331	762382	63
104	158	382.16	-1	4.02	2.62	5.41	700313	4743	763982	74
104	159	222.65	-1	4.04	1.49	6.58	697316	1439	760419	48
104	160	161.74	-1	3.41	1.06	5.77	696149	972	758321	43
104	203	114.72	-1	1.82	0.72	2.92	680189	4109	753209	87
104	204	210.94	-1	2.38	1.41	3.35	679947	5220	748282	89
104	205	158.47	-1	1.94	1.03	2.84	681536	4639	749043	86
104	206	69.77	-1	1.35	0.40	2.30	683701	3165	750528	61
104	253	34.91	1	2.89	0.15	5.63	677993	2354	740195	38
104	254	35.10	1	1.28	0.15	2.41	677250	2630	741678	27
104	255	47.68	1	0.95	0.24	1.65	673530	3947	737278	26
104	256	45.94	1	0.47	0.23	0.70	673854	7214	736332	49
104	257	62.21	1	0.61	0.35	0.88	669957	7821	734302	76
104	258	54.84	1	0.69	0.29	1.08	669415	7214	737600	194
105	114	39.93	1	2.92	1.17	4.67	724594	1298	782602	110
105	120	42.02	1	2.64	1.24	4.04	720667	3369	783656	54
105	126	30.58	1	0.79	0.88	0.70	694758	4492	777758	29
105	127	257.06	1	6.45	7.96	4.94	695380	8868	772248	35
105	128	203.81	1	5.85	6.29	5.40	695338	7821	773975	46
105	129	189.81	1	5.81	5.86	5.77	688235	8236	778152	48
105	154	47.54	-1	1.02	1.41	0.63	700187	1673	766308	58
105	155	55.66	-1	1.17	1.66	0.68	697874	1873	765678	24
105	156	65.35	-1	1.30	1.97	0.64	705443	3339	767814	47
105	157	51.08	-1	1.10	1.52	0.68	703136	2965	764221	50
105	158	38.67	-1	0.81	1.13	0.50	704607	2698	765811	56
105	159	36.64	-1	1.05	1.07	1.04	701662	846	762233	33
105	203	29.61	-1	0.80	0.85	0.74	684249	2185	754712	65
105	204	24.90	-1	0.54	0.70	0.38	683961	2863	749730	71
105	254	24.91	1	1.21	0.70	1.71	681275	1243	743016	24
105	255	26.33	1	0.83	0.75	0.91	677537	1832	738612	22
106	115	71.57	1	3.49	1.63	5.35	723279	775	778888	94
106	120	73.70	1	4.38	1.68	7.08	722316	1952	783810	42
106	121	94.53	1	5.52	2.16	8.89	719310	1429	782112	61
106	122	82.98	1	4.83	1.89	7.77	716436	1197	780735	70
106	126	90.34	1	2.06	2.06	2.06	695768	2628	777497	21
106	127	453.92	1	9.58	10.43	8.73	696447	5315	772030	25
106	128	366.75	1	9.07	8.43	9.71	696394	4672	773644	32
106	129	316.68	1	8.44	7.27	9.62	689281	4836	777731	34
107	120	68.43	1	4.03	1.49	6.58	720038	1077	781729	14
107	121	93.60	1	5.42	2.04	8.80	717021	811	780067	19
107	122	80.85	1	4.67	1.76	7.58	714073	679	778693	22
107	123	40.42	1	0.55	0.87	0.23	707550	565	777834	26
107	125	61.27	1	3.68	1.33	6.03	707131	1459	779151	17
107	126	112.18	1	2.50	2.45	2.56	693642	1486	775473	9
107	127	490.76	1	10.11	10.78	9.44	694356	3060	770046	11
107	128	393.28	1	9.52	8.64	10.41	694158	2681	771573	10
107	129	325.80	1	8.52	7.15	9.89	687042	2725	775555	9
108	161	28.75	1	1.75	2.47	1.02	703287	192	762775	16
109	119	38.59	1	3.35	4.11	2.59	720879	814	782638	145
109	121	36.78	1	3.69	3.92	3.46	718540	339	781894	15
109	122	32.48	1	3.25	3.45	3.04	716195	285	781048	20
109	123	39.04	1	2.19	4.16	0.23	709396	270	779885	38
109	138	32.81	1	3.21	3.49	2.93	706371	403	769476	66
109	139	32.15	1	3.71	3.42	4.01	706433	337	767676	40
110	123	59.49	1	2.81	5.28	0.34	709270	338	780656	48
110	124	26.23	1	2.38	2.30	2.46	710735	375	781333	38
110	138	31.79	1	2.82	2.80	2.84	706523	474	770434	108
110	139	26.70	1	2.83	2.34	3.33	706600	388	768606	64
110	149	28.57	1	2.20	2.51	1.89	710202	132	767893	17
110	160	30.45	1	1.86	2.68	1.05	700476	180	759938	16
110	161	34.94	1	2.16	3.08	1.25	702290	178	762556	33
110	162	36.94	1	2.51	3.26	1.77	705930	244	765432	40
111	130	24.84	-1	2.43	3.17	1.70	695688	1005	775627	30
111	257	25.38	1	1.80	3.24	0.36	673698	736	734252	44
112	124	66.57	1	5.93	5.63	6.24	709127	735	779515	43
112	125	31.81	1	2.90	2.68	3.13	707355	1340	780138	38
112	127	46.91	1	2.43	3.96	0.91	694242	2339	770854	28
112	128	40.46	1	2.24	3.41	1.08	694792	2072	773061	33
112	129	27.51	1	1.58	2.31	0.84	687550	2149	777218	34
112	130	54.11	-1	4.13	4.57	3.68	693801	1344	774523	29
112	131	43.45	-1	3.49	3.66	3.32	698766	1230	776119	41
112	257	28.34	1	1.39	2.38	0.40	672854	1034	733857	43
113	124	35.09	1	3.56	3.83	3.29	702673	843	774434	74
113	127	40.19	1	2.58	4.39	0.78	688124	2881	765983	35
113	128	43.81	1	2.98	4.79	1.16	688674	2584	768014	41
113	129	39.09	1	2.73	4.27	1.19	681442	2722	771954	41
113	130	25.37	-1	2.25	2.77	1.73	687782	1832	769498	47
114	124	42.21	1	4.45	4.94	3.95	704946	796	777891	77
114	125	41.64	1	4.48	4.87	4.10	703130	1576	778472	69
114	127	69.04	1	4.70	8.07	1.33	690417	2754	769593	38
114	128	26.27	1	1.89	3.07	0.70	690864	2328	771678	46
116	128	24.64	-1	0.54	0.42	0.66	690990	2576	773150	33
116	130	38.68	1	1.64	0.65	2.64	690115	2982	774516	33
116	131	44.65	1	2.08	0.75	3.41	695160	2748	776320	56
116	132	26.26	1	0.30	0.44	0.15	695898	2527	778712	71
117	126	672.79	1	13.82	12.31	15.33	690546	7892	774845	125
117	127	346.25	1	6.50	6.34	6.66	691076	12726	769726	169
117	155	33.87	1	0.51	0.62	0.39	693330	4236	762952	141
117	156	38.62	1	0.53	0.71	0.36	700929	7059	765050	213
118	127	159.40	1	4.30	5.54	3.07	692551	14374	772433	162
118	155	39.21	1	0.91	1.37	0.46	694904	4830	765811	137
118	156	70.65	1	1.58	2.46	0.70	702446	8159	767968	195
118	157	40.54	1	0.97	1.41	0.53	700231	7042	764421	239
118	158	29.92	1	0.71	1.04	0.37	701712	6405	766216	254
119	129	74.69	1	3.65	5.02	2.27	681633	12381	777696	189
120	129	39.33	1	2.49	3.78	1.20	682837	6822	778182	14
120	130	28.70	1	2.36	2.76	1.96	688889	5691	775630	18
120	136	51.29	-1	4.56	4.93	4.20	698895	3372	772355	59
120	137	35.73	-1	2.92	3.43	2.40	699993	3023	772391	84
122	141	31.20	-1	3.47	2.92	4.01	687123	1394	757571	51
123	132	2852.70	1	16.48	16.45	16.50	684859	4831	776989	137
123	134	34.70	-1	2.25	0.20	4.30	679056	1339	766629	53
123	135	24.32	-1	1.18	0.14	2.23	683365	2053	766117	93
125	136	43.04	1	3.88	4.24	3.52	689922	5914	771594	113
126	135	138.48	1	7.90	3.16	12.64	673220	7279	765050	26
126	136	64.29	1	3.36	1.47	5.26	677746	5770	768245	50
128	137	88.62	-1	4.14	2.35	5.93	680869	6849	764886	109
130	164	35.22	-1	1.88	2.40	1.37	679211	2964	762345	81
131	164	35.25	-1	2.03	2.69	1.37	684988	2667	764689	148
133	206	25.80	1	1.59	2.33	0.84	672716	2354	746719	48
133	207	28.23	1	2.30	2.55	2.04	673980	2868	745433	34
133	256	31.41	-1	1.66	2.84	0.48	663646	2642	733247	43
134	206	26.25	1	2.06	3.26	0.86	667655	2289	744622	32
134	256	27.18	-1	1.89	3.37	0.41	658510	2605	731035	24
140	155	39.26	-1	2.34	4.22	0.46	697736	2504	763085	47
140	156	38.69	-1	2.26	4.16	0.36	705361	4424	765194	76
140	157	27.78	-1	1.67	2.99	0.35	703403	3909	761896	85
140	207	28.59	1	2.57	3.08	2.07	678483	3191	739492	62
141	259	26.17	1	2.48	3.37	1.59	660300	1961	729219	85
147	169	29.33	1	4.42	3.33	5.50	708467	136	759909	58
148	160	45.65	1	2.84	4.09	1.59	709108	149	763894	22
148	161	74.53	1	4.69	6.68	2.70	711032	164	766245	26
148	162	78.08	1	5.38	7.00	3.76	714906	218	768745	28
148	163	38.12	1	3.63	3.42	3.83	713820	223	767724	34
149	160	68.07	1	3.47	4.53	2.40	710804	229	765736	21
149	161	140.90	1	7.26	9.38	5.13	712822	270	768103	25
149	162	118.18	1	6.79	7.87	5.71	717220	337	771141	25
149	163	50.06	1	4.18	3.33	5.04	716157	337	770193	31
150	159	49.51	1	2.10	2.78	1.42	707203	379	767071	22
150	160	161.64	1	7.44	9.12	5.77	705240	363	764412	20
150	161	165.29	1	7.68	9.32	6.03	707178	356	766665	24
150	162	118.39	1	6.20	6.67	5.72	711718	432	769862	27
150	163	30.38	1	2.37	1.70	3.05	710800	415	769036	33
151	160	149.40	1	7.19	9.05	5.33	704210	442	763579	31
151	161	153.50	1	7.45	9.30	5.60	705934	432	765601	44
151	162	113.00	1	6.15	6.84	5.46	710498	539	768908	50
151	163	39.11	1	3.14	2.35	3.93	709667	555	768147	69
152	161	314.34	1	12.39	13.30	11.49	708192	589	767770	59
152	162	169.70	1	7.69	7.17	8.22	712818	660	771134	63
152	163	48.75	1	3.47	2.04	4.91	711729	649	770321	82
152	171	25.31	1	2.07	1.04	3.09	709407	336	767079	59
153	162	120.43	1	5.11	4.40	5.82	710746	735	770729	63
153	163	31.80	1	2.16	1.13	3.19	709675	757	769874	79
153	205	24.78	1	0.65	0.87	0.43	678898	1619	746368	51
154	203	57.81	1	1.12	0.78	1.46	676783	2184	750825	20
154	204	99.47	1	1.47	1.37	1.57	676170	2905	745537	31
154	205	108.35	1	1.72	1.50	1.94	677467	2592	746137	25
154	256	52.23	-1	0.75	0.70	0.80	671371	1192	735039	12
154	257	57.37	-1	0.79	0.77	0.81	667356	1306	732785	21
154	258	28.68	-1	0.46	0.36	0.56	667024	1329	736197	52
155	203	86.56	1	1.64	1.08	2.20	674493	2475	749898	16
155	204	113.79	1	1.62	1.43	1.80	673857	3257	744581	20
155	205	111.37	1	1.70	1.40	1.99	675279	2888	745388	15
155	255	27.28	-1	0.62	0.31	0.94	668797	747	735090	6
155	256	61.87	-1	0.85	0.76	0.95	669112	1338	734166	11
155	257	79.81	-1	1.06	0.99	1.13	665046	1450	731832	19
155	258	47.82	-1	0.76	0.58	0.94	664743	1473	735232	38
156	203	192.63	1	3.45	1.99	4.91	681949	4200	751819	46
156	204	207.87	1	2.72	2.15	3.30	681183	5456	746421	53
156	205	184.16	1	2.60	1.90	3.30	682589	4815	747215	46
156	256	109.03	-1	1.39	1.10	1.67	676489	2394	735839	36
156	257	119.23	-1	1.45	1.21	1.69	672403	2617	733512	47
156	258	78.79	-1	1.17	0.78	1.55	672055	2620	736969	77
157	203	130.02	1	2.56	1.81	3.31	681701	3595	750176	57
157	204	149.67	1	2.23	2.10	2.37	680986	4686	744911	64
157	205	123.53	1	1.97	1.72	2.21	682422	4120	745696	53
157	256	104.36	-1	1.52	1.45	1.60	676286	2121	734539	37
157	257	93.80	-1	1.31	1.29	1.33	672339	2347	732475	52
157	258	62.02	-1	1.03	0.84	1.22	671943	2340	735885	92
158	203	116.05	1	2.28	1.60	2.95	682815	3284	751773	54
158	204	136.21	1	2.02	1.89	2.16	682097	4289	746509	60
158	205	113.12	1	1.79	1.56	2.02	683464	3772	747121	53
158	255	26.65	-1	0.62	0.33	0.92	676649	1086	736853	11
158	256	110.73	-1	1.61	1.53	1.70	677093	1887	735899	39
158	257	87.41	-1	1.22	1.20	1.24	673153	2110	733883	53
158	258	43.66	-1	0.71	0.57	0.86	672767	2129	737316	96
159	203	29.81	1	0.79	0.83	0.75	679898	1152	748639	21
159	204	36.88	1	0.81	1.04	0.57	679360	1512	743591	24
159	255	27.51	-1	0.86	0.76	0.95	673783	325	734006	6
159	256	29.13	-1	0.63	0.81	0.44	674165	611	733028	14
164	182	141.85	1	5.38	5.54	5.21	690177	1783	760147	260
165	182	257.93	1	6.39	3.31	9.47	698151	2223	766056	400
166	182	284.57	1	8.16	5.86	10.45	697860	2042	766790	403
172	183	27.26	-1	2.41	2.82	2.00	702961	993	765037	35
172	194	24.10	1	2.63	2.50	2.77	701966	362	761165	34
172	206	25.60	1	1.75	2.65	0.84	690807	415	755620	28
173	191	36.39	1	1.14	1.88	0.41	703104	231	763367	55
173	192	54.72	1	1.78	2.82	0.73	702138	278	762555	55
173	193	56.10	1	2.34	2.89	1.80	700958	288	760994	40
173	194	50.30	1	4.18	2.59	5.77	698840	372	759053	33
173	195	25.18	1	2.29	1.31	3.27	695249	414	760740	20
174	183	126.79	-1	5.64	2.02	9.27	706367	1074	766992	49
174	184	69.49	-1	3.26	1.11	5.41	708382	1162	763815	98
175	192	70.86	1	1.14	1.33	0.95	710223	581	768383	181
176	207	26.60	1	1.33	0.73	1.93	695287	1070	756555	65
177	192	33.37	1	2.13	3.82	0.45	702465	626	762972	177
181	196	51.55	1	5.66	7.04	4.29	688145	4042	761232	64
181	197	50.39	1	6.17	6.88	5.46	686314	3670	761716	59
181	198	34.79	1	5.10	4.76	5.43	680672	4313	760206	70
181	203	31.65	1	2.56	4.33	0.80	680632	2080	758783	94
182	196	54.00	1	3.24	1.99	4.49	683380	4226	759277	49
182	197	65.71	1	4.77	2.42	7.12	681578	3882	759799	50
182	200	37.13	-1	0.95	1.37	0.54	674741	4835	752441	52
182	201	39.20	-1	0.98	1.45	0.52	674408	3742	752828	51
183	226	24.71	1	1.54	1.82	1.26	672510	19256	742726	42
184	226	34.26	1	2.21	2.67	1.74	675898	19377	741660	79
184	227	30.29	1	1.82	2.37	1.27	672137	16740	738444	33
185	226	39.38	1	3.23	4.47	2.00	677982	17437	745358	104
185	227	35.67	1	2.77	4.05	1.49	674202	15062	742082	42
190	199	50.86	1	6.39	5.86	6.93	686291	968	759289	50
190	200	55.73	1	3.61	6.42	0.81	684020	1942	752200	60
190	201	30.03	1	1.93	3.47	0.40	683750	1491	752512	70
191	200	1123.47	1	14.36	12.39	16.34	688866	3798	756500	66
191	201	758.56	1	9.23	8.37	10.10	688353	2912	756603	70
191	202	525.11	1	7.24	5.79	8.68	692895	2615	762317	85
191	207	29.71	1	1.24	0.33	2.15	694221	925	756795	46
192	201	956.05	1	12.73	12.74	12.73	688013	3430	756248	75
192	202	683.92	1	10.21	9.12	11.31	692654	3088	762111	88
192	207	34.28	1	1.47	0.46	2.48	693739	1060	756248	46
193	202	445.00	1	10.78	14.19	7.36	692095	2982	761103	54
195	209	61.18	-1	5.36	7.94	2.78	687655	1580	752805	74
196	207	26.84	-1	2.09	2.23	1.94	687026	3462	754500	13
196	209	73.89	-1	4.75	6.14	3.36	685955	3837	751211	78
198	226	24.44	1	2.53	3.81	1.25	667978	15057	744647	45
198	227	24.05	1	2.38	3.75	1.01	664566	13046	741785	20
199	208	55.78	1	5.41	7.60	3.22	682414	3492	753360	49
199	209	51.77	1	4.70	7.05	2.35	682349	3187	752549	49
199	226	24.64	1	2.31	3.36	1.26	669428	8953	746010	33
200	226	34.15	1	1.12	0.50	1.74	669242	19188	739689	47
200	227	36.48	1	1.03	0.53	1.53	666002	16642	736985	20
201	226	28.67	1	0.92	0.38	1.46	670295	15124	739888	53
201	227	28.15	1	0.78	0.37	1.18	666914	13106	736957	23
202	227	35.38	1	1.03	0.58	1.48	672442	12584	743250	29
203	254	54.75	-1	2.57	1.39	3.76	683375	556	750824	16
203	255	105.51	-1	3.17	2.68	3.65	679547	788	746223	18
203	256	258.03	-1	5.27	6.58	3.96	679844	1365	745393	37
203	257	257.04	-1	5.10	6.56	3.64	675820	1514	743004	71
203	258	160.36	-1	3.63	4.09	3.16	675381	1567	746524	128
204	253	29.36	-1	2.59	0.45	4.73	684926	740	744962	17
204	254	114.02	-1	4.82	1.80	7.83	684158	670	746555	17
204	255	218.19	-1	5.50	3.46	7.55	680257	940	742055	17
204	256	463.98	-1	7.25	7.37	7.12	680472	1660	741018	52
204	257	443.69	-1	6.67	7.05	6.29	676688	1867	739186	84
204	258	273.17	-1	4.86	4.34	5.39	676509	1964	742593	152
205	254	83.38	-1	3.61	1.49	5.73	685952	608	747322	16
205	255	198.10	-1	5.20	3.55	6.85	682021	823	742961	14
205	256	422.75	-1	7.04	7.60	6.48	682253	1449	741895	40
205	257	417.34	-1	6.71	7.50	5.91	678267	1621	739797	66
205	258	250.64	-1	4.72	4.50	4.95	678074	1718	743418	124
206	254	42.93	-1	2.18	1.41	2.95	688791	418	750211	13
206	255	114.15	-1	3.86	3.78	3.95	684792	561	745696	7
206	256	243.46	-1	5.90	8.07	3.73	685094	994	744653	25
206	257	210.29	-1	4.97	6.97	2.98	681027	1138	742664	41
206	258	131.64	-1	3.48	4.36	2.60	680841	1178	746268	81
206	259	26.87	-1	1.26	0.88	1.63	681569	891	749430	74
207	243	83.21	1	3.73	6.04	1.43	690413	884	742207	14
207	244	74.23	1	3.36	5.39	1.34	693180	945	746354	13
207	245	52.35	1	2.43	3.80	1.06	689715	1517	746231	46
207	261	24.01	1	2.07	1.74	2.40	683101	3070	746501	34
208	218	46.45	1	1.94	2.68	1.21	688406	1018	740048	55
208	242	37.65	1	1.86	2.17	1.54	678647	513	725540	41
208	243	94.77	1	3.55	5.47	1.62	689897	1098	740420	46
208	244	88.81	1	3.37	5.13	1.61	692553	1183	744403	46
209	218	67.17	1	2.40	3.05	1.74	689198	978	739542	48
209	219	64.71	1	2.53	2.94	2.11	693335	1105	745779	70
209	242	54.87	1	2.37	2.49	2.24	679652	501	725505	43
209	243	131.98	1	4.13	6.01	2.26	691086	1067	740512	48
209	244	122.58	1	3.90	5.58	2.21	693643	1142	744462	48
209	261	28.51	1	2.07	1.29	2.85	683140	3536	744293	91
209	262	26.71	1	1.94	1.21	2.67	682316	5326	747470	73
210	219	119.77	1	4.13	4.35	3.91	683971	727	739284	67
210	227	59.60	-1	2.32	2.16	2.49	669527	3026	732417	50
210	242	101.27	1	3.90	3.67	4.12	670765	350	719486	36
210	243	165.60	1	4.42	6.01	2.83	681576	689	733920	46
210	244	147.20	1	4.00	5.34	2.66	684302	723	737724	49
211	220	57.34	1	2.19	1.36	3.02	678329	545	732427	76
211	227	49.08	-1	1.61	1.16	2.05	675300	2342	736969	37
211	241	54.90	1	3.42	1.30	5.53	681805	247	733821	40
211	242	132.62	1	4.27	3.15	5.39	676340	313	723886	25
211	243	350.72	1	7.17	8.35	5.99	687667	698	738690	28
211	244	351.25	1	7.34	8.36	6.33	690205	745	742582	32
211	245	313.75	1	6.91	7.47	6.34	687059	1095	742674	124
212	227	26.73	-1	0.93	0.74	1.12	681490	3242	740287	40
212	241	43.12	1	2.77	1.20	4.35	687761	295	736902	40
212	242	106.24	1	3.64	2.95	4.32	681901	362	726384	24
212	243	282.74	1	6.35	7.86	4.83	694215	800	742304	31
212	244	302.92	1	6.94	8.42	5.46	696790	872	746220	39
212	245	276.15	1	6.63	7.68	5.58	693520	1321	746239	145
213	242	52.47	1	2.19	2.23	2.14	680758	308	725615	33
213	243	155.93	1	4.65	6.63	2.67	693235	687	741859	39
213	244	194.21	1	5.88	8.26	3.50	695917	774	746039	44
213	245	179.11	1	5.62	7.62	3.62	692806	1200	746115	155
214	242	45.34	1	2.45	3.04	1.86	678517	227	724910	24
214	243	103.01	1	4.33	6.89	1.77	690455	482	740423	32
214	244	110.78	1	4.71	7.41	2.00	693263	525	744686	36
215	242	39.34	1	2.27	2.93	1.61	681737	171	726379	25
215	243	104.82	1	4.79	7.79	1.80	694054	376	742347	35
215	244	98.80	1	4.57	7.35	1.79	696798	397	746567	33
216	227	25.81	-1	1.26	1.44	1.08	676169	1267	732432	21
216	228	29.07	-1	2.06	1.62	2.50	671763	458	727320	46
216	242	52.51	1	2.53	2.91	2.15	676561	156	718776	15
216	243	143.17	1	5.19	7.93	2.45	688106	348	733756	24
216	244	114.28	1	4.20	6.33	2.06	691035	349	738142	25
216	245	131.28	1	4.96	7.27	2.66	687805	557	738073	84
217	226	55.98	-1	2.59	2.34	2.84	687308	1454	744685	46
217	227	73.24	-1	3.06	3.06	3.06	683850	1196	741514	19
217	228	57.88	-1	3.69	2.42	4.96	678736	426	735615	33
217	234	63.71	1	3.05	2.66	3.45	673575	857	736479	64
217	241	29.85	1	2.13	1.25	3.01	690318	137	738719	29
217	242	91.01	1	3.75	3.80	3.71	684115	186	727982	14
217	243	190.77	1	5.61	7.95	3.26	696116	387	743403	18
217	244	136.93	1	4.09	5.71	2.47	699082	375	747493	18
217	245	153.55	1	4.75	6.40	3.11	695899	592	747734	55
217	246	50.13	1	2.48	2.10	2.86	693762	487	743457	73
217	247	52.04	1	2.79	2.17	3.41	690616	578	743026	88
218	227	199.39	-1	6.73	5.15	8.30	678152	1421	734931	10
218	228	58.12	-1	3.24	1.51	4.98	673543	588	729643	20
218	229	35.42	-1	2.75	0.92	4.57	681270	433	737302	28
218	232	34.67	1	1.64	0.90	2.37	673548	767	733453	62
218	234	83.80	1	3.35	2.17	4.53	668077	1135	730205	50
218	241	47.55	1	3.01	1.23	4.79	684703	189	732033	16
218	242	143.83	1	4.78	3.72	5.85	679197	260	722191	7
218	243	332.45	1	7.13	8.59	5.68	690223	557	736586	6
218	244	241.65	1	5.30	6.24	4.36	692918	538	740557	8
218	245	257.97	1	5.94	6.67	5.22	689722	829	740667	34
218	246	83.67	1	3.46	2.17	4.76	687534	668	736483	49
218	247	93.12	1	4.25	2.41	6.09	684534	799	736063	55
219	228	110.13	-1	6.51	3.59	9.43	678411	625	736178	31
219	232	32.58	1	1.65	1.07	2.23	678413	865	740480	81
219	234	82.62	1	3.58	2.70	4.47	672983	1283	737039	71
219	241	30.86	1	2.06	1.01	3.12	690018	194	739772	20
219	242	114.00	1	4.18	3.72	4.64	683787	268	728857	9
219	243	251.66	1	6.25	8.20	4.30	696172	565	744875	12
219	244	193.52	1	4.90	6.31	3.49	698853	563	748777	13
219	245	188.23	1	4.97	6.14	3.81	695589	864	748929	49
219	246	70.52	1	3.16	2.30	4.01	693564	736	744800	72
219	247	65.21	1	3.20	2.13	4.27	690341	860	744406	82
220	229	31.23	1	2.84	1.65	4.03	675219	834	733893	61
220	230	61.40	1	5.22	3.23	7.21	665625	859	728129	63
220	231	37.03	1	3.39	1.95	4.83	666707	837	730696	83
220	242	44.21	1	2.07	2.33	1.81	672984	220	719410	20
220	243	116.67	1	4.07	6.13	2.00	684643	480	734286	26
220	244	97.09	1	3.43	5.10	1.75	687142	498	737891	25
220	245	97.14	1	3.54	5.11	1.97	683910	794	737723	83
221	242	45.63	1	2.00	2.14	1.87	680603	248	727730	58
221	243	162.77	1	5.19	7.60	2.79	692753	578	743393	75
221	244	167.31	1	5.42	7.82	3.02	695571	625	747428	74
222	242	61.06	1	2.59	2.68	2.49	671356	260	723043	56
222	243	190.48	1	5.80	8.34	3.26	682983	595	737925	68
222	244	183.16	1	5.66	8.02	3.30	685741	632	741964	70
223	242	63.13	1	2.54	2.50	2.58	664169	310	717766	66
223	243	206.77	1	5.85	8.17	3.54	674767	712	731455	81
223	244	204.09	1	5.87	8.07	3.68	677217	761	735341	97
225	243	25.65	-1	1.33	2.21	0.45	685798	1606	741895	55
226	243	110.90	-1	3.76	5.62	1.90	690219	1835	745929	31
226	244	144.12	-1	4.95	7.30	2.60	693331	1972	750420	45
226	245	64.33	-1	2.29	3.26	1.31	689657	3968	750053	103
226	248	47.85	1	4.51	2.43	6.59	683499	5171	740649	88
226	249	43.45	1	3.23	2.21	4.25	697227	7638	753398	55
227	242	26.87	-1	1.12	1.13	1.11	675369	792	727584	7
227	243	115.84	-1	3.41	4.83	1.98	687894	1534	743835	14
227	244	144.29	-1	4.31	6.01	2.60	690851	1656	748055	18
227	245	67.41	-1	2.09	2.81	1.37	687696	3370	748209	42
227	248	41.20	1	3.70	1.72	5.67	681412	4463	738988	35
227	249	45.93	1	3.21	1.92	4.50	694912	6648	751232	23
228	243	30.72	-1	1.58	2.64	0.53	682649	635	737311	27
228	249	24.66	1	2.27	2.12	2.41	689519	2713	745084	35
229	262	26.99	1	3.09	3.49	2.70	682272	4147	753321	45
229	264	24.56	1	2.50	3.17	1.82	690996	4658	743543	33
230	262	27.60	1	3.00	3.25	2.76	672353	3980	746556	48
230	263	28.83	1	2.93	3.39	2.46	682558	5039	747471	43
231	262	27.31	1	3.15	3.57	2.73	674621	4115	750013	54
231	263	26.63	1	2.88	3.48	2.28	684696	5203	750815	45
232	243	62.57	1	2.67	4.27	1.08	683782	832	742514	51
233	243	74.22	1	2.92	4.56	1.27	681570	976	743389	59
234	243	66.55	1	2.37	3.60	1.14	680244	1128	740236	36
234	244	48.28	1	1.75	2.62	0.88	683198	1184	744592	46
236	254	29.47	-1	2.69	3.35	2.02	700737	1856	754333	38
237	254	31.44	-1	2.70	3.25	2.16	707471	1794	761685	39
237	264	24.41	1	2.17	2.53	1.81	707869	13963	752199	53
249	262	52.13	-1	5.16	5.10	5.21	713809	4608	771934	31
249	264	78.27	-1	6.73	7.67	5.79	723335	5135	761743	31
250	263	57.89	-1	5.86	6.76	4.95	721930	5752	769879	21
250	264	68.68	-1	6.55	8.02	5.08	719910	5022	758557	16
250	265	34.28	-1	3.69	4.00	3.39	726758	3289	757563	22
251	264	75.87	-1	6.67	7.73	5.61	724959	4668	761711	20
251	265	55.99	-1	5.61	5.70	5.52	732138	2986	761091	22
251	273	26.36	1	3.09	2.68	3.50	729805	555	766598	39
252	273	40.21	1	6.02	6.72	5.32	730981	329	767809	33
253	273	44.92	1	6.59	7.24	5.95	723907	258	765848	24
253	274	30.31	1	4.76	4.88	4.63	712883	248	755262	22
255	264	93.23	-1	5.06	3.22	6.89	712537	2672	757361	8
256	265	35.57	-1	2.03	0.54	3.51	720366	3349	756317	23
260	278	25.38	-1	2.17	3.48	0.85	713465	1024	764700	57
260	284	32.09	1	3.03	4.40	1.66	715036	3243	767097	105
261	278	65.25	-1	4.35	6.53	2.18	715416	1228	766529	26
261	283	27.08	1	2.79	2.71	2.86	714914	6191	766240	51
261	284	39.30	1	2.98	3.93	2.03	716904	4151	768480	60
262	278	35.36	-1	2.36	3.54	1.18	715623	2081	770065	18
262	284	35.45	1	2.69	3.55	1.84	717315	6254	772316	46
262	306	24.47	1	2.05	2.45	1.66	700541	4332	752802	19
263	293	28.95	1	1.79	2.47	1.11	731866	14993	777868	47
265	294	32.48	1	2.26	3.21	1.32	737751	8284	763171	44
278	292	280.06	1	9.68	9.33	10.03	731120	2442	776266	29
278	293	258.73	1	9.24	8.62	9.86	737307	3203	775502	44
278	294	257.17	1	9.47	8.56	10.37	736727	3050	773267	45
278	304	25.11	1	1.36	0.84	1.88	721384	1178	765557	15
278	305	39.29	1	2.01	1.31	2.71	728591	1264	769277	6
279	292	266.35	1	9.25	8.96	9.54	734442	3870	780161	78
279	293	237.49	1	8.52	7.99	9.05	740532	5137	779246	153
279	303	41.03	1	2.12	1.39	2.85	735745	2095	776948	81
279	304	63.67	1	3.45	2.15	4.76	724741	2077	769212	36
279	305	85.79	1	4.40	2.89	5.90	731798	2211	772791	23
279	306	62.22	1	3.15	2.10	4.21	721165	1803	755392	40
279	307	48.09	1	2.46	1.63	3.30	745453	1503	780242	34
279	308	26.87	1	1.43	0.91	1.94	738752	558	776501	25
280	292	174.90	1	7.65	9.04	6.26	730034	5732	776996	70
280	303	50.62	1	3.07	2.62	3.51	732594	3339	775337	81
280	304	43.80	1	2.77	2.27	3.28	721525	3187	767566	35
280	305	33.65	1	2.03	1.75	2.32	727842	3268	770257	23
281	303	31.70	1	3.59	4.98	2.20	728323	4205	770580	101
281	304	30.19	1	3.50	4.74	2.26	717630	4035	763210	46
282	303	40.98	1	4.31	5.78	2.84	735295	5771	774208	51
282	304	32.69	1	3.53	4.61	2.45	724445	5505	766787	25
283	303	37.98	1	3.32	4.01	2.64	740561	4440	780673	55
283	304	43.43	1	3.92	4.58	3.25	729334	4296	772851	25
284	303	44.85	1	2.72	2.32	3.11	740077	2805	781236	42
284	304	41.65	1	2.64	2.16	3.12	729123	2690	773591	15
284	305	50.41	1	3.04	2.61	3.47	735509	2818	776340	5
285	302	30.78	1	1.83	0.54	3.12	731688	471	772205	86
285	303	33.08	1	1.44	0.58	2.30	734333	697	777301	71
287	296	84.07	1	3.68	5.87	1.49	744658	215	781892	87
287	297	142.48	1	7.36	9.95	4.76	745262	254	781959	102
287	298	126.92	1	7.65	8.86	6.43	743891	231	781794	92
287	302	25.38	1	2.18	1.78	2.58	737202	428	777179	83
288	297	119.81	1	5.75	7.50	4.01	752384	248	788643	85
288	298	118.89	1	6.73	7.44	6.02	751282	233	788890	82
288	302	80.20	1	6.57	5.02	8.13	743287	523	782839	81
288	303	75.29	1	4.96	4.71	5.22	745938	739	788049	67
288	304	44.09	1	3.03	2.76	3.30	735053	666	780522	27
288	305	25.99	1	1.71	1.63	1.79	741633	654	783434	18
289	302	80.18	1	6.86	5.60	8.12	743597	672	788989	108
289	303	98.16	1	6.83	6.86	6.80	746802	995	794828	94
289	304	74.06	1	5.36	5.18	5.53	735605	925	786863	38
289	305	57.08	1	3.96	3.99	3.93	742795	929	790494	26
289	306	39.43	1	2.72	2.76	2.67	732074	751	772709	47
289	307	39.95	1	2.77	2.80	2.74	756555	644	797830	41
289	308	25.45	1	1.81	1.79	1.84	749280	247	793407	28
290	302	71.12	1	6.08	4.96	7.21	739607	768	789416	113
290	303	97.99	1	6.81	6.83	6.79	742883	1161	795305	101
290	304	84.57	1	6.11	5.90	6.32	731653	1098	787250	41
290	305	75.40	1	5.22	5.26	5.19	739300	1122	791589	30
290	308	25.43	1	1.81	1.78	1.84	745653	287	794328	33
291	302	33.50	1	3.31	3.22	3.40	725222	753	789417	84
291	303	44.58	1	3.68	4.28	3.09	728149	1144	794982	76
291	304	52.50	1	4.48	5.03	3.93	717017	1118	786725	25
