325	Window=3	Metric=PAIRMAPPER	
i	j	Sig.	Class	Zij	Zi	Zj	Mod_Depth	Mod_Comuts	Unt_Depth	Unt_Comuts
29	204	29.60	2	3.48	4.16	2.80	106905	358	704520	95
32	204	57.76	2	5.74	5.99	5.48	106558	343	712643	42
33	203	25.52	2	3.32	3.56	3.08	107523	303	714378	43
97	206	26.93	2	3.97	3.99	3.95	110080	190	722486	48
158	205	38.53	2	4.15	4.58	3.73	109510	346	711255	34
68	103	69.79	0	4.81	5.48	4.13	65342	1758	726760	55
68	257	61.91	0	5.64	4.86	6.43	101103	1154	712249	34
69	102	70.33	0	5.31	4.84	5.79	66009	1693	727128	71
69	256	40.17	0	3.98	2.75	5.22	101624	1209	713764	34
70	103	57.18	0	4.65	5.92	3.38	68277	1801	727000	135
192	201	169.31	0	12.50	11.60	13.40	115424	591	717554	71
