325	Window=3	Metric=PAIRMAPPER	
i	j	Sig.	Class	Zij	Zi	Zj	Mod_Depth	Mod_Comuts	Unt_Depth	Unt_Comuts
30	206	67.36	2	3.75	4.63	2.87	752315	184	731285	27
31	205	79.99	2	3.66	4.34	2.99	752109	195	733187	22
32	204	51.78	2	2.61	3.35	1.87	749313	216	731240	42
33	203	36.86	2	2.24	2.28	2.21	751889	187	734190	43
68	257	123.92	2	4.27	4.24	4.29	750222	402	725943	36
69	256	145.31	2	4.24	3.55	4.93	752562	498	727229	34
156	204	127.83	2	5.12	5.53	4.71	772901	390	746421	53
158	205	93.22	2	4.19	4.89	3.50	773910	295	747121	53
258	302	44.51	2	2.35	1.95	2.76	795218	603	762250	101
290	306	72.49	2	3.92	4.25	3.58	803449	415	773407	55
29	204	31.99	0	1.68	2.22	1.13	743605	334	722111	95
32	46	52.23	0	2.83	3.38	2.28	808977	989	785239	145
46	87	33.70	0	1.70	1.48	1.93	794832	2795	771674	102
46	96	35.84	0	1.81	1.57	2.04	793940	3608	774914	194
46	130	46.96	0	1.61	2.05	1.17	768890	6019	762135	82
48	58	34.14	0	1.77	2.39	1.15	795417	951	765638	47
67	258	24.18	0	1.58	2.13	1.02	753540	232	729309	46
68	80	50.15	0	1.79	1.71	1.87	811342	1077	779272	100
68	103	105.44	0	2.87	3.60	2.14	807287	1619	778205	60
68	201	47.99	0	1.17	1.64	0.71	764350	594	741746	27
69	102	121.98	0	2.86	2.98	2.74	806799	1973	780056	74
70	103	120.85	0	3.53	4.61	2.45	807764	2491	778164	143
75	89	40.69	0	2.51	2.59	2.43	807452	714	776078	160
81	103	86.33	0	2.63	3.51	1.75	804816	5262	776222	122
89	103	50.24	0	2.01	3.00	1.02	808178	4069	778945	147
89	140	70.53	0	3.36	4.21	2.51	788414	1440	758385	238
98	109	28.84	0	3.27	2.67	3.87	813719	331	784355	33
102	128	35.79	0	0.87	0.80	0.93	786303	4904	772654	22
102	131	24.36	0	0.65	0.55	0.75	790040	5520	775900	42
103	183	73.27	0	1.64	1.49	1.80	782921	6229	759087	60
103	185	37.42	0	1.45	0.76	2.15	783258	4754	759097	140
112	307	29.46	0	1.91	2.08	1.73	773466	231	745191	16
131	183	35.45	0	0.99	1.11	0.87	778306	5286	761563	52
185	225	46.95	0	2.48	2.69	2.27	763154	3191	742893	241
185	237	28.11	0	1.16	1.61	0.71	772996	4155	748081	177
192	201	161.79	0	6.67	10.73	2.62	780919	535	756248	75
193	263	48.01	0	1.94	3.29	0.59	782686	582	753517	34
194	262	125.73	0	3.92	6.10	1.74	779081	708	751982	43
197	263	104.41	0	2.49	3.63	1.35	780730	2074	754248	17
198	262	100.54	0	2.62	3.87	1.38	772665	2013	750712	21
201	256	194.03	0	4.88	3.16	6.61	766120	625	740346	20
201	263	359.98	0	5.36	5.94	4.79	773093	1443	746895	20
202	262	217.81	0	4.00	4.96	3.05	777210	1074	752617	35
219	235	326.87	0	8.52	8.28	8.75	770097	1010	746512	97
226	235	158.14	0	4.44	4.65	4.23	761282	5340	747352	116
235	265	49.95	0	1.36	1.32	1.41	785166	1390	748181	74
244	292	24.38	0	0.93	1.17	0.70	795583	451	767534	17
248	263	98.99	0	3.54	5.81	1.27	793656	794	758688	55
253	292	25.66	0	0.96	1.18	0.73	799591	844	772746	9
258	288	26.24	0	1.58	1.12	2.05	804072	266	770715	115
258	293	87.36	0	2.65	3.90	1.41	801572	1614	769876	152
259	295	27.81	0	1.02	1.69	0.34	801274	771	768581	131
