325	Window=3	Metric=PAIRMAPPER	
i	j	Sig.	Class	Zij	Zi	Zj	Mod_Depth	Mod_Comuts	Unt_Depth	Unt_Comuts
287	298	131.01	1	7.08	9.55	4.61	808878	208	781794	92
288	297	119.37	1	5.13	7.70	2.57	817110	232	788643	85
30	98	37.55	2	2.10	2.13	2.07	769253	1748	769777	78
67	258	57.76	2	2.52	2.24	2.80	733674	611	729309	46
68	257	200.04	2	3.85	2.63	5.07	732097	1200	725943	36
69	256	246.70	2	4.24	2.30	6.18	734921	1556	727229	34
75	98	101.56	2	4.58	3.53	5.62	788289	1863	776836	129
77	98	98.25	2	4.58	3.73	5.44	793567	2083	781364	159
101	258	60.34	2	2.06	1.20	2.92	738960	889	733762	67
133	142	57.38	2	3.76	4.96	2.56	759981	1395	764027	102
133	207	52.12	2	3.99	4.50	3.47	738205	1424	745433	34
220	234	127.62	2	4.89	3.78	6.01	732459	880	725975	105
221	234	127.58	2	6.08	6.16	6.00	741912	1026	735584	233
289	307	44.12	2	2.80	2.86	2.74	821988	377	797830	41
290	306	59.67	2	3.46	3.70	3.22	794307	602	773407	55
30	89	24.78	0	1.75	1.41	2.08	768329	1924	769053	100
31	205	35.84	0	1.63	1.64	1.63	721068	1842	733187	22
32	204	35.94	0	1.69	1.93	1.46	719390	2010	731240	42
45	142	25.61	0	1.28	1.42	1.15	737352	3298	750788	276
46	130	24.58	0	1.33	1.96	0.70	742503	5964	762135	82
47	57	36.01	0	2.90	3.74	2.06	778935	1415	773603	33
47	58	32.95	0	2.61	3.43	1.80	771994	2207	766416	53
47	59	24.73	0	1.97	2.58	1.35	780155	3884	776831	95
48	58	49.49	0	4.18	5.67	2.70	773712	1798	765638	47
67	104	102.11	0	2.88	3.96	1.80	788462	1032	778671	67
68	103	732.02	0	8.12	9.63	6.62	792302	2591	778205	60
69	102	968.35	0	9.39	9.03	9.75	793264	3138	780056	74
70	103	724.84	0	8.43	10.30	6.55	792692	3276	778164	143
76	97	127.22	0	4.45	3.81	5.10	789871	1926	778244	61
79	207	26.06	0	1.59	1.45	1.72	746206	2073	743751	55
82	96	46.88	0	2.23	2.81	1.66	789215	1854	778883	99
88	98	51.91	0	2.63	2.40	2.86	798399	2552	783001	111
96	204	29.27	0	1.10	1.03	1.18	751542	3187	746932	64
98	157	33.86	0	1.86	1.86	1.87	761508	2564	761547	49
101	112	41.94	0	1.62	0.83	2.42	794558	418	780631	30
102	257	269.56	0	4.77	2.71	6.83	740744	1903	734092	48
103	256	323.29	0	5.51	2.92	8.10	744614	2120	734978	41
148	162	28.27	0	2.00	2.35	1.64	775205	156	768745	28
156	204	107.68	0	4.62	4.82	4.41	743259	3496	746421	53
158	205	98.09	0	5.00	5.51	4.49	747412	2401	747121	53
173	192	36.95	0	0.68	0.68	0.68	770429	258	762555	55
182	236	37.23	0	1.09	1.12	1.07	737401	3441	738560	137
184	263	33.98	0	1.09	1.00	1.18	753668	6218	748001	51
192	201	798.95	0	12.39	14.64	10.14	757780	2111	756248	75
194	262	28.73	0	1.84	2.67	1.02	753568	2718	751982	43
197	263	51.73	0	2.37	2.94	1.80	753900	4885	754248	17
198	235	56.74	0	2.89	4.01	1.78	740630	4297	745543	72
198	262	51.38	0	2.73	3.63	1.83	745823	4618	750712	21
201	263	49.39	0	1.17	0.62	1.72	751975	6295	746895	20
202	262	36.07	0	1.13	0.97	1.29	753432	5069	752617	35
219	235	247.02	0	7.22	6.69	7.76	755399	1876	746512	97
226	235	79.13	0	2.73	2.98	2.48	745625	6913	747352	116
259	295	26.88	0	1.37	2.55	0.20	787026	1081	768581	131
