325	Window=3	Metric=APC
i	j	Statistic	+/-	Zij	Zi	Zj	Mod_Depth	Mod_Comuts	Unt_Depth	Unt_Comuts
29	68	53.28	-1	5.83	7.49	4.18	99202	386	712094	108
29	69	52.52	-1	5.50	7.39	3.60	99353	479	711568	188
29	70	44.12	-1	5.38	6.20	4.56	100488	413	712360	228
29	204	29.60	1	3.48	4.16	2.80	106905	358	704520	95
30	68	70.54	-1	6.89	8.24	5.54	99308	215	718986	55
30	69	64.90	-1	6.02	7.58	4.46	99496	276	718433	87
30	70	49.21	-1	5.42	5.75	5.09	100644	244	719230	91
30	103	27.42	-1	2.41	3.21	1.60	88165	540	719213	54
31	68	75.50	-1	6.83	7.72	5.93	99466	194	721724	39
31	69	75.76	-1	6.48	7.75	5.21	99627	246	721128	51
31	70	56.36	-1	5.80	5.77	5.83	100811	220	721936	51
31	103	28.25	-1	2.28	2.90	1.65	88272	500	721931	38
32	68	46.00	-1	4.19	4.78	3.60	98974	311	720656	29
32	69	48.97	-1	4.22	5.08	3.36	99097	382	720076	56
32	70	32.51	-1	3.36	3.38	3.35	100248	341	720862	86
32	97	31.60	1	3.98	3.28	4.68	106707	229	721284	54
32	103	29.48	-1	2.39	3.06	1.73	88115	682	720842	63
32	156	28.88	1	2.79	3.00	2.57	107038	361	711875	25
32	203	44.39	1	4.99	4.61	5.37	107601	273	715448	43
32	204	57.76	1	5.74	5.99	5.48	106558	343	712643	42
32	205	55.25	1	5.54	5.74	5.35	106948	311	713491	37
32	206	27.08	1	3.39	2.81	3.97	108600	208	715573	30
33	68	28.46	-1	3.10	3.98	2.22	99001	435	719604	30
33	69	27.96	-1	2.91	3.91	1.91	99093	532	719091	64
33	97	31.32	1	4.51	4.38	4.64	106621	274	720268	63
33	103	26.38	-1	2.61	3.68	1.54	87894	893	719815	75
33	156	26.88	1	3.07	3.76	2.39	106984	434	710845	27
33	203	25.52	1	3.32	3.56	3.08	107523	303	714378	43
33	204	36.79	1	4.31	5.14	3.48	106485	385	711609	43
33	205	41.46	1	4.91	5.80	4.01	106892	355	712475	41
33	206	26.47	1	3.79	3.70	3.88	108555	248	714502	35
40	49	30.23	-1	10.66	9.45	11.87	113508	161	720840	131
52	61	25.58	1	6.95	7.09	6.81	113176	373	723149	212
52	62	30.24	1	8.29	8.37	8.21	113182	191	724460	66
61	81	26.89	-1	8.81	7.16	10.46	85481	1408	724547	125
68	102	51.25	1	4.11	4.02	4.21	67002	1420	727822	40
68	103	69.79	1	4.81	5.48	4.13	65342	1758	726760	55
68	133	39.09	-1	5.43	3.06	7.80	102023	735	719589	46
68	158	30.88	-1	3.03	2.41	3.66	100967	403	717945	35
68	256	38.99	1	4.05	3.05	5.06	101459	1030	714448	24
68	257	61.91	1	5.64	4.86	6.43	101103	1154	712249	34
68	258	60.52	1	6.24	4.75	7.74	100720	1057	715029	73
69	102	70.33	1	5.31	4.84	5.79	66009	1693	727128	71
69	103	101.77	1	6.53	7.01	6.05	64399	2106	726078	95
69	132	25.14	-1	1.20	1.71	0.69	101819	1282	725594	86
69	133	41.78	-1	5.60	2.86	8.34	102091	890	718870	75
69	156	34.58	-1	2.72	2.36	3.09	100478	633	717090	51
69	157	28.39	-1	2.53	1.93	3.13	101200	576	716160	66
69	158	38.79	-1	3.63	2.65	4.61	101221	484	717238	71
69	203	27.68	-1	2.61	1.89	3.34	101125	410	720590	58
69	204	24.38	-1	1.98	1.66	2.30	100233	531	717727	53
69	256	40.17	1	3.98	2.75	5.22	101624	1209	713764	34
69	257	69.15	1	5.97	4.75	7.18	101294	1358	711572	56
69	258	58.09	1	5.71	3.99	7.42	100852	1227	714340	118
70	102	35.62	1	3.30	3.68	2.92	69607	1440	728052	96
70	103	57.18	1	4.65	5.92	3.38	68277	1801	727000	135
70	133	29.79	-1	4.51	3.07	5.94	103429	780	719792	115
70	158	24.45	-1	2.70	2.51	2.89	102278	433	718156	82
70	257	44.64	1	4.62	4.61	4.63	102577	1160	712446	73
70	258	39.60	1	4.57	4.09	5.05	102163	1050	715245	156
72	102	24.32	-1	3.23	4.48	1.98	91772	139	725864	75
72	103	42.89	-1	5.21	7.89	2.53	91265	162	724841	108
72	104	33.22	-1	4.79	6.12	3.47	102161	147	725510	160
73	103	44.46	-1	4.56	6.49	2.62	90369	118	726837	135
73	104	59.22	-1	7.43	8.64	6.22	101124	106	727529	194
87	154	34.38	1	4.87	6.04	3.70	112891	220	715983	23
87	155	34.79	1	4.84	6.11	3.58	112484	243	715536	18
87	156	40.52	1	5.37	7.11	3.62	112073	401	716623	21
87	157	39.81	1	5.69	6.99	4.40	112751	366	715666	18
87	158	25.88	1	3.80	4.54	3.06	112752	310	716733	20
88	154	32.43	1	4.92	6.35	3.49	113475	247	717314	49
88	155	32.30	1	4.83	6.33	3.32	113104	273	716838	30
88	156	35.04	1	5.00	6.87	3.13	112656	450	717948	39
88	157	34.98	1	5.36	6.85	3.86	113394	411	716996	41
89	154	32.13	1	5.44	7.42	3.46	113970	267	717667	61
89	155	25.91	1	4.32	5.98	2.66	113561	287	717180	35
89	156	27.03	1	4.32	6.24	2.41	113139	476	718292	60
93	104	30.31	-1	5.66	8.16	3.16	102799	568	728838	186
94	103	37.33	-1	7.03	11.87	2.19	91732	863	727327	121
96	156	28.00	1	3.73	4.97	2.49	108950	396	719122	49
96	157	26.08	1	3.75	4.63	2.87	109511	357	718170	57
97	206	26.93	1	3.97	3.99	3.95	110080	190	722486	48
98	116	35.66	1	5.25	6.77	3.72	110570	124	728000	83
102	116	54.35	-1	5.06	4.47	5.66	91700	234	728558	40
102	153	24.78	-1	3.64	2.02	5.27	91042	318	719499	65
102	154	54.81	-1	5.21	4.51	5.90	90866	377	718890	33
102	155	60.23	-1	5.58	4.96	6.21	90672	426	718418	21
102	156	63.74	-1	5.48	5.25	5.72	91137	834	719543	26
102	157	48.99	-1	4.72	4.02	5.42	91127	763	718603	32
102	158	46.19	-1	4.64	3.79	5.49	91140	671	719690	39
102	203	26.27	-1	2.66	2.14	3.17	90909	557	722986	48
102	204	38.28	-1	3.38	3.14	3.63	90790	705	720079	42
102	205	27.45	-1	2.44	2.24	2.65	90805	637	720929	30
102	206	24.73	-1	2.82	2.01	3.63	90935	444	723113	30
103	116	81.31	-1	6.63	4.82	8.44	91192	286	727493	54
103	154	61.60	-1	5.14	3.65	6.64	90292	483	717839	41
103	155	77.34	-1	6.28	4.59	7.97	90149	538	717366	23
103	156	86.69	-1	6.47	5.14	7.79	90689	1046	718493	28
103	157	61.03	-1	5.18	3.61	6.76	90631	966	717565	38
103	158	52.18	-1	4.65	3.08	6.21	90659	857	718641	47
103	203	49.48	-1	4.45	2.92	5.98	90387	680	721963	47
103	204	54.98	-1	4.23	3.25	5.22	90330	887	719065	48
103	205	43.19	-1	3.36	2.54	4.18	90339	794	719917	38
104	116	40.59	-1	4.24	4.25	4.23	101806	253	728219	81
104	154	39.54	-1	4.20	4.14	4.26	100917	405	718570	62
104	155	50.08	-1	5.21	5.25	5.16	100710	452	718091	25
104	156	55.39	-1	5.39	5.81	4.97	101093	871	719208	51
104	157	35.31	-1	3.79	3.69	3.90	101226	814	718250	61
104	158	28.40	-1	3.16	2.96	3.36	101250	727	719348	72
105	127	24.27	1	5.59	7.23	3.94	115605	1331	724707	34
106	127	44.43	1	8.10	8.98	7.23	114100	655	724125	23
106	128	33.44	1	7.29	6.76	7.82	114488	577	725948	32
106	129	25.74	1	6.42	5.20	7.64	112963	591	728180	34
107	127	51.75	1	8.15	7.87	8.43	114168	370	723132	8
107	128	39.19	1	7.57	5.97	9.16	114435	326	724987	8
107	129	29.70	1	6.67	4.53	8.82	112920	329	727190	8
117	126	140.07	1	15.24	14.55	15.93	111206	1142	725502	113
117	127	58.16	1	7.75	6.03	9.47	111931	1810	722924	155
123	132	598.83	1	15.73	14.97	16.48	112836	872	726385	133
128	137	24.82	-1	7.62	5.80	9.44	111585	1084	717035	105
154	204	25.89	1	2.62	2.79	2.45	109177	250	709675	29
154	205	35.50	1	3.63	3.82	3.43	109598	237	710516	22
154	206	23.91	1	3.04	2.57	3.51	111289	167	712653	20
155	205	30.83	1	3.08	3.17	2.98	109213	254	710086	12
156	205	50.39	1	4.70	4.51	4.88	108955	437	711145	28
156	256	23.91	-1	2.61	2.12	3.09	109982	389	706376	22
156	257	33.26	-1	3.21	2.97	3.44	109726	416	704204	34
157	205	34.83	1	3.60	3.84	3.37	109501	378	710283	35
157	256	25.03	-1	3.00	2.75	3.24	110815	346	705477	23
157	257	36.49	-1	3.90	4.03	3.78	110566	367	703341	39
158	205	38.53	1	4.15	4.58	3.73	109510	346	711255	34
158	257	34.97	-1	3.89	4.15	3.62	110702	319	704370	41
164	182	37.91	1	6.38	6.48	6.28	114691	330	719451	247
165	182	50.65	1	6.04	3.70	8.39	115575	401	723825	384
166	182	63.03	1	8.59	6.73	10.44	115537	374	723763	388
191	200	187.07	1	13.50	10.78	16.21	115639	663	717678	60
191	201	117.06	1	8.01	6.75	9.26	115575	494	717677	67
191	202	71.89	1	5.98	4.15	7.80	115515	421	721432	81
192	201	169.31	1	12.50	11.60	13.40	115424	591	717554	71
192	202	102.92	1	9.12	7.05	11.18	115337	497	721340	84
193	202	80.13	1	10.90	13.09	8.70	115198	500	720593	51
203	256	31.67	-1	3.97	3.83	4.11	111069	230	710278	27
203	257	32.64	-1	3.66	3.94	3.38	110831	255	708102	60
203	258	32.00	-1	3.97	3.87	4.08	110209	230	710827	117
204	256	55.70	-1	6.26	5.29	7.24	109716	274	707584	37
204	257	54.08	-1	5.37	5.13	5.61	109500	307	705598	69
204	258	39.39	-1	4.38	3.73	5.03	109035	291	708219	137
205	256	40.35	-1	4.57	3.90	5.24	110275	255	708437	25
205	257	39.66	-1	3.97	3.84	4.11	110147	283	706306	51
206	256	28.73	-1	3.97	4.21	3.72	112218	184	710444	19
207	243	34.19	1	5.93	8.31	3.55	114923	190	708804	13
207	244	26.52	1	4.78	6.44	3.12	115233	194	711962	11
207	245	26.43	1	5.19	6.42	3.96	114583	314	711474	44
208	243	28.33	1	4.77	6.58	2.95	114940	224	707363	45
208	244	24.95	1	4.36	5.79	2.93	115288	234	710474	44
209	243	35.64	1	5.08	6.46	3.70	115033	221	707393	48
209	244	27.59	1	4.12	5.00	3.24	115365	225	710509	47
209	245	43.03	1	7.12	7.80	6.44	114665	388	709856	198
211	243	27.42	1	4.43	6.01	2.86	113989	96	705149	28
211	245	32.85	1	6.06	7.20	4.92	113780	161	707782	122
217	245	24.85	1	4.33	4.95	3.72	114362	99	708566	52
218	227	29.47	-1	6.64	4.73	8.54	112420	237	701436	10
218	243	49.60	1	6.54	7.94	5.14	113989	91	701596	6
218	244	33.00	1	4.58	5.29	3.87	114304	85	704483	8
219	228	25.84	-1	6.50	5.31	7.68	112056	96	700718	30
219	243	40.65	1	6.28	8.34	4.22	114334	96	706081	12
219	244	29.49	1	4.76	6.06	3.46	114634	93	708939	13
221	243	32.96	1	5.32	7.22	3.43	113877	110	704709	72
221	244	34.34	1	5.77	7.52	4.02	114211	117	707672	70
222	243	35.29	1	5.58	7.49	3.67	112551	111	700763	65
222	244	35.83	1	5.90	7.60	4.20	112874	117	703772	66
222	245	26.77	1	4.84	5.68	4.01	112254	171	703246	220
223	243	37.66	1	5.70	7.48	3.91	111561	132	696415	78
223	244	40.04	1	6.32	7.96	4.69	111855	141	699345	94
227	244	28.62	-1	5.83	8.29	3.36	112877	284	705052	17
250	263	25.42	-1	7.80	7.64	7.96	114260	851	711049	20
250	264	27.58	-1	8.08	8.29	7.88	114059	738	703021	15
251	263	25.34	-1	7.82	7.71	7.93	114573	835	712619	26
251	264	26.66	-1	7.86	8.11	7.61	114359	726	704322	18
255	264	25.25	-1	6.72	6.23	7.21	112386	534	702415	7
278	292	31.61	1	8.17	6.26	10.09	114882	401	711543	27
278	293	38.71	1	8.89	7.66	10.12	116189	541	713202	37
278	294	37.61	1	8.19	7.44	8.93	116204	510	711716	38
279	292	29.35	1	7.97	6.57	9.37	115196	639	713849	76
299	308	29.91	1	9.01	9.06	8.96	116331	71	714533	51
