Nucleotide	Sequence	Modified_mutations	Modified_read_depth	Modified_effective_depth	Modified_rate	Modified_off_target_mapped_depth	Modified_low_mapq_mapped_depth	Modified_primer_pair_1_mapped_depth	Untreated_mutations	Untreated_read_depth	Untreated_effective_depth	Untreated_rate	Untreated_off_target_mapped_depth	Untreated_low_mapq_mapped_depth	Untreated_primer_pair_1_mapped_depth	Denatured_mutations	Denatured_read_depth	Denatured_effective_depth	Denatured_rate	Denatured_off_target_mapped_depth	Denatured_low_mapq_mapped_depth	Denatured_primer_pair_1_mapped_depth	Reactivity_profile	Std_err	HQ_profile	HQ_stderr	Norm_profile	Norm_stderr
1	g	0	778410	0	nan	65301	62	778410	0	809591	0	nan	59793	23	809591	0	0	0	nan	0	0	0	nan	nan	nan	nan	nan	nan
2	g	0	779495	0	nan	65361	62	779495	0	810578	0	nan	59849	23	810578	0	0	0	nan	0	0	0	nan	nan	nan	nan	nan	nan
3	c	0	780147	0	nan	65408	62	780147	0	811073	0	nan	59888	23	811073	0	0	0	nan	0	0	0	nan	nan	nan	nan	nan	nan
4	c	0	780411	0	nan	65428	62	780411	0	811298	0	nan	59901	23	811298	0	0	0	nan	0	0	0	nan	nan	nan	nan	nan	nan
5	u	0	780494	0	nan	65433	62	780494	0	811335	0	nan	59901	23	811335	0	0	0	nan	0	0	0	nan	nan	nan	nan	nan	nan
6	u	0	780693	0	nan	65441	62	780693	0	811387	0	nan	59901	23	811387	0	0	0	nan	0	0	0	nan	nan	nan	nan	nan	nan
7	c	0	780860	0	nan	65443	62	780860	0	811434	0	nan	59901	23	811434	0	0	0	nan	0	0	0	nan	nan	nan	nan	nan	nan
8	g	0	780923	0	nan	65446	62	780923	0	811489	0	nan	59901	23	811489	0	0	0	nan	0	0	0	nan	nan	nan	nan	nan	nan
9	g	0	781014	0	nan	65448	62	781014	0	811544	0	nan	59901	23	811544	0	0	0	nan	0	0	0	nan	nan	nan	nan	nan	nan
10	g	0	781080	0	nan	65448	62	781080	0	811572	0	nan	59901	23	811572	0	0	0	nan	0	0	0	nan	nan	nan	nan	nan	nan
11	c	0	781133	0	nan	65448	62	781133	0	811606	0	nan	59902	23	811606	0	0	0	nan	0	0	0	nan	nan	nan	nan	nan	nan
12	c	0	781164	0	nan	65462	62	781146	0	811627	0	nan	59902	23	811609	0	0	0	nan	0	0	0	nan	nan	nan	nan	nan	nan
13	a	0	781205	0	nan	65471	62	781163	0	811659	0	nan	59902	23	811613	0	0	0	nan	0	0	0	nan	nan	nan	nan	nan	nan
14	a	0	781220	0	nan	65482	62	781166	0	811675	0	nan	59902	23	811614	0	0	0	nan	0	0	0	nan	nan	nan	nan	nan	nan
15	G	3076	781227	723713	0.004250	65485	62	781167	2415	811683	756889	0.003191	59902	23	811614	0	0	0	nan	0	0	0	0.001060	0.000100	0.001060	0.000100	0.036180	0.003413
16	U	13283	781253	720560	0.018434	65495	62	781185	10322	811696	753829	0.013693	59902	23	811620	0	0	0	nan	0	0	0	0.004742	0.000209	0.004742	0.000209	0.161853	0.007134
17	U	2697	781266	717948	0.003757	65507	62	781195	1301	811710	752441	0.001729	59902	23	811625	0	0	0	nan	0	0	0	0.002028	0.000087	0.002028	0.000087	0.069219	0.002969
18	A	992	781292	717777	0.001382	65513	62	781218	640	811719	752646	0.000850	59902	23	811631	0	0	0	nan	0	0	0	0.000532	0.000055	0.000532	0.000055	0.018158	0.001877
19	A	908	781306	730025	0.001244	65517	62	781228	566	811724	763943	0.000741	59902	23	811636	0	0	0	nan	0	0	0	0.000503	0.000052	0.000503	0.000052	0.017168	0.001775
20	U	3780	781313	743402	0.005085	65522	62	781230	2446	811726	775834	0.003153	59902	23	811636	0	0	0	nan	0	0	0	0.001932	0.000104	0.001932	0.000104	0.065943	0.003550
21	C	1123	781368	742954	0.001512	65526	62	781278	816	811745	775513	0.001052	59903	23	811651	0	0	0	nan	0	0	0	0.000459	0.000058	0.000459	0.000058	0.015667	0.001980
22	A	1282	781425	744562	0.001722	65528	62	781330	1046	811750	776970	0.001346	59903	23	811655	0	0	0	nan	0	0	0	0.000376	0.000064	0.000376	0.000064	0.012834	0.002184
23	U	3258	781437	736604	0.004423	65530	62	781333	2306	811756	770172	0.002994	59903	23	811656	0	0	0	nan	0	0	0	0.001429	0.000099	0.001429	0.000099	0.048774	0.003379
24	G	3920	781157	729241	0.005375	65533	62	781038	3680	811454	763259	0.004821	59903	23	811348	0	0	0	nan	0	0	0	0.000554	0.000117	0.000554	0.000117	0.018909	0.003993
25	C	1478	780870	715174	0.002067	65534	62	780741	1535	811080	757002	0.002028	59903	23	810969	0	0	0	nan	0	0	0	0.000039	0.000075	0.000039	0.000075	0.001331	0.002560
26	U	1889	780219	706575	0.002673	65545	62	780084	1512	810445	753719	0.002006	59903	23	810328	0	0	0	nan	0	0	0	0.000667	0.000080	0.000667	0.000080	0.022766	0.002731
27	C	10080	782326	698014	0.014441	65543	62	782171	2096	810122	756400	0.002771	59903	23	809994	0	0	0	nan	0	0	0	0.011670	0.000156	0.011670	0.000156	0.398318	0.005325
28	G	37527	781887	694242	0.054055	65544	62	781692	5715	809590	754184	0.007578	59903	22	809447	0	0	0	nan	0	0	0	0.046477	0.000296	0.046477	0.000296	1.586345	0.010103
29	G	18613	783485	699610	0.026605	65547	62	783258	7543	809383	753477	0.010011	59904	22	809224	0	0	0	nan	0	0	0	0.016594	0.000227	0.016594	0.000227	0.566383	0.007748
30	G	9106	785530	698999	0.013027	64550	62	785260	2681	809708	759550	0.003530	59551	20	809537	0	0	0	nan	0	0	0	0.009497	0.000153	0.009497	0.000153	0.324150	0.005222
31	U	16790	788593	703251	0.023875	64545	59	788297	2158	823470	776959	0.002777	59548	20	823253	0	0	0	nan	0	0	0	0.021097	0.000194	0.021097	0.000194	0.720079	0.006622
32	A	5770	790675	709158	0.008136	63290	58	790357	588	824646	786834	0.000747	59092	20	824412	0	0	0	nan	0	0	0	0.007389	0.000111	0.007389	0.000111	0.252200	0.003789
33	A	7237	790283	708408	0.010216	63289	58	789957	661	824325	785539	0.000841	59092	20	824087	0	0	0	nan	0	0	0	0.009374	0.000124	0.009374	0.000124	0.319952	0.004232
34	U	27330	789511	709368	0.038527	63292	57	789177	3814	823797	783611	0.004867	59092	20	823554	0	0	0	nan	0	0	0	0.033660	0.000246	0.033660	0.000246	1.148877	0.008396
35	C	12511	789296	704851	0.017750	63295	57	788953	935	823340	781092	0.001197	59091	20	823092	0	0	0	nan	0	0	0	0.016553	0.000163	0.016553	0.000163	0.564984	0.005563
36	G	18389	788462	718135	0.025607	63299	57	788107	6554	822524	781147	0.008390	59093	20	822265	0	0	0	nan	0	0	0	0.017216	0.000215	0.017216	0.000215	0.587613	0.007338
37	C	3148	787896	715403	0.004400	63298	57	787534	1516	821506	776262	0.001953	59090	20	821244	0	0	0	nan	0	0	0	0.002447	0.000093	0.002447	0.000093	0.083521	0.003174
38	U	5310	787591	717473	0.007401	63299	56	787218	2053	821228	776676	0.002643	59091	20	820957	0	0	0	nan	0	0	0	0.004758	0.000117	0.004758	0.000117	0.162399	0.003993
39	G	5983	787688	716503	0.008350	63300	56	787297	4739	821141	775275	0.006113	59092	20	820858	0	0	0	nan	0	0	0	0.002238	0.000140	0.002238	0.000140	0.076387	0.004778
40	C	2899	787616	720024	0.004026	63299	56	787207	2641	821033	777838	0.003395	59089	20	820735	0	0	0	nan	0	0	0	0.000631	0.000100	0.000631	0.000100	0.021537	0.003413
41	G	2893	787700	718210	0.004028	63302	56	787270	2903	821104	776493	0.003739	59087	20	820793	0	0	0	nan	0	0	0	0.000289	0.000102	0.000289	0.000102	0.009864	0.003481
42	G	6273	787747	718717	0.008728	63303	56	787294	8257	821312	777500	0.010620	59089	20	820988	0	0	0	nan	0	0	0	-0.001892	0.000161	-0.001892	0.000161	-0.064577	0.005495
43	C	1231	787747	720762	0.001708	63305	56	787285	1669	821295	780782	0.002138	59087	20	820962	0	0	0	nan	0	0	0	-0.000430	0.000071	-0.000430	0.000071	-0.014677	0.002423
44	C	3240	787677	713613	0.004540	63309	56	787208	1565	821398	783208	0.001998	59089	20	821059	0	0	0	nan	0	0	0	0.002542	0.000094	0.002542	0.000094	0.086763	0.003208
45	G	25110	787473	689689	0.036408	63316	56	787001	9253	821529	786006	0.011772	59088	20	821183	0	0	0	nan	0	0	0	0.024636	0.000260	0.024636	0.000260	0.840872	0.008874
46	G	38420	787220	686546	0.055961	63321	56	786738	13877	821538	786227	0.017650	59090	20	821191	0	0	0	nan	0	0	0	0.038311	0.000322	0.038311	0.000322	1.307624	0.010990
47	U	23719	786889	662689	0.035792	63323	56	786402	2524	821376	784120	0.003219	59084	20	821027	0	0	0	nan	0	0	0	0.032573	0.000241	0.032573	0.000241	1.111776	0.008226
48	U	49349	786348	682154	0.072343	63309	56	785848	1414	821247	784129	0.001803	59063	20	820893	0	0	0	nan	0	0	0	0.070540	0.000329	0.070540	0.000329	2.407659	0.011229
49	U	75362	785279	706519	0.106667	45737	41	784782	2486	820186	784259	0.003170	37154	5	819831	0	0	0	nan	0	0	0	0.103497	0.000394	0.103497	0.000394	3.532541	0.013448
50	C	8177	785047	716662	0.011410	45743	41	784542	1650	819960	783725	0.002105	37152	5	819600	0	0	0	nan	0	0	0	0.009305	0.000136	0.009305	0.000136	0.317597	0.004642
51	G	2798	784615	722753	0.003871	45652	40	784079	2892	819417	786627	0.003676	36999	5	819054	0	0	0	nan	0	0	0	0.000195	0.000100	0.000195	0.000100	0.006656	0.003413
52	G	10489	784093	723524	0.014497	44743	38	783554	9437	818956	785363	0.012016	35882	2	818587	0	0	0	nan	0	0	0	0.002481	0.000188	0.002481	0.000188	0.084681	0.006417
53	C	4059	783515	726286	0.005589	43994	36	782972	3545	818537	786648	0.004506	34893	1	818170	0	0	0	nan	0	0	0	0.001082	0.000116	0.001082	0.000116	0.036931	0.003959
54	C	2288	782486	727467	0.003145	43458	36	781929	2186	817705	786955	0.002778	34233	1	817335	0	0	0	nan	0	0	0	0.000367	0.000089	0.000367	0.000089	0.012526	0.003038
55	G	2761	780919	718660	0.003842	43142	37	780348	2574	816584	778432	0.003307	33905	1	816208	0	0	0	nan	0	0	0	0.000535	0.000098	0.000535	0.000098	0.018261	0.003345
56	U	1616	779895	713378	0.002265	42937	35	779316	1424	815856	774797	0.001838	33623	1	815477	0	0	0	nan	0	0	0	0.000427	0.000074	0.000427	0.000074	0.014574	0.002526
57	A	2581	779295	706261	0.003654	42909	35	778708	1086	815335	769975	0.001410	33577	1	814948	0	0	0	nan	0	0	0	0.002244	0.000084	0.002244	0.000084	0.076592	0.002867
58	G	9134	778868	705318	0.012950	42850	35	778266	1119	814883	765617	0.001462	33507	1	814491	0	0	0	nan	0	0	0	0.011489	0.000142	0.011489	0.000142	0.392141	0.004847
59	A	11862	778710	705925	0.016803	42816	35	778102	1533	814743	767870	0.001996	33436	1	814348	0	0	0	nan	0	0	0	0.014807	0.000162	0.014807	0.000162	0.505390	0.005529
60	G	30670	778793	708556	0.043285	42801	35	778180	2906	814790	769792	0.003775	33416	1	814391	0	0	0	nan	0	0	0	0.039510	0.000257	0.039510	0.000257	1.348548	0.008772
61	G	49455	778827	717876	0.068891	42801	35	778204	6223	814899	777923	0.008000	33416	1	814494	0	0	0	nan	0	0	0	0.060891	0.000326	0.060891	0.000326	2.078321	0.011127
62	A	28137	779046	715078	0.039348	42808	35	778412	1833	815117	778360	0.002355	33420	1	814707	0	0	0	nan	0	0	0	0.036993	0.000241	0.036993	0.000241	1.262638	0.008226
63	A	9797	779096	725131	0.013511	42809	35	778455	739	815267	780399	0.000947	33420	1	814855	0	0	0	nan	0	0	0	0.012564	0.000141	0.012564	0.000141	0.428832	0.004813
64	A	1996	778730	727596	0.002743	42811	35	778085	683	815011	784533	0.000871	33421	1	814598	0	0	0	nan	0	0	0	0.001873	0.000070	0.001873	0.000070	0.063929	0.002389
65	G	5405	778111	720877	0.007498	42811	33	777462	1791	814844	782215	0.002290	33421	1	814430	0	0	0	nan	0	0	0	0.005208	0.000115	0.005208	0.000115	0.177759	0.003925
66	U	24641	777869	728455	0.033826	42820	32	777215	17242	814681	785388	0.021953	33421	1	814266	0	0	0	nan	0	0	0	0.011873	0.000273	0.011873	0.000273	0.405247	0.009318
67	C	4295	777684	730730	0.005878	42843	32	777020	1106	814622	785744	0.001408	33420	1	814205	0	0	0	nan	0	0	0	0.004470	0.000099	0.004470	0.000099	0.152569	0.003379
68	C	2220	777303	732742	0.003030	43033	30	776633	974	814406	787481	0.001237	33427	1	813983	0	0	0	nan	0	0	0	0.001793	0.000076	0.001793	0.000076	0.061198	0.002594
69	A	11340	776501	722974	0.015685	43033	30	775820	1432	814009	785542	0.001823	33426	1	813584	0	0	0	nan	0	0	0	0.013862	0.000155	0.013862	0.000155	0.473135	0.005290
70	U	43769	775938	731120	0.059866	43032	30	775250	2442	813804	786049	0.003107	33426	1	813369	0	0	0	nan	0	0	0	0.056759	0.000293	0.056759	0.000293	1.937288	0.010001
71	G	13344	775367	734407	0.018170	43038	28	774672	4069	813569	785144	0.005182	33426	1	813126	0	0	0	nan	0	0	0	0.012987	0.000177	0.012987	0.000177	0.443270	0.006041
72	C	4221	774884	726601	0.005809	43051	25	774177	4100	813268	782187	0.005242	33425	1	812823	0	0	0	nan	0	0	0	0.000568	0.000121	0.000568	0.000121	0.019387	0.004130
73	U	6641	774020	727028	0.009134	43050	24	773305	3178	812982	782009	0.004064	33425	1	812533	0	0	0	nan	0	0	0	0.005071	0.000133	0.005071	0.000133	0.173082	0.004540
74	C	4642	773878	725342	0.006400	42599	24	773157	1449	812954	781330	0.001855	33297	1	812500	0	0	0	nan	0	0	0	0.004545	0.000106	0.004545	0.000106	0.155129	0.003618
75	G	13775	773646	725976	0.018974	42604	22	772914	6355	812837	780739	0.008140	33297	1	812378	0	0	0	nan	0	0	0	0.010835	0.000191	0.010835	0.000191	0.369818	0.006519
76	C	3190	773402	719549	0.004433	42367	21	772662	1065	812688	777719	0.001369	33227	1	812227	0	0	0	nan	0	0	0	0.003064	0.000089	0.003064	0.000089	0.104580	0.003038
77	A	6125	773413	718948	0.008519	42116	21	772642	1055	812850	778299	0.001356	33139	1	812372	0	0	0	nan	0	0	0	0.007164	0.000117	0.007164	0.000117	0.244520	0.003993
78	C	8315	773564	722940	0.011502	42116	20	772776	1191	812949	782105	0.001523	33139	1	812455	0	0	0	nan	0	0	0	0.009979	0.000134	0.009979	0.000134	0.340601	0.004574
79	G	11469	773686	723323	0.015856	42115	19	772882	8065	813214	783796	0.010290	33139	1	812699	0	0	0	nan	0	0	0	0.005566	0.000187	0.005566	0.000187	0.189978	0.006383
80	G	6084	773237	697186	0.008727	42114	18	772416	3979	812978	779487	0.005105	33139	1	812454	0	0	0	nan	0	0	0	0.003622	0.000138	0.003622	0.000138	0.123625	0.004710
81	U	78141	772782	717180	0.108956	42145	17	771947	2424	812770	776393	0.003122	33138	1	812239	0	0	0	nan	0	0	0	0.105834	0.000395	0.105834	0.000395	3.612307	0.013482
82	G	7301	772692	718548	0.010161	42120	17	771847	4661	812632	777326	0.005996	33131	1	812095	0	0	0	nan	0	0	0	0.004165	0.000148	0.004165	0.000148	0.142159	0.005052
83	C	3760	772419	717698	0.005239	42117	17	771570	1483	812456	776155	0.001911	33130	1	811914	0	0	0	nan	0	0	0	0.003328	0.000099	0.003328	0.000099	0.113591	0.003379
84	U	9856	771954	716574	0.013754	42115	17	771094	2110	811975	777765	0.002713	33129	1	811428	0	0	0	nan	0	0	0	0.011041	0.000151	0.011041	0.000151	0.376849	0.005154
85	G	13231	771807	712237	0.018577	41980	17	770936	1929	811823	774080	0.002492	33088	1	811272	0	0	0	nan	0	0	0	0.016085	0.000171	0.016085	0.000171	0.549010	0.005837
86	A	10076	771463	719236	0.014009	41962	17	770584	1942	811444	777121	0.002499	33080	1	810890	0	0	0	nan	0	0	0	0.011510	0.000151	0.011510	0.000151	0.392857	0.005154
87	G	3237	771471	713584	0.004536	41951	15	770582	1189	811508	772895	0.001538	33079	1	810941	0	0	0	nan	0	0	0	0.002998	0.000091	0.002998	0.000091	0.102327	0.003106
88	A	5581	771660	717309	0.007780	42064	16	770748	1273	811616	777758	0.001637	33081	1	811041	0	0	0	nan	0	0	0	0.006144	0.000114	0.006144	0.000114	0.209706	0.003891
89	U	33445	771717	725309	0.046111	42057	16	770793	1624	811763	778123	0.002087	33081	1	811179	0	0	0	nan	0	0	0	0.044024	0.000257	0.044024	0.000257	1.502619	0.008772
90	G	6731	771967	727417	0.009253	42058	16	771034	4007	811939	781483	0.005127	33081	1	811344	0	0	0	nan	0	0	0	0.004126	0.000139	0.004126	0.000139	0.140828	0.004744
91	C	6182	772108	724659	0.008531	42060	15	771165	6440	812120	779905	0.008257	33081	1	811511	0	0	0	nan	0	0	0	0.000273	0.000150	0.000273	0.000150	0.009318	0.005120
92	C	1953	772090	727865	0.002683	42058	14	771137	1372	812170	783062	0.001752	33081	1	811556	0	0	0	nan	0	0	0	0.000931	0.000077	0.000931	0.000077	0.031777	0.002628
93	C	3933	771988	728082	0.005402	42063	14	771014	2573	812168	783043	0.003286	33081	1	811546	0	0	0	nan	0	0	0	0.002116	0.000108	0.002116	0.000108	0.072223	0.003686
94	G	9617	771693	720135	0.013354	42081	14	770711	3721	812255	783925	0.004747	33081	1	811622	0	0	0	nan	0	0	0	0.008608	0.000157	0.008608	0.000157	0.293807	0.005359
95	U	18512	771631	725523	0.025515	42103	14	770644	3750	812154	781508	0.004798	33081	1	811518	0	0	0	nan	0	0	0	0.020717	0.000203	0.020717	0.000203	0.707109	0.006929
96	A	10903	771766	722989	0.015080	42115	14	770759	1773	812292	781320	0.002269	33081	1	811648	0	0	0	nan	0	0	0	0.012811	0.000154	0.012811	0.000154	0.437263	0.005256
97	G	11756	771884	719574	0.016337	42223	14	770863	2675	812380	782591	0.003418	33081	1	811734	0	0	0	nan	0	0	0	0.012919	0.000165	0.012919	0.000165	0.440949	0.005632
98	U	28617	771962	731329	0.039130	42414	14	770921	3017	812436	785203	0.003842	33082	1	811788	0	0	0	nan	0	0	0	0.035288	0.000242	0.035288	0.000242	1.204444	0.008260
99	G	5727	771926	730633	0.007838	42432	14	770877	2393	812448	786525	0.003042	33082	1	811797	0	0	0	nan	0	0	0	0.004796	0.000121	0.004796	0.000121	0.163696	0.004130
100	U	6137	771877	727822	0.008432	42448	14	770825	3398	812414	783697	0.004336	33082	1	811761	0	0	0	nan	0	0	0	0.004096	0.000131	0.004096	0.000131	0.139804	0.004471
101	U	3695	771662	721455	0.005122	42459	14	770606	1248	812227	781728	0.001596	33082	1	811569	0	0	0	nan	0	0	0	0.003525	0.000096	0.003525	0.000096	0.120315	0.003277
102	C	4510	771426	701661	0.006428	42461	14	770367	1486	812093	781889	0.001901	33082	1	811432	0	0	0	nan	0	0	0	0.004527	0.000108	0.004527	0.000108	0.154515	0.003686
103	G	28605	771413	682156	0.041933	42461	14	770345	1685	812142	781186	0.002157	33082	1	811471	0	0	0	nan	0	0	0	0.039776	0.000253	0.039776	0.000253	1.357627	0.008635
104	U	63518	771385	718476	0.088407	42466	14	770310	2672	812132	783325	0.003411	33081	1	811458	0	0	0	nan	0	0	0	0.084995	0.000357	0.084995	0.000357	2.901034	0.012185
105	G	27829	771615	724254	0.038424	42515	15	770516	2839	812271	782937	0.003626	33082	1	811592	0	0	0	nan	0	0	0	0.034798	0.000240	0.034798	0.000240	1.187719	0.008192
106	G	14725	771771	730338	0.020162	42520	15	770663	5389	812433	785353	0.006862	33082	1	811747	0	0	0	nan	0	0	0	0.013300	0.000191	0.013300	0.000191	0.453953	0.006519
107	A	9134	771903	730274	0.012508	42520	15	770788	954	812521	784108	0.001217	33076	1	811831	0	0	0	nan	0	0	0	0.011291	0.000137	0.011291	0.000137	0.385382	0.004676
108	A	3986	771777	733516	0.005434	42526	15	770658	519	812439	784094	0.000662	33073	1	811747	0	0	0	nan	0	0	0	0.004772	0.000091	0.004772	0.000091	0.162877	0.003106
109	A	1346	771206	731158	0.001841	42571	15	770077	755	812093	782706	0.000965	33074	1	811398	0	0	0	nan	0	0	0	0.000876	0.000061	0.000876	0.000061	0.029899	0.002082
110	C	3139	770698	734369	0.004274	42568	15	769566	1328	811760	786776	0.001688	33073	1	811064	0	0	0	nan	0	0	0	0.002587	0.000089	0.002587	0.000089	0.088299	0.003038
111	A	1574	770222	734747	0.002142	42568	15	769087	815	811563	787306	0.001035	33073	1	810864	0	0	0	nan	0	0	0	0.001107	0.000065	0.001107	0.000065	0.037784	0.002219
112	C	2572	769951	733221	0.003508	42570	15	768810	1406	811347	786553	0.001788	33074	1	810647	0	0	0	nan	0	0	0	0.001720	0.000084	0.001720	0.000084	0.058707	0.002867
113	G	5725	769561	725736	0.007889	42567	13	768417	2152	811059	780156	0.002758	33074	1	810359	0	0	0	nan	0	0	0	0.005130	0.000120	0.005130	0.000120	0.175096	0.004096
114	A	5376	769249	721186	0.007454	42569	13	768101	1085	810837	778176	0.001394	33074	1	810136	0	0	0	nan	0	0	0	0.006060	0.000110	0.006060	0.000110	0.206839	0.003755
115	G	6152	769086	717229	0.008577	42583	11	767929	4536	810744	773790	0.005862	33074	1	810036	0	0	0	nan	0	0	0	0.002715	0.000140	0.002715	0.000140	0.092668	0.004778
116	C	4453	769006	721811	0.006169	42599	11	767845	2133	810670	779740	0.002736	33074	1	809961	0	0	0	nan	0	0	0	0.003434	0.000110	0.003434	0.000110	0.117209	0.003755
117	G	4787	769229	717627	0.006671	42601	11	768058	1887	810766	777316	0.002428	33077	1	810052	0	0	0	nan	0	0	0	0.004243	0.000111	0.004243	0.000111	0.144821	0.003789
118	A	13097	769318	717931	0.018243	42601	10	768143	1396	810830	781326	0.001787	33077	1	810112	0	0	0	nan	0	0	0	0.016456	0.000166	0.016456	0.000166	0.561673	0.005666
119	G	56146	769677	718437	0.078150	42605	10	768493	31142	811149	780539	0.039898	33077	1	810416	0	0	0	nan	0	0	0	0.038252	0.000400	0.038252	0.000400	1.305610	0.013653
120	A	18647	770292	716543	0.026024	42648	9	769089	925	811589	782894	0.001182	33076	1	810851	0	0	0	nan	0	0	0	0.024842	0.000194	0.024842	0.000194	0.847903	0.006622
121	A	7624	770668	712418	0.010702	42662	9	769454	437	812040	781722	0.000559	33076	1	811289	0	0	0	nan	0	0	0	0.010143	0.000125	0.010143	0.000125	0.346199	0.004266
122	A	18287	770673	715214	0.025569	42664	8	769445	1936	812129	780056	0.002482	33076	1	811369	0	0	0	nan	0	0	0	0.023087	0.000197	0.023087	0.000197	0.788001	0.006724
123	C	4790	770891	704307	0.006801	42736	7	769612	2553	812015	777184	0.003285	33076	1	811243	0	0	0	nan	0	0	0	0.003516	0.000118	0.003516	0.000118	0.120007	0.004028
124	C	2553	770716	705285	0.003620	42730	7	769420	1274	811871	777448	0.001639	33076	1	811091	0	0	0	nan	0	0	0	0.001981	0.000085	0.001981	0.000085	0.067615	0.002901
125	C	14943	770291	703170	0.021251	42728	7	768977	3330	811713	779049	0.004274	33075	1	810915	0	0	0	nan	0	0	0	0.016976	0.000189	0.016976	0.000189	0.579422	0.006451
126	A	12348	769686	660069	0.018707	42699	7	768347	988	811458	777145	0.001271	33065	1	810639	0	0	0	nan	0	0	0	0.017436	0.000173	0.017436	0.000173	0.595122	0.005905
127	A	36794	769131	683047	0.053867	42723	7	767785	571	811101	770168	0.000741	33064	1	810262	0	0	0	nan	0	0	0	0.053126	0.000283	0.053126	0.000283	1.813287	0.009659
128	A	12188	768495	665175	0.018323	42819	7	767127	706	810568	765251	0.000923	33061	1	809720	0	0	0	nan	0	0	0	0.017400	0.000170	0.017400	0.000170	0.593894	0.005802
129	U	63138	767754	655081	0.096382	42810	7	766381	1373	810208	768147	0.001787	33060	1	809355	0	0	0	nan	0	0	0	0.094595	0.000387	0.094595	0.000387	3.228700	0.013209
130	G	23731	767693	666164	0.035623	42789	7	766308	1152	810018	771789	0.001493	33059	1	809158	0	0	0	nan	0	0	0	0.034131	0.000235	0.034131	0.000235	1.164953	0.008021
131	A	18741	767547	675770	0.027733	42784	7	766155	925	809826	775044	0.001193	33057	1	808964	0	0	0	nan	0	0	0	0.026539	0.000206	0.026539	0.000206	0.905824	0.007031
132	U	46967	767463	690479	0.068021	42789	7	766061	1481	809796	776096	0.001908	33057	1	808927	0	0	0	nan	0	0	0	0.066113	0.000318	0.066113	0.000318	2.256557	0.010854
133	G	15323	767895	696101	0.022013	42843	7	766465	3933	809988	772964	0.005088	33050	1	809112	0	0	0	nan	0	0	0	0.016924	0.000195	0.016924	0.000195	0.577647	0.006656
134	G	10633	768092	687891	0.015457	42830	7	766650	2471	810339	772910	0.003197	33047	1	809457	0	0	0	nan	0	0	0	0.012260	0.000163	0.012260	0.000163	0.418456	0.005563
135	U	28262	768009	684564	0.041285	42781	6	766563	968	810369	769156	0.001259	33027	1	809485	0	0	0	nan	0	0	0	0.040026	0.000249	0.040026	0.000249	1.366160	0.008499
136	A	14040	768141	686282	0.020458	42771	6	766691	974	810411	768938	0.001267	33028	1	809523	0	0	0	nan	0	0	0	0.019191	0.000177	0.019191	0.000177	0.655024	0.006041
137	G	35309	768493	703681	0.050178	42785	6	767031	5952	810538	772260	0.007707	33034	1	809645	0	0	0	nan	0	0	0	0.042470	0.000285	0.042470	0.000285	1.449578	0.009728
138	G	14414	768497	712300	0.020236	42799	6	767021	7446	810458	775828	0.009597	33034	1	809557	0	0	0	nan	0	0	0	0.010638	0.000202	0.010638	0.000202	0.363094	0.006895
139	G	6855	768274	712513	0.009621	42798	6	766787	3526	810084	773914	0.004556	33032	1	809179	0	0	0	nan	0	0	0	0.005065	0.000139	0.005065	0.000139	0.172878	0.004744
140	G	16265	767758	706404	0.023025	42793	6	766266	8577	809630	767445	0.011176	33029	1	808720	0	0	0	nan	0	0	0	0.011849	0.000217	0.011849	0.000217	0.404428	0.007407
141	C	7415	767266	692568	0.010707	42711	5	765766	1796	809344	760300	0.002362	33024	1	808428	0	0	0	nan	0	0	0	0.008344	0.000136	0.008344	0.000136	0.284796	0.004642
142	A	36893	766945	698911	0.052786	42596	5	765443	1097	809005	757146	0.001449	33010	0	808085	0	0	0	nan	0	0	0	0.051338	0.000278	0.051338	0.000278	1.752259	0.009489
143	C	2579	766903	700727	0.003680	42572	4	765392	1897	808902	755882	0.002510	33012	0	807978	0	0	0	nan	0	0	0	0.001171	0.000093	0.001171	0.000093	0.039968	0.003174
144	C	7049	766827	709346	0.009937	42563	4	765287	4741	808810	761824	0.006223	33012	0	807875	0	0	0	nan	0	0	0	0.003714	0.000149	0.003714	0.000149	0.126766	0.005086
145	U	5272	766952	709457	0.007431	42562	4	765398	3856	808919	761851	0.005061	33012	0	807980	0	0	0	nan	0	0	0	0.002370	0.000131	0.002370	0.000131	0.080892	0.004471
146	U	10685	767258	711010	0.015028	42560	4	765679	8138	809149	764839	0.010640	33012	0	808192	0	0	0	nan	0	0	0	0.004388	0.000187	0.004388	0.000187	0.149770	0.006383
147	C	3683	767472	711385	0.005177	42559	4	765862	3757	809292	763658	0.004920	33012	0	808320	0	0	0	nan	0	0	0	0.000257	0.000117	0.000257	0.000117	0.008772	0.003993
148	C	1244	767704	714554	0.001741	42519	4	766047	1027	809545	766675	0.001340	32996	0	808540	0	0	0	nan	0	0	0	0.000401	0.000065	0.000401	0.000065	0.013687	0.002219
149	C	1781	767945	717825	0.002481	42520	4	766250	1083	809872	768393	0.001409	32996	0	808822	0	0	0	nan	0	0	0	0.001072	0.000073	0.001072	0.000073	0.036589	0.002492
150	G	2217	768236	715420	0.003099	42523	4	766484	1050	810163	770983	0.001362	32995	0	809067	0	0	0	nan	0	0	0	0.001737	0.000078	0.001737	0.000078	0.059287	0.002662
151	A	4151	768410	710272	0.005844	42522	4	766627	954	810381	769986	0.001239	32995	0	809234	0	0	0	nan	0	0	0	0.004605	0.000099	0.004605	0.000099	0.157177	0.003379
152	A	4839	768524	709064	0.006824	42525	3	766719	1359	810546	770334	0.001764	32996	0	809382	0	0	0	nan	0	0	0	0.005060	0.000109	0.005060	0.000109	0.172707	0.003720
153	G	6155	768686	709886	0.008670	42534	3	766867	3204	810652	770544	0.004158	32996	0	809480	0	0	0	nan	0	0	0	0.004512	0.000133	0.004512	0.000133	0.154003	0.004540
154	G	6468	768713	710410	0.009105	42534	3	766887	2229	810612	771707	0.002888	32996	0	809439	0	0	0	nan	0	0	0	0.006216	0.000129	0.006216	0.000129	0.212163	0.004403
155	A	9035	768654	693868	0.013021	42531	3	766821	1263	810622	770151	0.001640	32996	0	809447	0	0	0	nan	0	0	0	0.011381	0.000145	0.011381	0.000145	0.388454	0.004949
156	A	16251	768524	707083	0.022983	42531	3	766683	537	810503	771749	0.000696	32995	0	809325	0	0	0	nan	0	0	0	0.022287	0.000183	0.022287	0.000183	0.760696	0.006246
157	A	10296	768415	701004	0.014688	42533	3	766566	548	810293	769390	0.000712	32998	0	809109	0	0	0	nan	0	0	0	0.013975	0.000148	0.013975	0.000148	0.476992	0.005052
158	U	34412	767971	710187	0.048455	42534	3	766118	2305	809930	771369	0.002988	32998	0	808745	0	0	0	nan	0	0	0	0.045467	0.000269	0.045467	0.000269	1.551872	0.009181
159	G	8617	767871	710420	0.012129	42537	3	766012	1234	809832	767338	0.001608	32998	0	808643	0	0	0	nan	0	0	0	0.010521	0.000138	0.010521	0.000138	0.359101	0.004710
160	A	5491	767745	709495	0.007739	42536	3	765886	959	809706	764568	0.001254	32999	0	808515	0	0	0	nan	0	0	0	0.006485	0.000112	0.006485	0.000112	0.221345	0.003823
161	A	2397	767447	706550	0.003393	42535	3	765585	610	809498	762261	0.000800	32998	0	808304	0	0	0	nan	0	0	0	0.002592	0.000076	0.002592	0.000076	0.088470	0.002594
162	C	3516	767172	710038	0.004952	42539	3	765306	1340	809323	764869	0.001752	32999	0	808125	0	0	0	nan	0	0	0	0.003200	0.000096	0.003200	0.000096	0.109222	0.003277
163	G	5214	767176	714952	0.007293	42539	3	765300	2425	809319	769812	0.003150	32999	0	808118	0	0	0	nan	0	0	0	0.004143	0.000120	0.004143	0.000120	0.141408	0.004096
164	G	7828	767038	709992	0.011025	42561	3	765152	2183	809218	765777	0.002851	33006	0	808013	0	0	0	nan	0	0	0	0.008175	0.000139	0.008175	0.000139	0.279028	0.004744
165	A	8641	766718	710573	0.012161	42557	3	764832	4952	808935	765650	0.006468	33008	0	807726	0	0	0	nan	0	0	0	0.005693	0.000160	0.005693	0.000160	0.194312	0.005461
166	G	11051	766794	711764	0.015526	42818	4	764896	12210	808979	769839	0.015860	33240	1	807759	0	0	0	nan	0	0	0	-0.000334	0.000206	-0.000334	0.000206	-0.011400	0.007031
167	G	12500	766741	720714	0.017344	42850	4	764824	12433	808966	776872	0.016004	33271	1	807729	0	0	0	nan	0	0	0	0.001340	0.000211	0.001340	0.000211	0.045737	0.007202
168	G	4896	766578	718196	0.006817	42870	4	764648	3239	808776	775403	0.004177	33277	1	807530	0	0	0	nan	0	0	0	0.002640	0.000122	0.002640	0.000122	0.090108	0.004164
169	A	1659	766309	716814	0.002314	42869	4	764358	1342	808473	772946	0.001736	33277	1	807216	0	0	0	nan	0	0	0	0.000578	0.000074	0.000578	0.000074	0.019728	0.002526
170	A	3063	766052	717975	0.004266	42874	4	764084	2134	808142	772513	0.002762	33278	1	806870	0	0	0	nan	0	0	0	0.001504	0.000098	0.001504	0.000098	0.051334	0.003345
171	G	4775	765622	719406	0.006637	42879	4	763652	3514	807742	774923	0.004535	33279	1	806463	0	0	0	nan	0	0	0	0.002103	0.000123	0.002103	0.000123	0.071779	0.004198
172	G	3107	765194	718361	0.004325	42879	4	763214	1543	807244	774367	0.001993	33279	1	805959	0	0	0	nan	0	0	0	0.002333	0.000093	0.002333	0.000093	0.079630	0.003174
173	A	3264	764791	711508	0.004587	42880	4	762803	1152	806868	769929	0.001496	33280	1	805580	0	0	0	nan	0	0	0	0.003091	0.000092	0.003091	0.000092	0.105501	0.003140
174	C	1530	764509	712727	0.002147	42884	4	762516	827	806621	769249	0.001075	33281	1	805329	0	0	0	nan	0	0	0	0.001072	0.000066	0.001072	0.000066	0.036589	0.002253
175	A	2438	764351	716260	0.003404	42886	4	762353	1770	806405	772322	0.002292	33281	1	805113	0	0	0	nan	0	0	0	0.001112	0.000088	0.001112	0.000088	0.037955	0.003004
176	G	5943	764233	722140	0.008230	42887	4	762226	3576	806226	775753	0.004610	33281	1	804930	0	0	0	nan	0	0	0	0.003620	0.000132	0.003620	0.000132	0.123557	0.004505
177	G	8646	764039	715980	0.012076	42889	7	762021	7028	806006	772052	0.009103	33281	1	804706	0	0	0	nan	0	0	0	0.002973	0.000169	0.002973	0.000169	0.101474	0.005768
178	C	4197	763543	711822	0.005896	42893	8	761521	2013	805665	771333	0.002610	33281	1	804358	0	0	0	nan	0	0	0	0.003286	0.000108	0.003286	0.000108	0.112157	0.003686
179	G	8241	763363	706318	0.011668	42884	8	761327	4199	805556	771385	0.005443	33280	1	804242	0	0	0	nan	0	0	0	0.006224	0.000154	0.006224	0.000154	0.212436	0.005256
180	G	9677	762949	700438	0.013816	42888	8	760909	9874	805189	770698	0.012812	33280	1	803867	0	0	0	nan	0	0	0	0.001004	0.000191	0.001004	0.000191	0.034268	0.006519
181	C	12911	762121	700949	0.018419	42886	8	760072	4138	804509	769213	0.005380	33283	1	803181	0	0	0	nan	0	0	0	0.013040	0.000182	0.013040	0.000182	0.445079	0.006212
182	G	14154	761489	695459	0.020352	42876	8	759434	5865	803981	765989	0.007657	33273	1	802643	0	0	0	nan	0	0	0	0.012695	0.000198	0.012695	0.000198	0.433303	0.006758
183	C	8166	761089	690441	0.011827	43013	9	759018	1003	803600	766204	0.001309	33286	1	802255	0	0	0	nan	0	0	0	0.010518	0.000137	0.010518	0.000137	0.358999	0.004676
184	A	14402	760359	677264	0.021265	43000	9	758276	825	802926	761564	0.001083	33281	1	801577	0	0	0	nan	0	0	0	0.020182	0.000181	0.020182	0.000181	0.688848	0.006178
185	U	86023	759805	700748	0.122759	43002	9	757707	2608	802487	762878	0.003419	33282	1	801126	0	0	0	nan	0	0	0	0.119340	0.000424	0.119340	0.000424	4.073292	0.014472
186	G	8261	760193	706586	0.011691	43003	10	758061	5564	802607	761683	0.007305	33280	1	801239	0	0	0	nan	0	0	0	0.004387	0.000162	0.004387	0.000162	0.149736	0.005529
187	C	3246	760258	707828	0.004586	43006	10	758107	2549	802567	764381	0.003335	33280	1	801181	0	0	0	nan	0	0	0	0.001251	0.000104	0.001251	0.000104	0.042699	0.003550
188	A	2956	760072	707394	0.004179	42992	11	757902	874	802454	763149	0.001145	33277	1	801045	0	0	0	nan	0	0	0	0.003033	0.000086	0.003033	0.000086	0.103522	0.002935
189	G	5699	760024	703525	0.008101	43002	11	757837	4138	802321	762735	0.005425	33278	1	800898	0	0	0	nan	0	0	0	0.002675	0.000136	0.002675	0.000136	0.091303	0.004642
190	C	3097	759777	702090	0.004411	43014	11	757572	2716	802036	761218	0.003568	33280	1	800600	0	0	0	nan	0	0	0	0.000843	0.000105	0.000843	0.000105	0.028773	0.003584
191	C	2896	759439	701603	0.004128	43038	12	757209	2653	801639	762039	0.003481	33280	1	800193	0	0	0	nan	0	0	0	0.000646	0.000102	0.000646	0.000102	0.022049	0.003481
192	U	5635	759292	703267	0.008013	43152	14	757030	4002	801540	763606	0.005241	33279	1	800066	0	0	0	nan	0	0	0	0.002772	0.000135	0.002772	0.000135	0.094613	0.004608
193	G	7168	759168	707934	0.010125	43268	18	756879	1917	801375	766968	0.002499	33279	1	799886	0	0	0	nan	0	0	0	0.007626	0.000133	0.007626	0.000133	0.260289	0.004540
194	U	5217	758843	706704	0.007382	43313	19	756537	2801	800817	764041	0.003666	33279	1	799318	0	0	0	nan	0	0	0	0.003716	0.000123	0.003716	0.000123	0.126834	0.004198
195	A	6518	758586	698113	0.009337	43399	22	756245	1309	800654	763697	0.001714	33279	1	799118	0	0	0	nan	0	0	0	0.007623	0.000125	0.007623	0.000125	0.260187	0.004266
196	G	14704	758458	695219	0.021150	43443	24	756104	1370	800531	762439	0.001797	33279	1	798988	0	0	0	nan	0	0	0	0.019353	0.000181	0.019353	0.000181	0.660553	0.006178
197	A	12422	758181	682481	0.018201	43486	24	755816	1022	800243	763287	0.001339	33279	1	798687	0	0	0	nan	0	0	0	0.016862	0.000169	0.016862	0.000169	0.575531	0.005768
198	U	50095	758029	687490	0.072867	43504	25	755658	1283	800132	760474	0.001687	33279	1	798571	0	0	0	nan	0	0	0	0.071179	0.000329	0.071179	0.000329	2.429469	0.011229
199	A	7324	758227	688598	0.010636	43529	26	755843	880	800213	762150	0.001155	33279	1	798637	0	0	0	nan	0	0	0	0.009481	0.000130	0.009481	0.000130	0.323604	0.004437
200	G	27319	758278	668465	0.040868	43540	26	755881	1262	800284	756802	0.001668	33280	1	798702	0	0	0	nan	0	0	0	0.039201	0.000252	0.039201	0.000252	1.338002	0.008601
201	A	15075	758272	663949	0.022705	43551	26	755867	866	800213	751314	0.001153	33278	1	798617	0	0	0	nan	0	0	0	0.021552	0.000189	0.021552	0.000189	0.735609	0.006451
202	U	64722	758378	684592	0.094541	43553	26	755964	1731	800453	751283	0.002304	33277	1	798844	0	0	0	nan	0	0	0	0.092237	0.000376	0.092237	0.000376	3.148217	0.012834
203	G	4323	759042	684277	0.006318	43574	26	756609	1447	800659	757852	0.001909	33279	1	799034	0	0	0	nan	0	0	0	0.004408	0.000108	0.004408	0.000108	0.150453	0.003686
204	A	11419	759388	687167	0.016618	43572	26	756934	1584	800752	756526	0.002094	33279	1	799120	0	0	0	nan	0	0	0	0.014524	0.000164	0.014524	0.000164	0.495731	0.005598
205	U	22968	759764	686574	0.033453	43572	26	757283	2168	800858	751724	0.002884	33278	1	799207	0	0	0	nan	0	0	0	0.030569	0.000229	0.030569	0.000229	1.043376	0.007816
206	U	16090	760271	691762	0.023259	43571	27	757742	1779	800998	751567	0.002367	33278	1	799325	0	0	0	nan	0	0	0	0.020892	0.000192	0.020892	0.000192	0.713082	0.006553
207	A	5404	760768	691358	0.007817	43565	27	758174	768	801128	753273	0.001020	33277	1	799392	0	0	0	nan	0	0	0	0.006797	0.000113	0.006797	0.000113	0.231994	0.003857
208	C	7505	760851	691738	0.010849	43568	27	758217	1364	800970	752681	0.001812	33278	1	799210	0	0	0	nan	0	0	0	0.009037	0.000135	0.009037	0.000135	0.308449	0.004608
209	C	23208	760893	696403	0.033326	43569	28	758215	982	800835	751769	0.001306	33278	1	799046	0	0	0	nan	0	0	0	0.032019	0.000223	0.032019	0.000223	1.092867	0.007611
210	G	15014	760974	687804	0.021829	43571	28	758249	7983	800746	744318	0.010725	33276	1	798920	0	0	0	nan	0	0	0	0.011104	0.000215	0.011104	0.000215	0.379000	0.007338
211	C	3438	760841	684432	0.005023	43570	29	758031	1853	800373	739980	0.002504	33277	1	798474	0	0	0	nan	0	0	0	0.002519	0.000104	0.002519	0.000104	0.085978	0.003550
212	C	4363	760652	684597	0.006373	43548	30	757772	1061	799855	738697	0.001436	33271	0	797900	0	0	0	nan	0	0	0	0.004937	0.000106	0.004937	0.000106	0.168509	0.003618
213	G	10098	760997	692362	0.014585	43545	30	757957	4886	800174	744447	0.006563	33271	0	798070	0	0	0	nan	0	0	0	0.008022	0.000173	0.008022	0.000173	0.273805	0.005905
214	G	9260	761289	693168	0.013359	43545	29	758122	2606	800286	743942	0.003503	33271	0	798069	0	0	0	nan	0	0	0	0.009856	0.000155	0.009856	0.000155	0.336403	0.005290
215	A	3948	761062	694006	0.005689	43541	29	757780	1612	799806	744928	0.002164	33270	0	797510	0	0	0	nan	0	0	0	0.003525	0.000105	0.003525	0.000105	0.120315	0.003584
216	G	3344	761382	688897	0.004854	43533	29	758029	1782	799870	737594	0.002416	33265	0	797528	0	0	0	nan	0	0	0	0.002438	0.000102	0.002438	0.000102	0.083213	0.003481
217	U	4669	761539	694763	0.006720	43532	29	758159	2380	799790	741226	0.003211	33264	0	797424	0	0	0	nan	0	0	0	0.003509	0.000118	0.003509	0.000118	0.119769	0.004028
218	A	1609	761506	689187	0.002335	43534	30	758108	701	799668	734653	0.000954	33264	0	797284	0	0	0	nan	0	0	0	0.001380	0.000068	0.001380	0.000068	0.047102	0.002321
219	C	3681	761512	696405	0.005286	43535	30	758101	957	799493	745708	0.001283	33264	0	797097	0	0	0	nan	0	0	0	0.004002	0.000096	0.004002	0.000096	0.136596	0.003277
220	G	7844	761934	684198	0.011465	43534	30	758492	1161	799699	733078	0.001584	33264	0	797278	0	0	0	nan	0	0	0	0.009881	0.000138	0.009881	0.000138	0.337257	0.004710
221	A	3692	761849	689585	0.005354	43534	30	758377	1669	799392	742051	0.002249	33263	0	796943	0	0	0	nan	0	0	0	0.003105	0.000104	0.003105	0.000104	0.105979	0.003550
222	G	4286	762641	677362	0.006327	43537	31	759137	2358	799907	734460	0.003211	33263	0	797416	0	0	0	nan	0	0	0	0.003117	0.000117	0.003117	0.000117	0.106389	0.003993
223	G	10299	762906	674768	0.015263	43537	32	759372	10021	799971	733228	0.013667	33262	0	797444	0	0	0	nan	0	0	0	0.001596	0.000203	0.001596	0.000203	0.054474	0.006929
224	C	3436	763077	674849	0.005092	43538	35	759517	1825	800018	733451	0.002488	33283	1	797461	0	0	0	nan	0	0	0	0.002603	0.000105	0.002603	0.000105	0.088845	0.003584
225	G	8579	763499	670905	0.012787	43530	36	759914	8244	800370	732230	0.011259	33283	1	797792	0	0	0	nan	0	0	0	0.001528	0.000186	0.001528	0.000186	0.052153	0.006349
226	C	21475	763899	670388	0.032034	43525	36	760290	4432	800801	742044	0.005973	33282	1	798189	0	0	0	nan	0	0	0	0.026061	0.000236	0.026061	0.000236	0.889509	0.008055
227	A	72112	764525	655181	0.110064	43525	39	760892	1196	801227	739045	0.001618	33280	1	798598	0	0	0	nan	0	0	0	0.108446	0.000413	0.108446	0.000413	3.701460	0.014096
228	A	34771	765487	679112	0.051201	43527	39	761818	845	801789	736100	0.001148	33278	1	799135	0	0	0	nan	0	0	0	0.050053	0.000277	0.050053	0.000277	1.708400	0.009455
229	A	3800	766216	678939	0.005597	43528	39	762519	551	802305	737045	0.000748	33278	1	799632	0	0	0	nan	0	0	0	0.004849	0.000096	0.004849	0.000096	0.165505	0.003277
230	G	5758	766493	655803	0.008780	43528	39	762776	3225	802501	732612	0.004402	33279	1	799805	0	0	0	nan	0	0	0	0.004378	0.000139	0.004378	0.000139	0.149429	0.004744
231	C	22460	766735	676722	0.033189	43528	39	763001	2072	802595	740879	0.002797	33280	1	799879	0	0	0	nan	0	0	0	0.030393	0.000230	0.030393	0.000230	1.037368	0.007850
232	C	2456	767192	673451	0.003647	43535	45	763411	1145	802726	736633	0.001554	33289	1	799983	0	0	0	nan	0	0	0	0.002093	0.000087	0.002093	0.000087	0.071438	0.002969
233	G	6946	767438	671685	0.010341	43536	43	763614	5798	802859	738221	0.007854	33289	1	800077	0	0	0	nan	0	0	0	0.002487	0.000161	0.002487	0.000161	0.084886	0.005495
234	C	25239	767820	669562	0.037695	43540	43	763962	4555	803205	733967	0.006206	33288	1	800387	0	0	0	nan	0	0	0	0.031489	0.000254	0.031489	0.000254	1.074777	0.008669
235	U	8521	768775	669854	0.012721	43546	46	764863	2634	803708	739082	0.003564	33289	1	800851	0	0	0	nan	0	0	0	0.009157	0.000154	0.009157	0.000154	0.312545	0.005256
236	U	14809	769599	671263	0.022061	43548	48	765613	1983	804675	738849	0.002684	33289	1	801758	0	0	0	nan	0	0	0	0.019377	0.000191	0.019377	0.000191	0.661372	0.006519
237	G	76823	770345	688679	0.111551	43548	49	766303	6932	805282	750354	0.009238	33288	1	802299	0	0	0	nan	0	0	0	0.102313	0.000417	0.102313	0.000417	3.492129	0.014233
238	C	10204	771213	694803	0.014686	43551	51	767109	1857	805714	745695	0.002490	33288	1	802676	0	0	0	nan	0	0	0	0.012196	0.000156	0.012196	0.000156	0.416272	0.005325
239	A	12518	772401	706567	0.017717	43547	53	768211	1385	806731	752710	0.001840	33287	1	803615	0	0	0	nan	0	0	0	0.015877	0.000166	0.015877	0.000166	0.541911	0.005666
240	G	3017	773449	696467	0.004332	43559	58	769208	1816	807579	737012	0.002464	33285	1	804415	0	0	0	nan	0	0	0	0.001868	0.000098	0.001868	0.000098	0.063758	0.003345
241	U	3037	773910	696028	0.004363	43560	58	769643	1746	807804	738486	0.002364	33285	1	804611	0	0	0	nan	0	0	0	0.001999	0.000097	0.001999	0.000097	0.068230	0.003311
242	A	769	774543	682694	0.001126	43562	62	770262	486	808345	721740	0.000673	33285	1	805141	0	0	0	nan	0	0	0	0.000453	0.000051	0.000453	0.000051	0.015462	0.001741
243	C	2370	775075	691981	0.003425	43560	62	770785	890	808660	732440	0.001215	33287	1	805443	0	0	0	nan	0	0	0	0.002210	0.000081	0.002210	0.000081	0.075431	0.002765
244	G	3254	776042	698034	0.004662	43560	66	771747	733	809409	737276	0.000994	33287	1	806183	0	0	0	nan	0	0	0	0.003667	0.000090	0.003667	0.000090	0.125161	0.003072
245	A	7753	776939	710812	0.010907	43555	67	772629	858	809916	757845	0.001132	33284	1	806674	0	0	0	nan	0	0	0	0.009775	0.000130	0.009775	0.000130	0.333639	0.004437
246	A	3696	777707	709075	0.005212	43556	67	773381	1172	810536	756418	0.001549	33284	1	807282	0	0	0	nan	0	0	0	0.003663	0.000097	0.003663	0.000097	0.125025	0.003311
247	G	14671	778295	699658	0.020969	43577	67	773953	6511	810808	752024	0.008658	33285	1	807535	0	0	0	nan	0	0	0	0.012311	0.000204	0.012311	0.000204	0.420197	0.006963
248	G	8201	778933	694593	0.011807	43579	68	774579	5098	811163	742344	0.006867	33285	1	807885	0	0	0	nan	0	0	0	0.004939	0.000162	0.004939	0.000162	0.168577	0.005529
249	U	9428	779382	704136	0.013389	43581	68	775015	2646	811425	750482	0.003526	33287	1	808136	0	0	0	nan	0	0	0	0.009864	0.000154	0.009864	0.000154	0.336676	0.005256
250	A	10287	779988	708469	0.014520	43590	69	775600	877	811769	753260	0.001164	33287	1	808463	0	0	0	nan	0	0	0	0.013356	0.000148	0.013356	0.000148	0.455865	0.005052
251	C	22434	780460	726181	0.030893	43593	69	776057	889	812154	766558	0.001160	33289	1	808834	0	0	0	nan	0	0	0	0.029733	0.000210	0.029733	0.000210	1.014841	0.007168
252	A	8522	781089	727270	0.011718	43598	70	776675	1060	812601	766673	0.001383	33289	1	809273	0	0	0	nan	0	0	0	0.010335	0.000134	0.010335	0.000134	0.352752	0.004574
253	G	7741	781440	726316	0.010658	43598	71	777020	1196	812808	768987	0.001555	33288	1	809471	0	0	0	nan	0	0	0	0.009103	0.000129	0.009103	0.000129	0.310702	0.004403
254	A	3553	781852	723866	0.004908	43602	72	777421	678	813041	769145	0.000881	33289	1	809697	0	0	0	nan	0	0	0	0.004027	0.000089	0.004027	0.000089	0.137449	0.003038
255	A	3103	782174	711394	0.004362	43607	72	777731	612	813267	763340	0.000802	33289	1	809914	0	0	0	nan	0	0	0	0.003560	0.000085	0.003560	0.000085	0.121509	0.002901
256	C	9101	782456	710151	0.012816	43632	73	778004	648	813532	761961	0.000850	33291	1	810175	0	0	0	nan	0	0	0	0.011965	0.000138	0.011965	0.000138	0.408387	0.004710
257	A	11039	782721	698728	0.015799	43632	73	778269	693	813780	754846	0.000918	33291	1	810416	0	0	0	nan	0	0	0	0.014881	0.000154	0.014881	0.000154	0.507916	0.005256
258	U	22519	782993	700096	0.032166	43633	73	778540	1887	813987	755979	0.002496	33292	1	810621	0	0	0	nan	0	0	0	0.029669	0.000222	0.029669	0.000222	1.012657	0.007577
259	G	12668	783548	704588	0.017979	43656	76	779098	2688	814283	761142	0.003532	33292	1	810917	0	0	0	nan	0	0	0	0.014448	0.000174	0.014448	0.000174	0.493137	0.005939
260	G	8685	783838	708601	0.012257	43656	76	779386	5999	814437	764780	0.007844	33292	1	811070	0	0	0	nan	0	0	0	0.004412	0.000166	0.004412	0.000166	0.150590	0.005666
261	C	7327	784056	702708	0.010427	43659	76	779609	1709	814587	765041	0.002234	33293	1	811220	0	0	0	nan	0	0	0	0.008193	0.000133	0.008193	0.000133	0.279642	0.004540
262	U	30478	784415	694310	0.043897	43661	76	779969	1925	814820	765105	0.002516	33293	1	811453	0	0	0	nan	0	0	0	0.041381	0.000258	0.041381	0.000258	1.412409	0.008806
263	U	21635	785022	682547	0.031697	43666	76	780576	1253	815242	771425	0.001624	33292	1	811875	0	0	0	nan	0	0	0	0.030073	0.000220	0.030073	0.000220	1.026446	0.007509
264	A	39660	785397	701037	0.056573	43070	76	781015	826	815503	764500	0.001080	32758	1	812189	0	0	0	nan	0	0	0	0.055493	0.000287	0.055493	0.000287	1.894077	0.009796
265	U	56148	786261	726306	0.077306	43073	76	781881	1083	815810	755875	0.001433	32758	1	812496	0	0	0	nan	0	0	0	0.075873	0.000329	0.075873	0.000329	2.589684	0.011229
266	A	8577	787379	730166	0.011747	43072	76	783000	794	816502	752676	0.001055	32758	1	813188	0	0	0	nan	0	0	0	0.010692	0.000132	0.010692	0.000132	0.364937	0.004505
267	G	2863	787712	732127	0.003911	43074	77	783333	1398	816848	757269	0.001846	32759	2	813534	0	0	0	nan	0	0	0	0.002064	0.000088	0.002064	0.000088	0.070448	0.003004
268	A	1319	787882	726815	0.001815	43073	77	783505	927	817061	759507	0.001221	32759	2	813747	0	0	0	nan	0	0	0	0.000594	0.000064	0.000594	0.000064	0.020274	0.002184
269	G	7032	788282	723816	0.009715	43072	77	783907	4680	817519	755397	0.006195	32759	2	814205	0	0	0	nan	0	0	0	0.003520	0.000147	0.003520	0.000147	0.120144	0.005017
270	C	1350	788838	733751	0.001840	43072	77	784464	999	818306	756036	0.001321	32761	2	814992	0	0	0	nan	0	0	0	0.000518	0.000065	0.000518	0.000065	0.017680	0.002219
271	A	1257	789566	733596	0.001713	43071	77	785193	769	819196	755655	0.001018	32761	2	815882	0	0	0	nan	0	0	0	0.000696	0.000061	0.000696	0.000061	0.023756	0.002082
272	U	4729	790107	736219	0.006423	43071	77	785734	2777	819868	757356	0.003667	32761	2	816553	0	0	0	nan	0	0	0	0.002757	0.000116	0.002757	0.000116	0.094101	0.003959
273	G	2061	790660	732868	0.002812	43068	77	786287	1576	820549	762305	0.002067	32761	2	817234	0	0	0	nan	0	0	0	0.000745	0.000081	0.000745	0.000081	0.025428	0.002765
274	A	2918	791056	724687	0.004027	43069	78	786683	1877	821111	757392	0.002478	32761	2	817797	0	0	0	nan	0	0	0	0.001548	0.000094	0.001548	0.000094	0.052836	0.003208
275	U	3955	791511	717735	0.005510	43068	78	787139	2376	821563	749165	0.003172	32761	2	818249	0	0	0	nan	0	0	0	0.002339	0.000109	0.002339	0.000109	0.079834	0.003720
276	U	2402	791979	716436	0.003353	43064	78	787607	1062	822188	744934	0.001426	32760	2	818874	0	0	0	nan	0	0	0	0.001927	0.000081	0.001927	0.000081	0.065772	0.002765
277	A	734	792634	722806	0.001015	43064	80	788262	564	822904	750797	0.000751	32760	2	819590	0	0	0	nan	0	0	0	0.000264	0.000049	0.000264	0.000049	0.009011	0.001672
278	A	951	792961	728600	0.001305	43058	80	788591	716	823301	760636	0.000941	32759	2	819987	0	0	0	nan	0	0	0	0.000364	0.000055	0.000364	0.000055	0.012424	0.001877
279	C	4083	793256	727298	0.005614	43081	80	788888	1120	823674	763297	0.001467	32814	2	820360	0	0	0	nan	0	0	0	0.004147	0.000098	0.004147	0.000098	0.141545	0.003345
280	G	14753	793773	729109	0.020234	43079	81	789406	1539	824240	769099	0.002001	32814	5	820926	0	0	0	nan	0	0	0	0.018233	0.000174	0.018233	0.000174	0.622326	0.005939
281	U	15141	794195	718343	0.021078	43056	86	789886	6950	824634	763590	0.009102	32804	5	821367	0	0	0	nan	0	0	0	0.011976	0.000203	0.011976	0.000203	0.408763	0.006929
282	C	25380	794602	710257	0.035734	43037	88	790293	880	825097	761180	0.001156	32792	7	821831	0	0	0	nan	0	0	0	0.034577	0.000228	0.034577	0.000228	1.180176	0.007782
283	U	31606	795098	718640	0.043980	43035	88	790794	3766	825430	764355	0.004927	32785	18	822164	0	0	0	nan	0	0	0	0.039053	0.000260	0.039053	0.000260	1.332950	0.008874
284	C	42397	795789	736672	0.057552	43033	87	791485	1074	826125	771084	0.001393	32785	19	822859	0	0	0	nan	0	0	0	0.056159	0.000283	0.056159	0.000283	1.916809	0.009659
285	G	2033	796370	734764	0.002767	43027	88	792067	1234	826576	771718	0.001599	32781	19	823310	0	0	0	nan	0	0	0	0.001168	0.000076	0.001168	0.000076	0.039866	0.002594
286	A	5361	797032	734223	0.007302	43018	89	792732	4721	827460	771450	0.006120	32779	19	824194	0	0	0	nan	0	0	0	0.001182	0.000134	0.001182	0.000134	0.040344	0.004574
287	U	6419	797551	732509	0.008763	42977	89	793258	4911	828018	770337	0.006375	32736	19	824757	0	0	0	nan	0	0	0	0.002388	0.000142	0.002388	0.000142	0.081507	0.004847
288	C	1582	798155	740833	0.002135	42976	90	793862	1478	828585	776829	0.001903	32736	19	825324	0	0	0	nan	0	0	0	0.000233	0.000073	0.000233	0.000073	0.007953	0.002492
289	C	1626	799050	746582	0.002178	42972	91	794757	1136	829374	787288	0.001443	32736	19	826113	0	0	0	nan	0	0	0	0.000735	0.000069	0.000735	0.000069	0.025087	0.002355
290	G	6838	799907	752454	0.009088	42971	91	795614	4407	830274	797510	0.005526	32737	19	827013	0	0	0	nan	0	0	0	0.003562	0.000138	0.003562	0.000138	0.121578	0.004710
291	G	5188	800773	743313	0.006980	42960	91	796481	3199	831135	804153	0.003978	32738	20	827874	0	0	0	nan	0	0	0	0.003001	0.000120	0.003001	0.000120	0.102430	0.004096
292	U	4316	801198	735333	0.005869	42952	91	796909	1639	831487	797951	0.002054	32734	20	828226	0	0	0	nan	0	0	0	0.003815	0.000103	0.003815	0.000103	0.130213	0.003516
293	U	8235	801428	724009	0.011374	42916	92	797140	1728	831746	790181	0.002187	32729	20	828485	0	0	0	nan	0	0	0	0.009187	0.000136	0.009187	0.000136	0.313569	0.004642
294	C	56935	801563	724536	0.078581	42885	92	797281	1148	831914	782627	0.001467	32701	20	828657	0	0	0	nan	0	0	0	0.077114	0.000332	0.077114	0.000332	2.632041	0.011332
295	G	31482	799120	741987	0.042429	22932	88	796993	4634	830122	779117	0.005948	16144	20	828529	0	0	0	nan	0	0	0	0.036482	0.000255	0.036482	0.000255	1.245197	0.008704
296	C	2886	798945	747261	0.003862	18875	89	797299	1862	829912	781067	0.002384	12680	20	828670	0	0	0	nan	0	0	0	0.001478	0.000091	0.001478	0.000091	0.050447	0.003106
297	C	1679	798560	752086	0.002232	13237	89	797516	1210	829669	784609	0.001542	8084	20	828903	0	0	0	nan	0	0	0	0.000690	0.000070	0.000690	0.000070	0.023551	0.002389
298	G	4251	798551	756088	0.005622	10022	88	797854	3094	829867	789814	0.003917	5506	20	829349	0	0	0	nan	0	0	0	0.001705	0.000111	0.001705	0.000111	0.058195	0.003789
299	G	3025	798697	751457	0.004026	6980	87	798303	1934	830176	786052	0.002460	3015	20	829897	0	0	0	nan	0	0	0	0.001565	0.000092	0.001565	0.000092	0.053416	0.003140
300	A	1017	798898	743215	0.001368	5374	86	798672	845	830480	779152	0.001085	1699	20	830341	0	0	0	nan	0	0	0	0.000284	0.000057	0.000284	0.000057	0.009693	0.001946
301	U	12669	799209	735558	0.017224	4879	86	799048	8212	830821	771323	0.010647	1288	20	830724	0	0	0	nan	0	0	0	0.006577	0.000193	0.006577	0.000193	0.224485	0.006587
302	C	2958	799507	735742	0.004020	4828	86	799351	1436	831136	771981	0.001860	1248	20	831046	0	0	0	nan	0	0	0	0.002160	0.000089	0.002160	0.000089	0.073725	0.003038
303	C	7257	799781	741362	0.009789	4245	85	799682	4547	831489	779943	0.005830	961	20	831441	0	0	0	nan	0	0	0	0.003959	0.000144	0.003959	0.000144	0.135128	0.004915
304	A	17069	799760	724122	0.023572	4082	85	799676	1622	831481	778415	0.002084	876	20	831441	0	0	0	nan	0	0	0	0.021488	0.000188	0.021488	0.000188	0.733425	0.006417
305	A	17739	799728	733975	0.024168	3836	85	799673	430	831461	780356	0.000551	743	20	831436	0	0	0	nan	0	0	0	0.023617	0.000183	0.023617	0.000183	0.806091	0.006246
306	A	5475	799713	715656	0.007650	3701	84	799665	361	831455	757731	0.000476	681	20	831435	0	0	0	nan	0	0	0	0.007174	0.000106	0.007174	0.000106	0.244862	0.003618
307	U	18595	799689	730545	0.025454	3487	83	799661	701	831448	766486	0.000915	579	20	831434	0	0	0	nan	0	0	0	0.024539	0.000190	0.024539	0.000190	0.837561	0.006485
308	C	10126	799675	739655	0.013690	3376	83	799658	1970	831441	773197	0.002548	522	20	831432	0	0	0	nan	0	0	0	0.011142	0.000148	0.011142	0.000148	0.380297	0.005052
309	G	0	799668	765432	0.000000	3350	83	799657	0	831439	799849	0.000000	511	20	831432	0	0	0	nan	0	0	0	0.000000	0.000000	0.000000	0.000000	0.000000	0.000000
310	g	0	799667	0	nan	3335	83	799657	0	831438	0	nan	505	20	831432	0	0	0	nan	0	0	0	nan	nan	nan	nan	nan	nan
311	g	0	799665	0	nan	3310	83	799655	0	831438	0	nan	503	20	831432	0	0	0	nan	0	0	0	nan	nan	nan	nan	nan	nan
312	c	0	799657	0	nan	3290	83	799651	0	831434	0	nan	482	20	831431	0	0	0	nan	0	0	0	nan	nan	nan	nan	nan	nan
313	u	0	799652	0	nan	3271	83	799649	0	831431	0	nan	481	20	831431	0	0	0	nan	0	0	0	nan	nan	nan	nan	nan	nan
314	u	0	799649	0	nan	3236	83	799648	0	831431	0	nan	480	20	831431	0	0	0	nan	0	0	0	nan	nan	nan	nan	nan	nan
315	c	0	799648	0	nan	3236	83	799648	0	831431	0	nan	480	20	831431	0	0	0	nan	0	0	0	nan	nan	nan	nan	nan	nan
316	g	0	799635	0	nan	3236	83	799635	0	831431	0	nan	480	20	831431	0	0	0	nan	0	0	0	nan	nan	nan	nan	nan	nan
317	g	0	799606	0	nan	3236	83	799606	0	831427	0	nan	480	20	831427	0	0	0	nan	0	0	0	nan	nan	nan	nan	nan	nan
318	u	0	799598	0	nan	3236	83	799598	0	831422	0	nan	480	20	831422	0	0	0	nan	0	0	0	nan	nan	nan	nan	nan	nan
319	c	0	799561	0	nan	3236	83	799561	0	831415	0	nan	480	20	831415	0	0	0	nan	0	0	0	nan	nan	nan	nan	nan	nan
320	c	0	799460	0	nan	3236	83	799460	0	831406	0	nan	480	20	831406	0	0	0	nan	0	0	0	nan	nan	nan	nan	nan	nan
321	g	0	799430	0	nan	3236	83	799430	0	831382	0	nan	480	20	831382	0	0	0	nan	0	0	0	nan	nan	nan	nan	nan	nan
322	g	0	799280	0	nan	3236	83	799280	0	831360	0	nan	480	20	831360	0	0	0	nan	0	0	0	nan	nan	nan	nan	nan	nan
323	u	0	799196	0	nan	3235	83	799196	0	831254	0	nan	480	20	831254	0	0	0	nan	0	0	0	nan	nan	nan	nan	nan	nan
324	u	0	798670	0	nan	3231	82	798670	0	830908	0	nan	480	20	830908	0	0	0	nan	0	0	0	nan	nan	nan	nan	nan	nan
325	c	0	797672	0	nan	3225	82	797672	0	829838	0	nan	480	19	829838	0	0	0	nan	0	0	0	nan	nan	nan	nan	nan	nan