325	Window=1	Metric=APC
i	j	Statistic	+/-	Zij	Zi	Zj	Mod_Depth	Mod_Comuts	Unt_Depth	Unt_Comuts
31	70	36.92	-1	5.74	6.04	5.44	97011	83	703001	14
42	49	28.95	-1	5.93	3.48	8.38	109463	52	708373	28
53	60	52.10	1	6.81	3.11	10.51	111475	77	711741	26
70	98	25.39	-1	4.41	3.74	5.07	98740	94	720873	13
70	259	27.21	1	5.10	4.01	6.20	96783	263	695882	10
93	103	44.64	1	6.25	3.30	9.20	86638	55	720625	6
95	104	41.90	-1	7.57	7.71	7.44	99965	172	722360	31
104	118	24.81	-1	4.23	4.41	4.04	98505	69	721718	6
107	129	29.02	1	4.49	4.48	4.49	106875	158	716597	3
125	132	885.60	1	10.03	7.40	12.66	109186	652	717845	17
129	136	71.42	-1	8.99	11.08	6.91	102454	104	707099	2
135	142	27.55	-1	7.94	7.66	8.23	110897	193	706052	2
166	184	145.55	1	7.28	6.75	7.80	109648	130	709492	25
193	200	62.54	1	5.90	2.32	9.48	108318	112	707554	7
193	201	62.28	1	4.92	2.31	7.52	108051	77	704383	3
193	202	91.35	1	7.43	3.40	11.47	112287	221	703871	4
194	202	27.41	1	3.42	3.40	3.44	112058	129	703126	12
223	245	44.92	1	5.14	5.89	4.40	106594	59	674176	17
230	237	33.27	-1	6.33	3.79	8.88	101410	51	672178	46
251	264	24.26	-1	8.18	7.80	8.55	106831	121	685195	1
280	294	55.36	1	9.02	6.33	11.71	108840	291	691522	1
