325	Window=3	Metric=APC
i	j	Statistic	+/-	Zij	Zi	Zj	Mod_Depth	Mod_Comuts	Unt_Depth	Unt_Comuts
68	102	42.83	1	5.33	4.71	5.95	37588	102	727822	40
68	103	45.27	1	5.42	4.97	5.87	36960	124	726760	55
68	104	42.21	1	5.94	4.64	7.24	38187	131	727468	79
68	257	38.16	1	5.78	4.19	7.36	39617	86	712249	34
69	102	35.85	1	4.90	4.82	4.98	37160	110	727128	71
69	103	39.60	1	5.23	5.33	5.14	36475	134	726078	95
69	104	37.72	1	5.77	5.07	6.47	37752	145	726797	139
69	257	31.61	1	5.17	4.25	6.09	39263	94	711572	56
70	102	36.84	1	5.10	5.07	5.12	37467	104	728052	96
70	103	40.41	1	5.40	5.57	5.24	36844	127	727000	135
70	104	30.89	1	4.77	4.25	5.29	38053	131	727717	193
70	257	26.99	1	4.46	3.72	5.21	39506	85	712446	73
102	156	26.16	-1	5.09	3.63	6.55	37370	161	719543	26
102	158	27.20	-1	6.24	3.78	8.70	38092	114	719690	39
103	156	29.93	-1	5.69	3.88	7.49	36946	217	718493	28
103	158	26.18	-1	5.88	3.39	8.37	37651	161	718641	47
106	127	30.00	1	9.13	8.12	10.13	41666	348	724125	23
117	126	28.75	1	11.25	10.98	11.52	40006	599	725502	113
123	132	119.68	1	13.22	11.22	15.21	40968	264	726385	133
152	161	27.58	1	8.99	9.98	8.01	41888	57	717898	52
191	200	45.69	1	10.52	6.65	14.40	41473	220	717678	60
191	201	34.35	1	6.37	5.00	7.74	41455	175	717677	67
191	202	27.03	1	5.70	3.93	7.47	41369	172	721432	81
192	201	57.61	1	10.67	8.35	12.99	41396	222	717554	71
192	202	39.82	1	8.39	5.77	11.01	41305	212	721340	84
