137	Window=1	Metric=APC
i	j	Statistic	+/-	Zij	Zi	Zj	Mod_Depth	Mod_Comuts	Unt_Depth	Unt_Comuts
17	46	84.43	1	1.44	0.82	2.06	444305	548	298266	1
17	50	77.60	1	2.05	0.74	3.35	438941	606	273043	0
17	52	148.64	1	2.18	1.51	2.86	439586	694	257755	5
17	60	26.10	1	1.55	0.19	2.91	439094	749	294484	2
17	61	46.88	1	0.54	0.41	0.67	442863	861	299182	0
17	68	105.93	1	1.40	1.05	1.75	445362	299	281892	0
17	70	582.03	1	6.53	6.16	6.90	437378	932	286273	1
17	71	47.46	1	2.41	0.42	4.39	434911	250	287534	3
17	78	67.20	1	1.99	0.63	3.34	444257	237	304911	0
17	80	117.11	1	2.27	1.17	3.37	441060	389	298302	2
17	87	166.46	1	4.11	1.70	6.52	430813	565	281178	3
18	27	332.37	1	5.63	5.13	6.13	438658	685	258931	54
18	46	189.93	1	3.82	2.89	4.75	442330	498	291812	4
18	50	47.20	1	1.33	0.65	2.01	437059	463	269256	0
18	52	115.48	1	1.96	1.72	2.19	437736	547	255317	3
18	58	66.92	1	2.18	0.96	3.40	439464	482	288773	2
18	61	137.94	1	2.10	2.07	2.12	440878	734	293371	1
18	62	90.83	1	1.86	1.33	2.38	442239	329	293618	13
18	63	80.23	1	2.74	1.17	4.32	444551	275	297149	3
18	68	34.14	1	0.50	0.44	0.55	443429	209	277147	11
18	70	139.34	1	1.85	2.10	1.60	435386	563	281611	4
18	87	24.04	1	0.59	0.28	0.89	428865	354	276709	9
20	32	146.91	1	4.67	6.50	2.84	431459	298	293180	7
20	75	31.69	1	0.79	1.42	0.17	441736	268	289300	0
20	90	47.40	1	1.66	2.11	1.20	431395	295	277701	0
21	50	35.04	1	1.07	0.67	1.47	435902	633	279354	2
21	61	102.69	1	1.85	2.14	1.56	439728	924	307663	17
21	66	64.17	1	1.13	1.31	0.95	442367	648	298098	7
21	72	70.68	1	1.70	1.45	1.95	434100	673	290560	15
21	74	165.65	1	2.53	3.50	1.56	438912	925	286385	18
21	75	111.18	1	1.70	2.32	1.08	441879	778	291871	4
21	82	69.59	1	1.02	1.42	0.62	436665	721	302514	11
21	85	89.24	1	1.70	1.85	1.55	431543	683	283642	2
21	89	92.21	1	1.60	1.91	1.29	425898	721	278096	6
21	90	28.58	1	0.61	0.53	0.69	431592	775	280646	5
22	35	62.73	-1	3.01	3.47	2.54	443924	998	307717	5
22	52	31.04	1	1.09	1.68	0.49	437274	488	267129	5
22	74	30.37	1	0.87	1.64	0.09	439963	653	289171	5
22	75	78.80	1	2.54	4.38	0.71	442973	611	295185	0
22	90	51.24	1	2.07	2.82	1.31	432757	684	283489	6
23	74	29.43	1	1.84	3.61	0.08	438965	396	287483	6
23	82	33.74	1	2.22	4.15	0.29	436803	341	303542	1
26	33	77.24	1	4.49	3.01	5.98	421815	184	274663	15
26	43	44.05	1	1.81	1.70	1.92	433817	259	269107	21
26	49	66.28	-1	2.82	2.58	3.06	425016	646	274899	3
26	74	28.19	1	0.57	1.08	0.07	426250	543	262626	12
27	48	26.26	1	1.40	0.47	2.34	420174	192	267564	23
27	58	49.12	1	1.68	0.89	2.47	428455	543	259574	5
27	70	25.54	1	0.35	0.46	0.24	424159	556	254957	20
27	89	32.57	1	0.49	0.59	0.39	415795	582	244682	5
28	35	67.35	1	4.50	6.28	2.73	434198	797	262028	6
28	41	25.56	1	3.48	2.39	4.57	436742	128	254426	9
30	39	34.37	1	3.17	2.17	4.17	431521	199	271453	13
30	40	58.46	1	4.10	3.67	4.52	432971	236	271166	3
30	43	67.11	1	3.54	4.21	2.86	430764	204	271444	22
32	39	26.08	1	1.85	0.52	3.17	433855	268	277968	3
32	40	63.79	1	3.09	1.24	4.93	435025	329	277890	4
32	52	119.89	1	2.30	2.32	2.28	422950	554	254019	2
32	74	81.46	1	1.11	1.58	0.64	424513	710	274345	14
32	75	172.06	1	2.55	3.32	1.78	427599	669	278515	3
32	82	45.88	1	0.65	0.90	0.40	422530	567	287090	5
32	90	44.55	1	1.00	0.87	1.12	417520	606	267901	1
35	42	37.75	-1	2.45	1.55	3.36	445583	1148	284688	5
35	43	29.52	-1	1.27	1.22	1.32	445674	368	285730	5
35	49	30.90	1	1.32	1.28	1.37	435895	3886	291579	1
35	53	27.03	-1	1.31	1.12	1.50	437396	392	266207	3
35	54	24.05	-1	1.69	1.00	2.37	442133	263	295821	2
35	75	26.56	-1	0.61	1.10	0.11	440029	694	285546	1
42	49	55.97	-1	3.77	4.97	2.57	441673	1117	282159	1
43	50	27.23	1	1.18	1.23	1.12	440807	296	269401	1
43	58	27.54	1	1.29	1.24	1.34	442160	287	284058	3
43	66	34.11	1	0.99	1.51	0.46	445748	301	282931	0
43	74	31.52	1	0.75	1.41	0.10	441841	421	270815	12
43	78	26.98	1	1.29	1.22	1.36	443942	113	295313	13
43	82	76.47	1	1.97	3.25	0.69	439502	371	285222	7
46	66	45.37	1	0.85	1.06	0.64	442407	433	298953	4
46	70	52.79	1	0.91	1.25	0.56	434164	455	292433	6
46	72	76.70	1	2.00	1.86	2.14	433840	449	289100	3
46	74	106.69	1	1.77	2.62	0.92	438391	641	282470	2
46	80	62.32	1	1.61	1.49	1.73	437188	263	309841	3
46	83	34.88	1	1.36	0.79	1.92	435534	187	293358	10
46	87	37.38	1	1.14	0.86	1.42	427225	334	288093	6
47	55	42.17	1	5.30	4.38	6.22	439600	244	301865	13
47	67	26.31	1	3.09	2.73	3.45	437088	284	288326	7
48	61	32.89	1	1.66	2.87	0.44	428488	250	301915	0
49	60	24.61	1	1.90	1.07	2.74	432550	2154	293308	0
49	62	51.62	-1	1.84	2.36	1.33	437361	306	301791	0
49	63	25.40	-1	1.22	1.10	1.33	439580	337	307270	1
49	75	50.64	-1	1.35	2.31	0.38	437808	580	279967	3
49	89	48.80	-1	1.43	2.22	0.63	421627	596	268625	4
50	58	57.22	1	2.67	2.45	2.89	435073	532	274769	2
50	61	50.77	1	1.45	2.16	0.73	435612	679	278587	2
50	62	30.19	1	1.00	1.25	0.75	436740	290	280159	0
50	72	27.86	1	0.89	1.15	0.63	429157	487	266125	5
52	61	128.01	1	2.20	2.44	1.96	437798	799	260945	1
52	62	197.57	1	4.54	3.84	5.24	438741	398	260420	0
52	63	34.35	1	1.19	0.56	1.82	440421	260	264098	1
52	72	41.33	1	0.87	0.70	1.05	430457	498	252447	6
52	74	52.68	1	0.63	0.93	0.33	435004	766	250749	2
52	75	72.14	1	0.97	1.32	0.63	437962	672	254650	1
52	82	42.28	1	0.54	0.72	0.37	432579	622	258134	1
52	85	49.12	1	0.82	0.85	0.79	427288	528	246589	1
52	89	68.01	1	1.08	1.23	0.92	421667	608	242552	1
52	90	41.73	1	0.88	0.71	1.05	427230	608	243740	3
53	61	28.08	1	0.96	1.55	0.37	440365	364	270243	0
53	75	89.64	1	2.89	4.95	0.83	440433	340	262141	0
53	80	27.70	1	1.11	1.53	0.69	436358	156	267314	2
53	89	46.27	1	1.58	2.56	0.60	424005	296	250292	1
54	90	25.63	1	1.55	2.50	0.61	434353	231	276410	1
58	74	57.19	1	1.64	2.89	0.38	438419	642	280701	1
58	89	39.95	1	1.25	1.99	0.50	424614	508	276709	0
58	90	29.07	1	1.06	1.42	0.70	430312	601	279483	0
61	72	44.04	1	0.88	0.62	1.13	435742	689	290502	8
61	74	149.27	1	1.84	2.30	1.38	440442	1056	285605	2
61	75	48.58	1	0.53	0.70	0.36	443198	871	290920	1
61	85	105.16	1	1.73	1.60	1.85	432197	740	285190	1
61	86	47.20	1	2.67	0.67	4.67	429481	559	288447	2
61	89	299.71	1	4.55	4.71	4.40	426285	913	280236	2
61	90	129.63	1	2.72	1.99	3.45	431946	905	282723	1
62	69	35.73	1	1.87	0.90	2.83	441391	90	293902	2
62	70	53.89	1	0.98	1.39	0.58	438399	333	295085	6
62	72	63.83	1	1.70	1.65	1.74	437305	318	291394	5
62	78	30.66	1	1.15	0.77	1.54	443831	115	319216	7
62	80	58.14	1	1.55	1.50	1.61	440560	192	312323	1
62	85	47.17	1	0.98	1.21	0.75	433705	318	284961	4
62	87	24.54	1	0.76	0.60	0.91	429990	233	291121	3
63	70	49.49	1	1.58	2.64	0.52	441446	296	299975	3
63	87	27.11	1	1.22	1.43	1.02	432351	211	295810	8
66	74	102.90	1	1.23	1.59	0.88	444651	741	280436	2
66	75	292.89	1	3.94	4.70	3.18	447287	738	285076	0
66	82	279.78	1	3.54	4.48	2.60	441287	696	295843	1
66	85	52.12	1	0.80	0.75	0.85	435907	511	277861	3
66	89	123.52	1	1.84	1.92	1.76	429724	599	272129	3
66	90	52.64	1	1.05	0.76	1.35	435570	615	274655	0
68	78	60.92	1	2.02	1.00	3.03	446287	101	296457	2
68	80	131.82	1	2.99	2.18	3.81	442906	183	290328	0
68	81	365.08	1	6.88	6.05	7.72	442016	431	287154	8
69	80	43.26	1	2.28	3.41	1.16	437686	96	293032	2
70	79	91.87	1	3.26	1.03	5.49	437701	212	297389	2
70	80	113.77	1	2.28	1.29	3.27	435532	374	294606	8
70	83	28.41	1	0.92	0.27	1.57	433836	236	281796	13
71	78	37.51	1	2.67	3.47	1.88	437073	93	302036	4
72	82	180.88	1	3.51	5.35	1.67	434544	645	286966	4
72	83	28.28	1	1.10	0.65	1.56	434116	220	279825	9
72	85	47.74	1	1.01	1.25	0.76	429509	512	269602	4
72	89	97.47	1	2.07	2.78	1.36	423286	579	262873	2
74	82	540.02	1	5.34	5.62	5.05	440169	1035	282549	0
74	83	48.91	1	1.49	0.29	2.68	439578	294	275525	4
74	85	296.95	1	4.24	2.98	5.49	434710	822	266220	1
74	86	40.88	1	2.12	0.20	4.03	431869	513	268982	8
74	89	182.12	1	2.19	1.74	2.63	428608	856	261094	1
74	90	130.07	1	2.32	1.17	3.46	434147	873	263407	1
75	82	372.44	1	3.78	4.09	3.47	443852	872	287521	4
75	83	83.95	1	2.68	0.77	4.59	443208	281	280483	1
75	85	212.00	1	3.06	2.24	3.88	437941	696	270849	2
75	89	245.76	1	3.11	2.63	3.59	431675	778	265385	4
75	90	110.21	1	2.00	1.07	2.92	437332	751	267896	0
77	90	41.82	1	3.54	6.02	1.05	436465	435	282720	3
80	87	27.88	1	0.87	0.70	1.05	432254	251	293808	2
