Nucleotide	Sequence	Modified_mutations	Modified_read_depth	Modified_effective_depth	Modified_rate	Modified_off_target_mapped_depth	Modified_low_mapq_mapped_depth	Modified_primer_pair_1_mapped_depth	Untreated_mutations	Untreated_read_depth	Untreated_effective_depth	Untreated_rate	Untreated_off_target_mapped_depth	Untreated_low_mapq_mapped_depth	Untreated_primer_pair_1_mapped_depth	Denatured_mutations	Denatured_read_depth	Denatured_effective_depth	Denatured_rate	Denatured_off_target_mapped_depth	Denatured_low_mapq_mapped_depth	Denatured_primer_pair_1_mapped_depth	Reactivity_profile	Std_err	HQ_profile	HQ_stderr	Norm_profile	Norm_stderr
1	g	0	485652	0	nan	19536	168	485652	0	356106	0	nan	262	24	356106	0	0	0	nan	0	0	0	nan	nan	nan	nan	nan	nan
2	g	0	486696	0	nan	19573	174	486696	0	357600	0	nan	262	24	357600	0	0	0	nan	0	0	0	nan	nan	nan	nan	nan	nan
3	c	0	487355	0	nan	19586	180	487355	0	358146	0	nan	262	26	358146	0	0	0	nan	0	0	0	nan	nan	nan	nan	nan	nan
4	c	0	487463	0	nan	19589	182	487463	0	358603	0	nan	262	26	358603	0	0	0	nan	0	0	0	nan	nan	nan	nan	nan	nan
5	u	0	487544	0	nan	19591	183	487544	0	358864	0	nan	262	26	358864	0	0	0	nan	0	0	0	nan	nan	nan	nan	nan	nan
6	u	0	487669	0	nan	19592	184	487669	0	359091	0	nan	262	26	359091	0	0	0	nan	0	0	0	nan	nan	nan	nan	nan	nan
7	c	0	487815	0	nan	19593	186	487815	0	359326	0	nan	262	26	359326	0	0	0	nan	0	0	0	nan	nan	nan	nan	nan	nan
8	g	0	488177	0	nan	19593	188	488177	0	359705	0	nan	262	26	359705	0	0	0	nan	0	0	0	nan	nan	nan	nan	nan	nan
9	g	0	488359	0	nan	19595	188	488359	0	359853	0	nan	262	26	359853	0	0	0	nan	0	0	0	nan	nan	nan	nan	nan	nan
10	g	0	488439	0	nan	19595	190	488439	0	359956	0	nan	262	26	359956	0	0	0	nan	0	0	0	nan	nan	nan	nan	nan	nan
11	c	0	488502	0	nan	19598	192	488502	0	360027	0	nan	262	26	360027	0	0	0	nan	0	0	0	nan	nan	nan	nan	nan	nan
12	c	0	488548	0	nan	19606	194	488544	0	360077	0	nan	262	26	360077	0	0	0	nan	0	0	0	nan	nan	nan	nan	nan	nan
13	a	0	488589	0	nan	19616	195	488579	0	360097	0	nan	262	26	360097	0	0	0	nan	0	0	0	nan	nan	nan	nan	nan	nan
14	a	0	488660	0	nan	19628	200	488645	0	360108	0	nan	263	26	360106	0	0	0	nan	0	0	0	nan	nan	nan	nan	nan	nan
15	G	30	488734	476845	0.000063	19631	200	488713	4	360120	304300	0.000013	263	26	360117	0	0	0	nan	0	0	0	0.000050	0.000013	0.000050	0.000013	0.001808	0.000470
16	G	11108	488787	472425	0.023513	19635	201	488762	2145	360126	325018	0.006600	263	26	360123	0	0	0	nan	0	0	0	0.016913	0.000265	0.016913	0.000265	0.611544	0.009582
17	A	13169	488828	469129	0.028071	19665	207	488803	846	360134	322236	0.002625	264	26	360130	0	0	0	nan	0	0	0	0.025446	0.000261	0.025446	0.000261	0.920081	0.009437
18	C	10230	488894	467026	0.021905	19700	223	488866	1397	360142	315665	0.004426	266	26	360138	0	0	0	nan	0	0	0	0.017479	0.000247	0.017479	0.000247	0.632009	0.008931
19	U	3572	488975	469123	0.007614	19737	230	488946	1054	360150	320142	0.003292	268	27	360145	0	0	0	nan	0	0	0	0.004322	0.000163	0.004322	0.000163	0.156276	0.005894
20	C	5276	489108	466314	0.011314	19742	232	489076	565	360198	329482	0.001715	269	27	360193	0	0	0	nan	0	0	0	0.009599	0.000172	0.009599	0.000172	0.347082	0.006219
21	G	16648	489471	466670	0.035674	19747	232	489430	3704	360328	335065	0.011055	269	27	360323	0	0	0	nan	0	0	0	0.024619	0.000331	0.024619	0.000331	0.890179	0.011968
22	G	14998	489917	467757	0.032064	19753	237	489869	2303	360704	342393	0.006726	269	28	360697	0	0	0	nan	0	0	0	0.025337	0.000297	0.025337	0.000297	0.916140	0.010739
23	G	9231	490223	466642	0.019782	19760	245	490168	1520	360963	340501	0.004464	270	28	360955	0	0	0	nan	0	0	0	0.015318	0.000236	0.015318	0.000236	0.553871	0.008533
24	G	5582	490260	463117	0.012053	19766	249	490204	1294	361085	340101	0.003805	271	28	361077	0	0	0	nan	0	0	0	0.008248	0.000193	0.008248	0.000193	0.298233	0.006979
25	U	3182	490240	461463	0.006895	19777	257	490182	697	361108	328933	0.002119	272	28	361099	0	0	0	nan	0	0	0	0.004776	0.000146	0.004776	0.000146	0.172692	0.005279
26	G	10909	490232	452198	0.024124	19794	265	490171	3363	360871	297184	0.011316	272	28	360861	0	0	0	nan	0	0	0	0.012808	0.000302	0.012808	0.000302	0.463114	0.010920
27	C	12820	490273	454757	0.028191	19809	277	490210	4087	360168	280311	0.014580	272	28	360157	0	0	0	nan	0	0	0	0.013611	0.000338	0.013611	0.000338	0.492149	0.012221
28	C	7016	490230	454732	0.015429	19819	282	490163	1919	360002	274369	0.006994	272	27	359990	0	0	0	nan	0	0	0	0.008435	0.000244	0.008435	0.000244	0.304994	0.008823
29	C	76807	490121	446808	0.171902	19823	284	490050	7209	359850	287810	0.025048	269	26	359838	0	0	0	nan	0	0	0	0.146854	0.000687	0.146854	0.000687	5.309975	0.024841
30	U	7674	490072	448777	0.017100	19829	296	489990	2793	359930	301426	0.009266	269	27	359917	0	0	0	nan	0	0	0	0.007834	0.000262	0.007834	0.000262	0.283263	0.009473
31	U	9606	489683	451289	0.021286	19829	298	489590	2017	360049	309258	0.006522	268	27	360033	0	0	0	nan	0	0	0	0.014764	0.000261	0.014764	0.000261	0.533840	0.009437
32	C	11198	488859	449199	0.024929	19829	299	488753	1895	360099	311325	0.006087	267	27	360083	0	0	0	nan	0	0	0	0.018842	0.000274	0.018842	0.000274	0.681293	0.009907
33	U	3836	488755	448159	0.008559	19828	299	488637	889	359864	317474	0.002800	266	27	359848	0	0	0	nan	0	0	0	0.005759	0.000167	0.005759	0.000167	0.208235	0.006038
34	G	14154	488627	445532	0.031769	19829	298	488505	2608	359933	315781	0.008259	266	27	359917	0	0	0	nan	0	0	0	0.023510	0.000312	0.023510	0.000312	0.850079	0.011281
35	C	40911	488505	460754	0.088791	19829	300	488378	849	359838	321481	0.002641	266	27	359822	0	0	0	nan	0	0	0	0.086151	0.000448	0.086151	0.000448	3.115064	0.016199
36	G	8810	488580	462986	0.019029	19825	309	488438	2564	359676	312156	0.008214	262	25	359660	0	0	0	nan	0	0	0	0.010815	0.000260	0.010815	0.000260	0.391051	0.009401
37	U	7719	488504	465955	0.016566	19820	305	488359	806	359303	312337	0.002581	261	23	359287	0	0	0	nan	0	0	0	0.013985	0.000209	0.013985	0.000209	0.505672	0.007557
38	G	4142	488515	463825	0.008930	19819	305	488364	840	358966	304269	0.002761	260	19	358950	0	0	0	nan	0	0	0	0.006169	0.000168	0.006169	0.000168	0.223060	0.006075
39	A	8059	488488	465133	0.017326	19817	303	488333	682	358575	305867	0.002230	258	19	358559	0	0	0	nan	0	0	0	0.015096	0.000211	0.015096	0.000211	0.545844	0.007629
40	A	8783	488463	467269	0.018796	19812	302	488305	647	358333	305172	0.002120	257	16	358316	0	0	0	nan	0	0	0	0.016676	0.000217	0.016676	0.000217	0.602974	0.007846
41	G	5507	488400	466088	0.011815	19810	301	488242	1598	358141	303487	0.005265	251	16	358124	0	0	0	nan	0	0	0	0.006550	0.000207	0.006550	0.000207	0.236836	0.007485
42	G	15834	488167	464647	0.034077	19807	308	488007	2707	358032	303818	0.008910	246	15	358015	0	0	0	nan	0	0	0	0.025168	0.000320	0.025168	0.000320	0.910029	0.011571
43	C	6429	487915	464742	0.013833	19803	309	487753	1733	357959	305921	0.005665	246	15	357942	0	0	0	nan	0	0	0	0.008169	0.000220	0.008169	0.000220	0.295376	0.007955
44	U	4044	487838	461951	0.008754	19800	308	487675	980	357784	316480	0.003097	243	15	357767	0	0	0	nan	0	0	0	0.005658	0.000170	0.005658	0.000170	0.204583	0.006147
45	G	3437	487902	459650	0.007477	19674	303	487738	976	357730	322540	0.003026	241	15	357713	0	0	0	nan	0	0	0	0.004451	0.000160	0.004451	0.000160	0.160940	0.005785
46	A	9265	487912	461162	0.020091	19677	305	487747	858	357632	329953	0.002600	240	15	357614	0	0	0	nan	0	0	0	0.017490	0.000227	0.017490	0.000227	0.632407	0.008208
47	G	9252	488105	455574	0.020308	19681	306	487940	2071	357483	325084	0.006371	240	15	357465	0	0	0	nan	0	0	0	0.013938	0.000253	0.013938	0.000253	0.503973	0.009148
48	A	3910	488330	449416	0.008700	19676	307	488161	1081	357312	322528	0.003352	241	16	357294	0	0	0	nan	0	0	0	0.005349	0.000172	0.005349	0.000172	0.193410	0.006219
49	A	40788	488443	457482	0.089158	19669	307	488272	537	357214	317167	0.001693	240	16	357196	0	0	0	nan	0	0	0	0.087464	0.000447	0.087464	0.000447	3.162540	0.016163
50	A	12645	488437	454849	0.027800	19664	309	488265	566	357201	294245	0.001924	237	16	357183	0	0	0	nan	0	0	0	0.025877	0.000260	0.025877	0.000260	0.935666	0.009401
51	U	8426	488329	452982	0.018601	19645	310	488156	718	357184	271920	0.002640	236	16	357166	0	0	0	nan	0	0	0	0.015961	0.000225	0.015961	0.000225	0.577121	0.008136
52	A	9970	488325	455152	0.021905	19684	309	488150	559	357191	274872	0.002034	234	16	357173	0	0	0	nan	0	0	0	0.019871	0.000236	0.019871	0.000236	0.718499	0.008533
53	C	6283	488330	458335	0.013708	19693	315	488155	900	357211	285557	0.003152	233	16	357192	0	0	0	nan	0	0	0	0.010557	0.000202	0.010557	0.000202	0.381722	0.007304
54	C	4292	488280	464843	0.009233	19700	315	488097	449	357236	322205	0.001394	233	16	357216	0	0	0	nan	0	0	0	0.007840	0.000156	0.007840	0.000156	0.283480	0.005641
55	C	8171	488125	464790	0.017580	19694	315	487928	1139	357350	332321	0.003427	231	17	357329	0	0	0	nan	0	0	0	0.014153	0.000219	0.014153	0.000219	0.511747	0.007919
56	G	13632	488052	461946	0.029510	19652	314	487834	2550	358052	331754	0.007686	228	17	358030	0	0	0	nan	0	0	0	0.021824	0.000295	0.021824	0.000295	0.789116	0.010667
57	U	4777	488022	459994	0.010385	19657	316	487795	1330	358461	328043	0.004054	227	17	358439	0	0	0	nan	0	0	0	0.006331	0.000187	0.006331	0.000187	0.228918	0.006762
58	A	13660	488083	458365	0.029802	19646	314	487851	354	358880	324002	0.001093	226	17	358857	0	0	0	nan	0	0	0	0.028709	0.000262	0.028709	0.000262	1.038066	0.009473
59	U	8350	488147	457945	0.018234	19656	314	487910	1436	359011	326824	0.004394	225	17	358988	0	0	0	nan	0	0	0	0.013840	0.000231	0.013840	0.000231	0.500429	0.008353
60	C	22623	488192	455922	0.049620	19651	314	487952	556	359013	324150	0.001715	225	17	358990	0	0	0	nan	0	0	0	0.047905	0.000338	0.047905	0.000338	1.732158	0.012221
61	A	15241	488183	460062	0.033128	19599	313	487944	628	358973	330088	0.001903	222	17	358951	0	0	0	nan	0	0	0	0.031226	0.000279	0.031226	0.000279	1.129076	0.010088
62	C	6313	488316	461867	0.013668	19566	316	488071	951	359026	331752	0.002867	219	17	359003	0	0	0	nan	0	0	0	0.010802	0.000196	0.010802	0.000196	0.390581	0.007087
63	C	5884	488330	464832	0.012658	19568	315	488079	643	358906	338324	0.001901	212	17	358883	0	0	0	nan	0	0	0	0.010758	0.000181	0.010758	0.000181	0.388990	0.006545
64	U	4569	488301	462073	0.009888	19534	315	488044	1048	358833	335554	0.003123	209	17	358810	0	0	0	nan	0	0	0	0.006765	0.000175	0.006765	0.000175	0.244610	0.006328
65	G	4023	488345	458948	0.008766	19523	314	488083	1033	358709	325497	0.003174	207	17	358686	0	0	0	nan	0	0	0	0.005592	0.000170	0.005592	0.000170	0.202197	0.006147
66	A	11292	488367	463386	0.024368	19521	314	488102	617	358654	317452	0.001944	205	17	358631	0	0	0	nan	0	0	0	0.022425	0.000242	0.022425	0.000242	0.810847	0.008750
67	U	10777	488482	463567	0.023248	19536	314	488214	912	358583	310490	0.002937	201	17	358560	0	0	0	nan	0	0	0	0.020311	0.000244	0.020311	0.000244	0.734409	0.008823
68	C	4759	488523	463617	0.010265	19527	316	488253	760	358479	307370	0.002473	200	17	358456	0	0	0	nan	0	0	0	0.007792	0.000174	0.007792	0.000174	0.281745	0.006292
69	U	3144	488603	458325	0.006860	19455	315	488332	817	358381	311253	0.002625	197	16	358360	0	0	0	nan	0	0	0	0.004235	0.000153	0.004235	0.000153	0.153130	0.005532
70	G	13921	488716	456008	0.030528	19431	315	488441	1747	358362	313017	0.005581	197	16	358341	0	0	0	nan	0	0	0	0.024947	0.000291	0.024947	0.000291	0.902038	0.010522
71	G	5593	488859	453183	0.012342	19412	315	488579	1084	358462	312395	0.003470	196	16	358441	0	0	0	nan	0	0	0	0.008872	0.000196	0.008872	0.000196	0.320795	0.007087
72	A	12757	488839	455215	0.028024	19377	315	488560	968	358472	307270	0.003150	184	16	358451	0	0	0	nan	0	0	0	0.024874	0.000268	0.024874	0.000268	0.899399	0.009690
73	U	2504	488904	458740	0.005458	19389	316	488625	717	358510	301278	0.002380	182	16	358489	0	0	0	nan	0	0	0	0.003079	0.000141	0.003079	0.000141	0.111331	0.005098
74	A	13746	488854	460981	0.029819	19316	315	488576	982	358527	301060	0.003262	181	16	358507	0	0	0	nan	0	0	0	0.026557	0.000275	0.026557	0.000275	0.960253	0.009944
75	A	11803	488883	464173	0.025428	19314	315	488605	345	358593	307841	0.001121	178	16	358572	0	0	0	nan	0	0	0	0.024307	0.000242	0.024307	0.000242	0.878897	0.008750
76	U	3571	488867	463736	0.007701	19270	315	488589	890	358674	318790	0.002792	174	16	358653	0	0	0	nan	0	0	0	0.004909	0.000159	0.004909	0.000159	0.177501	0.005749
77	G	9776	488866	462365	0.021143	19203	316	488588	2407	358751	332629	0.007236	174	16	358730	0	0	0	nan	0	0	0	0.013907	0.000260	0.013907	0.000260	0.502852	0.009401
78	C	4004	488861	462982	0.008648	19194	313	488583	1070	358745	339570	0.003151	177	16	358724	0	0	0	nan	0	0	0	0.005497	0.000167	0.005497	0.000167	0.198762	0.006038
79	C	3469	488789	461809	0.007512	19166	313	488511	510	358740	334894	0.001523	163	16	358719	0	0	0	nan	0	0	0	0.005989	0.000144	0.005989	0.000144	0.216551	0.005207
80	A	6780	488746	459676	0.014750	19129	313	488468	660	358667	331063	0.001994	162	15	358646	0	0	0	nan	0	0	0	0.012756	0.000195	0.012756	0.000195	0.461234	0.007051
81	G	15734	488884	458860	0.034289	19073	313	488606	3698	358626	326253	0.011335	163	15	358606	0	0	0	nan	0	0	0	0.022955	0.000331	0.022955	0.000331	0.830011	0.011968
82	C	11699	489027	458824	0.025498	19067	313	488749	701	358503	324307	0.002162	163	15	358482	0	0	0	nan	0	0	0	0.023336	0.000249	0.023336	0.000249	0.843788	0.009003
83	G	5240	489280	458637	0.011425	19069	311	489002	2463	358427	313399	0.007859	163	15	358406	0	0	0	nan	0	0	0	0.003566	0.000224	0.003566	0.000224	0.128940	0.008099
84	U	6920	489383	456512	0.015158	19068	310	489105	613	358162	300401	0.002041	163	15	358141	0	0	0	nan	0	0	0	0.013118	0.000200	0.013118	0.000200	0.474323	0.007232
85	A	11804	489565	454067	0.025996	19067	311	489287	571	358037	300252	0.001902	163	15	358016	0	0	0	nan	0	0	0	0.024094	0.000252	0.024094	0.000252	0.871195	0.009112
86	G	12859	490285	452388	0.028425	19073	312	490006	2336	358037	305466	0.007647	163	15	358017	0	0	0	nan	0	0	0	0.020777	0.000296	0.020777	0.000296	0.751259	0.010703
87	G	11385	490775	451902	0.025194	19072	312	490496	2399	358154	309305	0.007756	166	17	358135	0	0	0	nan	0	0	0	0.017437	0.000284	0.017437	0.000284	0.630490	0.010269
88	G	4593	490835	447787	0.010257	19060	311	490556	1652	358194	301430	0.005481	167	17	358175	0	0	0	nan	0	0	0	0.004777	0.000203	0.004777	0.000203	0.172728	0.007340
89	A	11520	490800	448860	0.025665	19047	311	490521	692	358211	294697	0.002348	167	17	358192	0	0	0	nan	0	0	0	0.023317	0.000255	0.023317	0.000255	0.843101	0.009220
90	A	15747	490792	454917	0.034615	19041	310	490513	502	358263	297869	0.001685	169	17	358244	0	0	0	nan	0	0	0	0.032930	0.000286	0.032930	0.000286	1.190689	0.010341
91	G	43955	490820	465330	0.094460	19037	311	490541	14657	358344	302169	0.048506	171	17	358325	0	0	0	nan	0	0	0	0.045954	0.000603	0.045954	0.000603	1.661614	0.021803
92	U	9340	490833	465779	0.020052	19035	310	490554	2601	358411	299863	0.008674	181	21	358392	0	0	0	nan	0	0	0	0.011378	0.000268	0.011378	0.000268	0.411408	0.009690
93	U	6725	490832	465309	0.014453	19032	309	490553	2105	358512	294281	0.007153	183	21	358493	0	0	0	nan	0	0	0	0.007300	0.000235	0.007300	0.000235	0.263955	0.008497
94	C	0	490527	463824	0.000000	19034	310	490248	0	358660	295473	0.000000	185	21	358641	0	0	0	nan	0	0	0	0.000000	0.000000	0.000000	0.000000	0.000000	0.000000
95	u	0	490653	0	nan	19332	329	490374	0	359017	0	nan	186	22	358998	0	0	0	nan	0	0	0	nan	nan	nan	nan	nan	nan
96	c	0	490678	0	nan	19335	328	490399	0	359625	0	nan	189	22	359606	0	0	0	nan	0	0	0	nan	nan	nan	nan	nan	nan
97	g	0	490897	0	nan	19337	328	490618	0	360113	0	nan	189	23	360094	0	0	0	nan	0	0	0	nan	nan	nan	nan	nan	nan
98	a	0	491070	0	nan	19338	328	490791	0	360377	0	nan	190	24	360359	0	0	0	nan	0	0	0	nan	nan	nan	nan	nan	nan
99	u	0	491372	0	nan	19337	327	491093	0	360440	0	nan	192	26	360422	0	0	0	nan	0	0	0	nan	nan	nan	nan	nan	nan
100	c	0	491630	0	nan	19339	329	491351	0	360482	0	nan	193	26	360464	0	0	0	nan	0	0	0	nan	nan	nan	nan	nan	nan
101	c	0	492009	0	nan	19334	327	491730	0	360525	0	nan	193	26	360507	0	0	0	nan	0	0	0	nan	nan	nan	nan	nan	nan
102	g	0	492452	0	nan	19335	327	492173	0	360552	0	nan	193	27	360534	0	0	0	nan	0	0	0	nan	nan	nan	nan	nan	nan
103	g	0	492925	0	nan	19334	326	492646	0	360571	0	nan	197	28	360553	0	0	0	nan	0	0	0	nan	nan	nan	nan	nan	nan
104	u	0	493079	0	nan	19330	332	492800	0	360562	0	nan	201	30	360544	0	0	0	nan	0	0	0	nan	nan	nan	nan	nan	nan
105	u	0	493156	0	nan	19317	330	492877	0	360574	0	nan	205	31	360556	0	0	0	nan	0	0	0	nan	nan	nan	nan	nan	nan
106	c	0	493149	0	nan	19234	330	492871	0	360571	0	nan	209	31	360554	0	0	0	nan	0	0	0	nan	nan	nan	nan	nan	nan
107	g	0	492504	0	nan	7724	317	492340	0	360657	0	nan	151	34	360643	0	0	0	nan	0	0	0	nan	nan	nan	nan	nan	nan
108	c	0	492555	0	nan	5450	314	492419	0	360905	0	nan	150	35	360892	0	0	0	nan	0	0	0	nan	nan	nan	nan	nan	nan
109	c	0	492440	0	nan	4682	312	492349	0	360973	0	nan	142	35	360961	0	0	0	nan	0	0	0	nan	nan	nan	nan	nan	nan
110	g	0	492751	0	nan	2578	310	492692	0	361744	0	nan	137	35	361733	0	0	0	nan	0	0	0	nan	nan	nan	nan	nan	nan
111	g	0	492928	0	nan	1818	306	492890	0	362969	0	nan	132	35	362959	0	0	0	nan	0	0	0	nan	nan	nan	nan	nan	nan
112	a	0	492970	0	nan	1388	305	492942	0	363004	0	nan	129	35	362997	0	0	0	nan	0	0	0	nan	nan	nan	nan	nan	nan
113	u	0	493013	0	nan	1292	305	492990	0	363070	0	nan	129	35	363063	0	0	0	nan	0	0	0	nan	nan	nan	nan	nan	nan
114	c	0	493156	0	nan	1271	305	493135	0	363247	0	nan	129	35	363240	0	0	0	nan	0	0	0	nan	nan	nan	nan	nan	nan
115	c	0	493189	0	nan	1214	300	493168	0	363375	0	nan	129	34	363368	0	0	0	nan	0	0	0	nan	nan	nan	nan	nan	nan
116	a	0	493131	0	nan	1185	298	493110	0	363354	0	nan	129	34	363347	0	0	0	nan	0	0	0	nan	nan	nan	nan	nan	nan
117	a	0	493056	0	nan	1151	298	493036	0	363334	0	nan	128	34	363327	0	0	0	nan	0	0	0	nan	nan	nan	nan	nan	nan
118	a	0	492995	0	nan	1140	298	492976	0	363314	0	nan	128	34	363307	0	0	0	nan	0	0	0	nan	nan	nan	nan	nan	nan
119	u	0	492924	0	nan	1129	297	492905	0	363291	0	nan	128	34	363285	0	0	0	nan	0	0	0	nan	nan	nan	nan	nan	nan
120	c	0	492876	0	nan	1115	297	492858	0	363265	0	nan	128	34	363259	0	0	0	nan	0	0	0	nan	nan	nan	nan	nan	nan
121	g	0	492785	0	nan	1111	296	492767	0	363207	0	nan	127	34	363201	0	0	0	nan	0	0	0	nan	nan	nan	nan	nan	nan
122	g	0	492717	0	nan	1110	295	492699	0	363164	0	nan	127	34	363158	0	0	0	nan	0	0	0	nan	nan	nan	nan	nan	nan
123	g	0	492469	0	nan	1108	292	492451	0	363096	0	nan	127	34	363090	0	0	0	nan	0	0	0	nan	nan	nan	nan	nan	nan
124	c	0	492063	0	nan	1090	289	492063	0	363030	0	nan	126	34	363030	0	0	0	nan	0	0	0	nan	nan	nan	nan	nan	nan
125	u	0	492014	0	nan	1087	289	492014	0	363013	0	nan	126	34	363013	0	0	0	nan	0	0	0	nan	nan	nan	nan	nan	nan
126	u	0	491977	0	nan	1087	285	491977	0	363005	0	nan	126	34	363005	0	0	0	nan	0	0	0	nan	nan	nan	nan	nan	nan
127	c	0	491934	0	nan	1083	284	491934	0	362990	0	nan	126	34	362990	0	0	0	nan	0	0	0	nan	nan	nan	nan	nan	nan
128	g	0	491897	0	nan	1083	284	491897	0	362973	0	nan	126	34	362973	0	0	0	nan	0	0	0	nan	nan	nan	nan	nan	nan
129	g	0	491687	0	nan	1083	283	491687	0	362931	0	nan	126	34	362931	0	0	0	nan	0	0	0	nan	nan	nan	nan	nan	nan
130	u	0	491589	0	nan	1083	281	491589	0	362911	0	nan	126	34	362911	0	0	0	nan	0	0	0	nan	nan	nan	nan	nan	nan
131	c	0	491518	0	nan	1083	281	491518	0	362894	0	nan	126	34	362894	0	0	0	nan	0	0	0	nan	nan	nan	nan	nan	nan
132	c	0	491457	0	nan	1083	280	491457	0	362881	0	nan	126	34	362881	0	0	0	nan	0	0	0	nan	nan	nan	nan	nan	nan
133	g	0	491336	0	nan	1083	277	491336	0	362875	0	nan	126	34	362875	0	0	0	nan	0	0	0	nan	nan	nan	nan	nan	nan
134	g	0	491191	0	nan	1083	275	491191	0	362858	0	nan	126	33	362858	0	0	0	nan	0	0	0	nan	nan	nan	nan	nan	nan
135	u	0	490916	0	nan	1083	269	490916	0	362775	0	nan	126	33	362775	0	0	0	nan	0	0	0	nan	nan	nan	nan	nan	nan
136	u	0	490004	0	nan	1083	268	490004	0	361698	0	nan	126	33	361698	0	0	0	nan	0	0	0	nan	nan	nan	nan	nan	nan
137	c	0	486801	0	nan	1076	256	486801	0	338996	0	nan	125	32	338996	0	0	0	nan	0	0	0	nan	nan	nan	nan	nan	nan