Nucleotide	Sequence	Modified_mutations	Modified_read_depth	Modified_effective_depth	Modified_rate	Modified_off_target_mapped_depth	Modified_low_mapq_mapped_depth	Modified_primer_pair_1_mapped_depth	Untreated_mutations	Untreated_read_depth	Untreated_effective_depth	Untreated_rate	Untreated_off_target_mapped_depth	Untreated_low_mapq_mapped_depth	Untreated_primer_pair_1_mapped_depth	Denatured_mutations	Denatured_read_depth	Denatured_effective_depth	Denatured_rate	Denatured_off_target_mapped_depth	Denatured_low_mapq_mapped_depth	Denatured_primer_pair_1_mapped_depth	Reactivity_profile	Std_err	HQ_profile	HQ_stderr	Norm_profile	Norm_stderr
1	g	0	7100615	0	nan	700435	20591	7100615	0	762918	0	nan	36084	130	762918	0	0	0	nan	0	0	0	nan	nan	nan	nan	nan	nan
2	g	0	7124680	0	nan	701081	20622	7124680	0	764167	0	nan	36126	130	764167	0	0	0	nan	0	0	0	nan	nan	nan	nan	nan	nan
3	c	0	7144888	0	nan	701478	20661	7144888	0	764809	0	nan	36141	130	764809	0	0	0	nan	0	0	0	nan	nan	nan	nan	nan	nan
4	c	0	7162351	0	nan	701776	20673	7162351	0	765146	0	nan	36150	130	765146	0	0	0	nan	0	0	0	nan	nan	nan	nan	nan	nan
5	u	0	7177642	0	nan	701875	20677	7177642	0	765170	0	nan	36150	131	765170	0	0	0	nan	0	0	0	nan	nan	nan	nan	nan	nan
6	u	0	7190402	0	nan	701942	20686	7190402	0	765247	0	nan	36151	131	765247	0	0	0	nan	0	0	0	nan	nan	nan	nan	nan	nan
7	c	0	7195937	0	nan	702004	20700	7195937	0	765315	0	nan	36151	131	765315	0	0	0	nan	0	0	0	nan	nan	nan	nan	nan	nan
8	g	0	7205878	0	nan	702059	20728	7205878	0	765353	0	nan	36151	131	765353	0	0	0	nan	0	0	0	nan	nan	nan	nan	nan	nan
9	g	0	7218155	0	nan	702110	20737	7218155	0	765375	0	nan	36151	131	765375	0	0	0	nan	0	0	0	nan	nan	nan	nan	nan	nan
10	g	0	7231468	0	nan	702147	20750	7231468	0	765408	0	nan	36152	131	765408	0	0	0	nan	0	0	0	nan	nan	nan	nan	nan	nan
11	c	0	7242707	0	nan	702196	20763	7242707	0	765440	0	nan	36152	131	765440	0	0	0	nan	0	0	0	nan	nan	nan	nan	nan	nan
12	c	0	7243004	0	nan	711149	20773	7242865	0	765449	0	nan	36155	131	765440	0	0	0	nan	0	0	0	nan	nan	nan	nan	nan	nan
13	a	0	7243565	0	nan	718585	20795	7243132	0	765480	0	nan	36157	131	765440	0	0	0	nan	0	0	0	nan	nan	nan	nan	nan	nan
14	a	0	7243858	0	nan	723467	20802	7243276	0	765500	0	nan	36159	131	765440	0	0	0	nan	0	0	0	nan	nan	nan	nan	nan	nan
15	G	13396	7244037	7077762	0.001893	729008	20806	7243385	1674	765504	709083	0.002361	36168	131	765440	0	0	0	nan	0	0	0	-0.000468	0.000060	-0.000468	0.000060	-0.006155	0.000789
16	U	17315	7244218	7151508	0.002421	735221	20809	7243532	6370	765522	719407	0.008855	36173	131	765440	0	0	0	nan	0	0	0	-0.006433	0.000112	-0.006433	0.000112	-0.084607	0.001473
17	U	6922	7244382	7100516	0.000975	741078	20815	7243655	839	765529	724590	0.001158	36176	131	765441	0	0	0	nan	0	0	0	-0.000183	0.000042	-0.000183	0.000042	-0.002407	0.000552
18	A	31637	7244568	6987896	0.004527	745781	20823	7243816	628	765544	729105	0.000861	36183	131	765443	0	0	0	nan	0	0	0	0.003666	0.000043	0.003666	0.000043	0.048216	0.000566
19	A	90003	7244675	7043224	0.012779	748925	20826	7243899	374	765547	722728	0.000517	36183	131	765444	0	0	0	nan	0	0	0	0.012261	0.000050	0.012261	0.000050	0.161258	0.000658
20	U	7927	7244806	7058323	0.001123	752211	20833	7243990	1616	765547	730906	0.002211	36188	131	765444	0	0	0	nan	0	0	0	-0.001088	0.000056	-0.001088	0.000056	-0.014309	0.000737
21	C	15397	7245116	7062447	0.002180	755400	20846	7244253	488	765557	717300	0.000680	36190	131	765444	0	0	0	nan	0	0	0	0.001500	0.000035	0.001500	0.000035	0.019728	0.000460
22	A	35267	7245329	7024488	0.005021	758833	20863	7244424	830	765558	718137	0.001156	36194	131	765444	0	0	0	nan	0	0	0	0.003865	0.000048	0.003865	0.000048	0.050833	0.000631
23	U	6530	7245505	6967468	0.000937	761390	21114	7244561	1579	765560	709892	0.002224	36196	131	765444	0	0	0	nan	0	0	0	-0.001287	0.000057	-0.001287	0.000057	-0.016927	0.000750
24	G	24585	7244349	6930023	0.003548	764176	21411	7243367	2807	765076	721161	0.003892	36197	131	764958	0	0	0	nan	0	0	0	-0.000345	0.000077	-0.000345	0.000077	-0.004537	0.001013
25	C	10477	7242033	6795890	0.001542	765698	21594	7241021	1054	765002	728269	0.001447	36197	131	764880	0	0	0	nan	0	0	0	0.000094	0.000047	0.000094	0.000047	0.001236	0.000618
26	U	34304	7237932	6581739	0.005212	767801	21672	7236901	1173	764881	742620	0.001580	36197	131	764756	0	0	0	nan	0	0	0	0.003632	0.000054	0.003632	0.000054	0.047768	0.000710
27	C	20542	7231172	5948561	0.003453	769600	21738	7230115	1174	764767	737205	0.001593	36198	131	764639	0	0	0	nan	0	0	0	0.001861	0.000052	0.001861	0.000052	0.024476	0.000684
28	G	653875	7202221	5224352	0.125159	771387	21795	7201107	4208	764175	737800	0.005703	36199	131	764041	0	0	0	nan	0	0	0	0.119456	0.000178	0.119456	0.000178	1.571094	0.002341
29	G	281222	7169715	5194796	0.054135	774454	21808	7168538	4831	763861	732348	0.006597	36200	131	763726	0	0	0	nan	0	0	0	0.047539	0.000139	0.047539	0.000139	0.625237	0.001828
30	G	229226	7141094	5076035	0.045158	775679	21855	7139863	2070	763311	714162	0.002899	36185	131	763159	0	0	0	nan	0	0	0	0.042260	0.000114	0.042260	0.000114	0.555807	0.001499
31	U	212036	7123332	4747904	0.044659	778461	21917	7122034	1395	762493	705410	0.001978	36184	129	762339	0	0	0	nan	0	0	0	0.042681	0.000110	0.042681	0.000110	0.561344	0.001447
32	A	302974	7107581	4742288	0.063888	730010	21910	7106250	553	762058	703856	0.000786	35626	129	761903	0	0	0	nan	0	0	0	0.063102	0.000121	0.063102	0.000121	0.829922	0.001591
33	A	1012333	7093602	5418358	0.186834	731434	21894	7092233	413	761183	714814	0.000578	35631	129	761027	0	0	0	nan	0	0	0	0.186256	0.000188	0.186256	0.000188	2.449653	0.002473
34	U	200177	7082025	5575357	0.035904	736120	21897	7080569	2412	759929	713490	0.003381	35635	129	759773	0	0	0	nan	0	0	0	0.032523	0.000106	0.032523	0.000106	0.427745	0.001394
35	C	381985	7073822	5628979	0.067860	737250	21887	7072319	544	758986	709404	0.000767	35635	129	758829	0	0	0	nan	0	0	0	0.067094	0.000115	0.067094	0.000115	0.882425	0.001512
36	G	403631	7059928	6024226	0.067001	739148	21867	7058349	5032	757449	706912	0.007118	35635	128	757289	0	0	0	nan	0	0	0	0.059883	0.000146	0.059883	0.000146	0.787586	0.001920
37	C	85895	7048074	6037581	0.014227	740535	21842	7046424	987	756081	703234	0.001404	35637	128	755919	0	0	0	nan	0	0	0	0.012823	0.000066	0.012823	0.000066	0.168649	0.000868
38	U	36431	7037867	6047819	0.006024	741701	21806	7036159	1336	755361	700190	0.001908	35639	126	755198	0	0	0	nan	0	0	0	0.004116	0.000061	0.004116	0.000061	0.054134	0.000802
39	G	48789	7030800	6032767	0.008087	742487	21797	7029017	3119	754753	697969	0.004469	35640	125	754585	0	0	0	nan	0	0	0	0.003619	0.000088	0.003619	0.000088	0.047597	0.001157
40	C	12066	7023646	6064985	0.001989	743262	21808	7021796	1795	754390	699757	0.002565	35638	125	754215	0	0	0	nan	0	0	0	-0.000576	0.000063	-0.000576	0.000063	-0.007576	0.000829
41	G	27660	7015706	6025348	0.004591	743954	21821	7013805	1913	753933	700462	0.002731	35641	125	753756	0	0	0	nan	0	0	0	0.001860	0.000068	0.001860	0.000068	0.024463	0.000894
42	G	49717	7011565	6006377	0.008277	744617	21824	7009588	9427	753491	706186	0.013349	35644	124	753311	0	0	0	nan	0	0	0	-0.005072	0.000142	-0.005072	0.000142	-0.066707	0.001868
43	C	20935	7006333	5998521	0.003490	744986	21813	7004262	1443	753246	714370	0.002020	35643	124	753063	0	0	0	nan	0	0	0	0.001470	0.000058	0.001470	0.000058	0.019334	0.000763
44	C	10502	7001082	5925992	0.001772	745416	21809	6998931	1120	753005	711155	0.001575	35648	124	752820	0	0	0	nan	0	0	0	0.000197	0.000050	0.000197	0.000050	0.002591	0.000658
45	G	235799	6992679	5435447	0.043382	746139	21803	6990474	6339	752547	711130	0.008914	35650	123	752362	0	0	0	nan	0	0	0	0.034468	0.000143	0.034468	0.000143	0.453326	0.001881
46	G	684809	6986940	5715356	0.119819	748523	21797	6984577	9905	752397	682694	0.014509	35651	122	752212	0	0	0	nan	0	0	0	0.105310	0.000205	0.105310	0.000205	1.385045	0.002696
47	U	115572	6981768	5607163	0.020611	750394	21785	6979274	2348	752480	683475	0.003435	35649	121	752293	0	0	0	nan	0	0	0	0.017176	0.000093	0.017176	0.000093	0.225900	0.001223
48	U	378166	6975519	5770319	0.065536	752274	21775	6972831	921	752163	683686	0.001347	35587	121	751973	0	0	0	nan	0	0	0	0.064189	0.000115	0.064189	0.000115	0.844219	0.001512
49	U	546708	6959590	5954342	0.091817	409239	21490	6956919	3356	749129	709534	0.004730	16365	76	748955	0	0	0	nan	0	0	0	0.087087	0.000149	0.087087	0.000149	1.145375	0.001960
50	C	65825	6954978	6018654	0.010937	416892	21506	6951704	1160	749717	704917	0.001646	16360	76	748687	0	0	0	nan	0	0	0	0.009291	0.000064	0.009291	0.000064	0.122196	0.000842
51	G	36420	6944386	6029287	0.006041	435271	21612	6939084	2411	746807	702299	0.003433	15986	74	745780	0	0	0	nan	0	0	0	0.002608	0.000077	0.002608	0.000077	0.034301	0.001013
52	G	61975	6934400	6021262	0.010293	409376	21551	6929160	6878	745310	698488	0.009847	14491	69	744280	0	0	0	nan	0	0	0	0.000446	0.000126	0.000446	0.000126	0.005866	0.001657
53	C	91575	6927224	6082871	0.015055	394149	21497	6921983	3315	744249	705947	0.004696	13591	68	743213	0	0	0	nan	0	0	0	0.010359	0.000096	0.010359	0.000096	0.136242	0.001263
54	C	13804	6919138	6127043	0.002253	384956	22211	6913861	1700	742836	705941	0.002408	12671	65	741806	0	0	0	nan	0	0	0	-0.000155	0.000061	-0.000155	0.000061	-0.002039	0.000802
55	G	25044	6907322	6103902	0.004103	373076	22320	6902081	1768	740020	685185	0.002580	11909	59	738988	0	0	0	nan	0	0	0	0.001523	0.000067	0.001523	0.000067	0.020031	0.000881
56	U	18516	6900880	6035082	0.003068	367120	22288	6895645	947	739003	678525	0.001396	11581	57	737970	0	0	0	nan	0	0	0	0.001672	0.000051	0.001672	0.000051	0.021990	0.000671
57	A	39711	6897852	6009816	0.006608	365927	22289	6892603	674	738576	677802	0.000994	11491	57	737536	0	0	0	nan	0	0	0	0.005613	0.000051	0.005613	0.000051	0.073823	0.000671
58	G	180405	6896063	6096119	0.029593	365679	22297	6890789	797	738165	686632	0.001161	11400	56	737115	0	0	0	nan	0	0	0	0.028433	0.000081	0.028433	0.000081	0.373953	0.001065
59	A	296565	6894251	5974514	0.049638	368942	22310	6888942	1012	737921	690113	0.001466	11339	55	736862	0	0	0	nan	0	0	0	0.048172	0.000102	0.048172	0.000102	0.633562	0.001342
60	G	350413	6893309	6016500	0.058242	371225	22311	6887969	2578	737758	694181	0.003714	11330	55	736692	0	0	0	nan	0	0	0	0.054528	0.000123	0.054528	0.000123	0.717156	0.001618
61	G	378054	6891018	5999581	0.063013	371792	22256	6885658	4596	737508	696894	0.006595	11332	55	736433	0	0	0	nan	0	0	0	0.056418	0.000141	0.056418	0.000141	0.742014	0.001854
62	A	431526	6888964	5905208	0.073075	372139	21988	6883590	1636	737323	700143	0.002337	11330	54	736245	0	0	0	nan	0	0	0	0.070739	0.000125	0.070739	0.000125	0.930365	0.001644
63	A	389432	6884639	6193768	0.062875	372817	21822	6879238	499	737262	699585	0.000713	11330	54	736180	0	0	0	nan	0	0	0	0.062162	0.000106	0.062162	0.000106	0.817559	0.001394
64	A	178831	6878767	6278445	0.028483	374194	21713	6873322	510	737114	702624	0.000726	11330	54	736030	0	0	0	nan	0	0	0	0.027757	0.000075	0.027757	0.000075	0.365062	0.000986
65	G	29753	6873832	6304843	0.004719	375204	21530	6868363	1596	736877	690346	0.002312	11330	55	735792	0	0	0	nan	0	0	0	0.002407	0.000064	0.002407	0.000064	0.031657	0.000842
66	U	263867	6869114	6314719	0.041786	375561	21448	6863571	12148	736817	694206	0.017499	11330	55	735727	0	0	0	nan	0	0	0	0.024287	0.000178	0.024287	0.000178	0.319424	0.002341
67	C	38539	6864038	6323545	0.006095	376666	21349	6858466	912	736813	706367	0.001291	11330	55	735717	0	0	0	nan	0	0	0	0.004803	0.000053	0.004803	0.000053	0.063169	0.000697
68	C	22737	6856479	6273192	0.003624	399215	21348	6850809	675	736515	714900	0.000944	11331	54	735408	0	0	0	nan	0	0	0	0.002680	0.000044	0.002680	0.000044	0.035248	0.000579
69	A	94771	6841176	6168403	0.015364	398863	21178	6835490	951	735508	711202	0.001337	11330	53	734396	0	0	0	nan	0	0	0	0.014027	0.000066	0.014027	0.000066	0.184484	0.000868
70	U	18037	6835165	6118482	0.002948	398935	21041	6829470	1456	735193	705875	0.002063	11329	52	734079	0	0	0	nan	0	0	0	0.000885	0.000058	0.000885	0.000058	0.011640	0.000763
71	G	38880	6828159	6078215	0.006397	398419	20952	6822445	2900	734570	707435	0.004099	11329	52	733446	0	0	0	nan	0	0	0	0.002297	0.000083	0.002297	0.000083	0.030210	0.001092
72	C	73792	6822666	5896996	0.012513	398288	20229	6816936	3440	733778	701949	0.004901	11329	52	732653	0	0	0	nan	0	0	0	0.007613	0.000095	0.007613	0.000095	0.100127	0.001249
73	U	20809	6815052	5531864	0.003762	398023	20009	6809313	2073	732822	702298	0.002952	11329	52	731693	0	0	0	nan	0	0	0	0.000810	0.000070	0.000810	0.000070	0.010653	0.000921
74	C	32315	6809342	5235293	0.006173	371877	19717	6804016	932	732405	697967	0.001335	11277	53	731267	0	0	0	nan	0	0	0	0.004837	0.000056	0.004837	0.000056	0.063617	0.000737
75	G	316941	6803867	5050997	0.062748	371944	19274	6798518	4361	731481	699508	0.006234	11274	53	730333	0	0	0	nan	0	0	0	0.056514	0.000146	0.056514	0.000146	0.743276	0.001920
76	C	926943	6800116	4665825	0.198666	370172	19146	6794782	904	731298	692348	0.001306	11265	53	730145	0	0	0	nan	0	0	0	0.197361	0.000211	0.197361	0.000211	2.595707	0.002775
77	A	832807	6795426	4944791	0.168421	365151	18878	6790051	671	730951	693314	0.000968	11177	52	729787	0	0	0	nan	0	0	0	0.167453	0.000188	0.167453	0.000188	2.202355	0.002473
78	C	270106	6794916	5165619	0.052289	366123	18506	6789471	796	731080	693380	0.001148	11177	51	729908	0	0	0	nan	0	0	0	0.051141	0.000109	0.051141	0.000109	0.672610	0.001434
79	G	98559	6791359	5252230	0.018765	366288	18182	6785881	6038	730713	699969	0.008626	11175	50	729530	0	0	0	nan	0	0	0	0.010139	0.000126	0.010139	0.000126	0.133349	0.001657
80	G	55758	6787819	5217647	0.010686	366528	18090	6782312	3012	730712	690690	0.004361	11175	50	729526	0	0	0	nan	0	0	0	0.006326	0.000091	0.006326	0.000091	0.083200	0.001197
81	U	117877	6784553	5195313	0.022689	372342	17863	6778735	1456	739641	699513	0.002081	11175	50	738450	0	0	0	nan	0	0	0	0.020608	0.000086	0.020608	0.000086	0.271038	0.001131
82	G	100126	6780804	5174732	0.019349	372219	17605	6774963	3420	740480	697012	0.004907	11173	50	739286	0	0	0	nan	0	0	0	0.014442	0.000104	0.014442	0.000104	0.189942	0.001368
83	C	334379	6776766	5241797	0.063791	372709	17521	6770890	1070	740372	704127	0.001520	11171	50	739176	0	0	0	nan	0	0	0	0.062271	0.000120	0.062271	0.000120	0.818993	0.001578
84	U	107272	6773654	4961254	0.021622	372990	17326	6767744	1211	740166	705472	0.001717	11164	50	738965	0	0	0	nan	0	0	0	0.019905	0.000082	0.019905	0.000082	0.261792	0.001078
85	G	152290	6770505	4671898	0.032597	372423	17277	6764595	1449	739771	704625	0.002056	11135	50	738559	0	0	0	nan	0	0	0	0.030541	0.000099	0.030541	0.000099	0.401678	0.001302
86	A	807261	6763649	5020587	0.160790	372818	17181	6757816	1425	739145	710127	0.002007	11126	50	737924	0	0	0	nan	0	0	0	0.158783	0.000187	0.158783	0.000187	2.088326	0.002459
87	G	182276	6761270	5138287	0.035474	375531	16489	6755332	859	739303	707566	0.001214	11125	50	738076	0	0	0	nan	0	0	0	0.034260	0.000093	0.034260	0.000093	0.450590	0.001223
88	A	666257	6759965	5360884	0.124281	388174	16453	6753525	715	739545	704764	0.001015	11135	49	738315	0	0	0	nan	0	0	0	0.123267	0.000157	0.123267	0.000157	1.621217	0.002065
89	U	156881	6760029	5620325	0.027913	396634	16305	6753290	986	739710	703384	0.001402	11136	48	738477	0	0	0	nan	0	0	0	0.026511	0.000083	0.026511	0.000083	0.348675	0.001092
90	G	28712	6759296	5600083	0.005127	396897	16172	6752526	2718	740049	705205	0.003854	11136	47	738811	0	0	0	nan	0	0	0	0.001273	0.000080	0.001273	0.000080	0.016743	0.001052
91	C	47292	6757363	5551632	0.008519	397465	15744	6750490	7111	740485	715470	0.009939	11135	48	739242	0	0	0	nan	0	0	0	-0.001420	0.000124	-0.001420	0.000124	-0.018676	0.001631
92	C	11722	6754335	5563752	0.002107	397858	15676	6747425	954	740666	721560	0.001322	11135	48	739420	0	0	0	nan	0	0	0	0.000785	0.000047	0.000785	0.000047	0.010324	0.000618
93	C	13052	6751508	5486767	0.002379	398250	15558	6744554	1813	740735	721386	0.002513	11136	48	739483	0	0	0	nan	0	0	0	-0.000134	0.000063	-0.000134	0.000063	-0.001762	0.000829
94	G	484396	6739129	4974737	0.097371	398130	15018	6732155	2940	740477	713894	0.004118	11136	47	739222	0	0	0	nan	0	0	0	0.093253	0.000159	0.093253	0.000159	1.226471	0.002091
95	U	214769	6737202	4970695	0.043207	399847	14901	6730159	2022	740424	709804	0.002849	11138	47	739166	0	0	0	nan	0	0	0	0.040358	0.000113	0.040358	0.000113	0.530792	0.001486
96	A	1005957	6736183	5390373	0.186621	400216	14829	6729106	1064	740702	709971	0.001499	11140	47	739439	0	0	0	nan	0	0	0	0.185122	0.000192	0.185122	0.000192	2.434739	0.002525
97	G	323533	6737783	5668786	0.057073	407887	14756	6730465	2028	741088	707999	0.002864	11141	45	739823	0	0	0	nan	0	0	0	0.054208	0.000119	0.054208	0.000119	0.712948	0.001565
98	U	414316	6738002	5862570	0.070671	411930	14597	6730538	2042	741275	711732	0.002869	11152	41	740006	0	0	0	nan	0	0	0	0.067802	0.000127	0.067802	0.000127	0.891737	0.001670
99	G	76161	6738921	5957050	0.012785	413846	14313	6731369	1705	741596	709288	0.002404	11153	37	740323	0	0	0	nan	0	0	0	0.010381	0.000074	0.010381	0.000074	0.136532	0.000973
100	U	107532	6738963	6010758	0.017890	414074	14193	6731390	2153	741962	712939	0.003020	11150	24	740688	0	0	0	nan	0	0	0	0.014870	0.000085	0.014870	0.000085	0.195571	0.001118
101	U	8404	6738473	6047386	0.001390	414255	14150	6730881	811	742280	714882	0.001134	11150	16	740999	0	0	0	nan	0	0	0	0.000255	0.000043	0.000255	0.000043	0.003354	0.000566
102	C	20344	6737307	5963892	0.003411	414238	14128	6729702	891	742702	719877	0.001238	11151	14	741417	0	0	0	nan	0	0	0	0.002173	0.000048	0.002173	0.000048	0.028579	0.000631
103	G	102764	6735975	6015567	0.017083	414230	14101	6728344	1228	743096	722182	0.001700	11144	13	741806	0	0	0	nan	0	0	0	0.015383	0.000072	0.015383	0.000072	0.202318	0.000947
104	U	43833	6734559	5984143	0.007325	414127	14026	6726920	1716	743165	723007	0.002373	11144	13	741874	0	0	0	nan	0	0	0	0.004951	0.000067	0.004951	0.000067	0.065116	0.000881
105	G	79419	6733533	5903297	0.013453	414192	14016	6725870	2603	743542	723287	0.003599	11142	13	742249	0	0	0	nan	0	0	0	0.009854	0.000085	0.009854	0.000085	0.129601	0.001118
106	G	131494	6733069	5802210	0.022663	414230	14007	6725392	3351	743839	724960	0.004622	11142	12	742543	0	0	0	nan	0	0	0	0.018040	0.000101	0.018040	0.000101	0.237263	0.001328
107	A	237236	6732757	5800918	0.040896	414407	13937	6725021	735	743891	724988	0.001014	11137	9	742593	0	0	0	nan	0	0	0	0.039882	0.000092	0.039882	0.000092	0.524531	0.001210
108	A	111443	6732310	5866124	0.018998	414389	13849	6724568	375	743911	724979	0.000517	11136	9	742613	0	0	0	nan	0	0	0	0.018480	0.000063	0.018480	0.000063	0.243050	0.000829
109	A	441690	6730151	5966597	0.074027	415058	13815	6722384	538	743572	726965	0.000740	11136	9	742273	0	0	0	nan	0	0	0	0.073287	0.000116	0.073287	0.000116	0.963876	0.001526
110	C	41680	6727897	6022192	0.006921	415281	13663	6720118	1398	742968	723838	0.001931	11136	9	741669	0	0	0	nan	0	0	0	0.004990	0.000062	0.004990	0.000062	0.065629	0.000815
111	A	12878	6725422	5984380	0.002152	415233	13565	6717646	591	742613	722432	0.000818	11136	9	741314	0	0	0	nan	0	0	0	0.001334	0.000039	0.001334	0.000039	0.017545	0.000513
112	C	8645	6723558	5925832	0.001459	415790	13516	6715756	983	742195	720824	0.001364	11136	9	740896	0	0	0	nan	0	0	0	0.000095	0.000046	0.000095	0.000046	0.001249	0.000605
113	G	72967	6721253	5843256	0.012487	415476	13307	6713472	1485	741728	720154	0.002062	11135	8	740427	0	0	0	nan	0	0	0	0.010425	0.000071	0.010425	0.000071	0.137110	0.000934
114	A	101432	6719745	5805380	0.017472	415597	13257	6711979	833	741174	720352	0.001156	11138	8	739869	0	0	0	nan	0	0	0	0.016316	0.000068	0.016316	0.000068	0.214589	0.000894
115	G	60400	6718748	5800685	0.010413	416378	13185	6710961	3238	741117	720636	0.004493	11140	8	739812	0	0	0	nan	0	0	0	0.005919	0.000090	0.005919	0.000090	0.077847	0.001184
116	C	50890	6718047	5588897	0.009106	418482	13105	6710246	1621	741035	725533	0.002234	11152	8	739729	0	0	0	nan	0	0	0	0.006871	0.000069	0.006871	0.000069	0.090368	0.000907
117	G	79359	6717452	5134356	0.015456	418726	12773	6709662	1308	741076	723490	0.001808	11149	7	739766	0	0	0	nan	0	0	0	0.013649	0.000074	0.013649	0.000074	0.179513	0.000973
118	A	777736	6716727	5332286	0.145854	420841	12695	6708930	974	741091	723725	0.001346	11147	7	739778	0	0	0	nan	0	0	0	0.144508	0.000171	0.144508	0.000171	1.900580	0.002249
119	G	345052	6718673	5231657	0.065955	426083	12638	6710796	23681	741330	723021	0.032753	11146	7	740011	0	0	0	nan	0	0	0	0.033202	0.000241	0.033202	0.000241	0.436675	0.003170
120	A	361504	6720475	5115396	0.070670	440953	12454	6712303	847	741624	723682	0.001170	11143	7	740299	0	0	0	nan	0	0	0	0.069499	0.000124	0.069499	0.000124	0.914056	0.001631
121	A	368454	6720919	5265314	0.069978	447773	12257	6712572	355	741861	721081	0.000492	11143	7	740535	0	0	0	nan	0	0	0	0.069485	0.000118	0.069485	0.000118	0.913872	0.001552
122	A	460975	6721406	5505004	0.083737	451580	12114	6712977	996	741989	721395	0.001381	11145	7	740663	0	0	0	nan	0	0	0	0.082357	0.000131	0.082357	0.000131	1.083166	0.001723
123	C	202496	6735066	5510966	0.036744	494187	12069	6725062	2317	742045	722090	0.003209	11148	7	740717	0	0	0	nan	0	0	0	0.033535	0.000105	0.033535	0.000105	0.441055	0.001381
124	C	52009	6734042	5540088	0.009388	496690	12011	6724013	815	742045	725945	0.001123	11148	6	740717	0	0	0	nan	0	0	0	0.008265	0.000057	0.008265	0.000057	0.108702	0.000750
125	C	230691	6731472	5370581	0.042955	498810	11765	6721437	4343	742019	728697	0.005960	11148	6	740690	0	0	0	nan	0	0	0	0.036995	0.000127	0.036995	0.000127	0.486561	0.001670
126	A	146336	6726590	4835798	0.030261	495958	9545	6716565	793	741992	728141	0.001089	11139	6	740660	0	0	0	nan	0	0	0	0.029172	0.000088	0.029172	0.000088	0.383672	0.001157
127	A	585884	6722854	5265503	0.111268	506718	9188	6712525	337	741692	726796	0.000464	11145	6	740356	0	0	0	nan	0	0	0	0.110805	0.000148	0.110805	0.000148	1.457316	0.001947
128	A	575057	6721197	5243027	0.109680	536925	9123	6710455	477	741268	719746	0.000663	11144	6	739933	0	0	0	nan	0	0	0	0.109018	0.000148	0.109018	0.000148	1.433813	0.001947
129	U	239900	6718877	5094659	0.047089	543675	8338	6707910	935	740906	718317	0.001302	11143	6	739570	0	0	0	nan	0	0	0	0.045787	0.000105	0.045787	0.000105	0.602194	0.001381
130	G	442930	6718387	5458048	0.081152	545150	8312	6707392	1735	740821	711672	0.002438	11137	6	739485	0	0	0	nan	0	0	0	0.078714	0.000135	0.078714	0.000135	1.035253	0.001776
131	A	261665	6718502	5550197	0.047145	548036	8135	6707477	643	740756	714856	0.000899	11125	6	739420	0	0	0	nan	0	0	0	0.046246	0.000099	0.046246	0.000099	0.608231	0.001302
132	U	161838	6719287	5567803	0.029067	550199	8073	6708196	1147	740754	715000	0.001604	11126	6	739418	0	0	0	nan	0	0	0	0.027463	0.000086	0.027463	0.000086	0.361195	0.001131
133	G	81810	6720227	5557460	0.014721	546900	7570	6709133	3054	740950	666856	0.004580	11009	5	739610	0	0	0	nan	0	0	0	0.010141	0.000098	0.010141	0.000098	0.133375	0.001289
134	G	86969	6720178	5457365	0.015936	546693	7400	6709089	1997	741081	664448	0.003006	10997	4	739738	0	0	0	nan	0	0	0	0.012931	0.000086	0.012931	0.000086	0.170070	0.001131
135	U	78720	6716824	5224292	0.015068	544856	6887	6705802	925	740815	661256	0.001399	10816	3	739476	0	0	0	nan	0	0	0	0.013669	0.000071	0.013669	0.000071	0.179776	0.000934
136	A	727570	6714869	5305346	0.137139	544253	6627	6703874	882	740764	660449	0.001335	10813	3	739423	0	0	0	nan	0	0	0	0.135804	0.000167	0.135804	0.000167	1.786105	0.002196
137	G	197471	6719522	5367548	0.036790	547420	6367	6708472	4597	740768	664260	0.006920	10879	2	739422	0	0	0	nan	0	0	0	0.029869	0.000131	0.029869	0.000131	0.392839	0.001723
138	G	55938	6718419	5384016	0.010390	546653	6150	6707392	4828	740534	666090	0.007248	10877	2	739187	0	0	0	nan	0	0	0	0.003141	0.000113	0.003141	0.000113	0.041311	0.001486
139	G	40837	6717177	5370797	0.007604	546204	6061	6706189	2364	739769	664368	0.003558	10868	2	738418	0	0	0	nan	0	0	0	0.004045	0.000082	0.004045	0.000082	0.053200	0.001078
140	G	42120	6714483	5211850	0.008082	544467	5586	6703548	5368	739384	661151	0.008119	10859	2	738029	0	0	0	nan	0	0	0	-0.000038	0.000118	-0.000038	0.000118	-0.000500	0.001552
141	C	131411	6711842	5130377	0.025614	542772	5308	6700947	1190	739166	656010	0.001814	10847	2	737810	0	0	0	nan	0	0	0	0.023800	0.000088	0.023800	0.000088	0.313019	0.001157
142	A	1807334	6708780	5689066	0.317686	540624	5241	6697975	750	738869	656051	0.001143	10737	2	737516	0	0	0	nan	0	0	0	0.316542	0.000240	0.316542	0.000240	4.163185	0.003156
143	C	49916	6709979	5821303	0.008575	540604	4811	6699068	1474	738763	656648	0.002245	10740	2	737408	0	0	0	nan	0	0	0	0.006330	0.000070	0.006330	0.000070	0.083253	0.000921
144	C	23668	6708685	5827452	0.004061	540401	4750	6697795	2548	738787	656819	0.003879	10739	2	737432	0	0	0	nan	0	0	0	0.000182	0.000081	0.000182	0.000081	0.002394	0.001065
145	U	10761	6708393	5791685	0.001858	540416	4747	6697514	2608	738836	650775	0.004008	10739	1	737482	0	0	0	nan	0	0	0	-0.002150	0.000080	-0.002150	0.000080	-0.028277	0.001052
146	U	18172	6708741	5761259	0.003154	540417	4743	6697852	5119	739088	651468	0.007858	10737	1	737731	0	0	0	nan	0	0	0	-0.004703	0.000112	-0.004703	0.000112	-0.061854	0.001473
147	C	37426	6709294	5762614	0.006495	540514	4737	6698390	4161	739544	657260	0.006331	10737	1	738165	0	0	0	nan	0	0	0	0.000164	0.000104	0.000164	0.000104	0.002157	0.001368
148	C	5068	6708581	5798379	0.000874	540280	4750	6697682	889	739860	667916	0.001331	10676	1	738469	0	0	0	nan	0	0	0	-0.000457	0.000046	-0.000457	0.000046	-0.006010	0.000605
149	C	6600	6707374	5701049	0.001158	540299	4750	6696488	729	740014	667778	0.001092	10676	1	738603	0	0	0	nan	0	0	0	0.000066	0.000043	0.000066	0.000043	0.000868	0.000566
150	G	233655	6704675	5319977	0.043920	541679	4792	6693812	766	739917	664539	0.001153	10676	1	738495	0	0	0	nan	0	0	0	0.042768	0.000100	0.042768	0.000100	0.562488	0.001315
151	A	133872	6703016	5113413	0.026181	543726	4806	6692201	940	739825	663484	0.001417	10675	1	738400	0	0	0	nan	0	0	0	0.024764	0.000085	0.024764	0.000085	0.325698	0.001118
152	A	254880	6703080	5045150	0.050520	555476	5241	6692212	738	740086	664033	0.001111	10676	1	738658	0	0	0	nan	0	0	0	0.049408	0.000108	0.049408	0.000108	0.649818	0.001420
153	G	178185	6703423	4930103	0.036142	557936	5248	6692554	2327	740166	666229	0.003493	10677	1	738737	0	0	0	nan	0	0	0	0.032649	0.000112	0.032649	0.000112	0.429402	0.001473
154	G	273449	6703883	4754395	0.057515	558178	5246	6693038	1346	740221	666952	0.002018	10677	1	738792	0	0	0	nan	0	0	0	0.055497	0.000123	0.055497	0.000123	0.729901	0.001618
155	A	214740	6705636	4655266	0.046128	560245	5283	6694794	1124	740343	668096	0.001682	10673	1	738912	0	0	0	nan	0	0	0	0.044446	0.000111	0.044446	0.000111	0.584557	0.001460
156	A	339936	6706200	4816287	0.070581	560869	5283	6695376	444	740413	668657	0.000664	10675	1	738980	0	0	0	nan	0	0	0	0.069916	0.000125	0.069916	0.000125	0.919541	0.001644
157	A	489045	6706401	4911273	0.099576	564929	5313	6695525	411	740383	668444	0.000615	10684	1	738950	0	0	0	nan	0	0	0	0.098961	0.000146	0.098961	0.000146	1.301543	0.001920
158	U	329284	6706047	4997780	0.065886	567281	5320	6695183	1418	740271	668473	0.002121	10684	1	738838	0	0	0	nan	0	0	0	0.063765	0.000128	0.063765	0.000128	0.838642	0.001683
159	G	256958	6707063	5196215	0.049451	568366	5354	6696179	1210	740276	668218	0.001811	10686	1	738843	0	0	0	nan	0	0	0	0.047640	0.000111	0.047640	0.000111	0.626565	0.001460
160	A	229521	6707459	5298576	0.043317	569467	5374	6696584	773	740531	668157	0.001157	10685	1	739098	0	0	0	nan	0	0	0	0.042161	0.000100	0.042161	0.000100	0.554505	0.001315
161	A	543258	6706424	5526123	0.098307	567914	5449	6695625	442	740463	666472	0.000663	10681	1	739034	0	0	0	nan	0	0	0	0.097644	0.000137	0.097644	0.000137	1.284221	0.001802
162	C	105087	6706718	5611718	0.018726	572336	5550	6695911	943	740429	665473	0.001417	10684	1	739000	0	0	0	nan	0	0	0	0.017309	0.000074	0.017309	0.000074	0.227649	0.000973
163	G	188923	6706851	5668498	0.033329	572410	5519	6696122	1856	740491	666233	0.002786	10685	1	739059	0	0	0	nan	0	0	0	0.030543	0.000100	0.030543	0.000100	0.401704	0.001315
164	G	70426	6707596	5629113	0.012511	581065	6546	6696909	1492	740699	664432	0.002246	10715	1	739267	0	0	0	nan	0	0	0	0.010266	0.000075	0.010266	0.000075	0.135019	0.000986
165	A	350731	6705354	5784525	0.060633	581136	6544	6694800	7293	740610	669780	0.010889	10696	1	739178	0	0	0	nan	0	0	0	0.049744	0.000164	0.049744	0.000164	0.654237	0.002157
166	G	90373	6709235	5829184	0.015504	584939	6600	6698666	52346	740727	711885	0.073532	10838	1	739291	0	0	0	nan	0	0	0	-0.058028	0.000326	nan	nan	nan	nan
167	G	27208	6710442	5886003	0.004622	591286	6770	6699876	22631	740990	724226	0.031249	11276	3	739553	0	0	0	nan	0	0	0	-0.026626	0.000210	-0.026626	0.000210	-0.350187	0.002762
168	G	15785	6709416	5848456	0.002699	591979	6789	6698911	1910	741062	725222	0.002634	11292	3	739625	0	0	0	nan	0	0	0	0.000065	0.000064	0.000065	0.000064	0.000855	0.000842
169	A	60457	6707301	5848105	0.010338	592331	6828	6696889	1074	740996	725891	0.001480	11294	3	739559	0	0	0	nan	0	0	0	0.008858	0.000062	0.008858	0.000062	0.116501	0.000815
170	A	47527	6709110	5858011	0.008113	595820	7382	6698626	1082	740899	727247	0.001488	11294	3	739460	0	0	0	nan	0	0	0	0.006625	0.000059	0.006625	0.000059	0.087133	0.000776
171	G	40047	6708429	5875800	0.006816	600217	7497	6697953	2342	740779	729837	0.003209	11295	3	739340	0	0	0	nan	0	0	0	0.003607	0.000075	0.003607	0.000075	0.047440	0.000986
172	G	38504	6706906	5850313	0.006582	600810	7536	6696477	957	740663	726380	0.001317	11296	3	739224	0	0	0	nan	0	0	0	0.005264	0.000054	0.005264	0.000054	0.069233	0.000710
173	A	694972	6704689	5984054	0.116137	603822	7766	6694356	874	740527	725349	0.001205	11302	3	739088	0	0	0	nan	0	0	0	0.114932	0.000145	0.114932	0.000145	1.511594	0.001907
174	C	92711	6705365	6043630	0.015340	610836	8048	6695027	663	740566	724975	0.000915	11304	3	739127	0	0	0	nan	0	0	0	0.014426	0.000062	0.014426	0.000062	0.189732	0.000815
175	A	97910	6704909	6055452	0.016169	612333	8115	6694616	1325	740609	727990	0.001820	11304	3	739168	0	0	0	nan	0	0	0	0.014349	0.000072	0.014349	0.000072	0.188719	0.000947
176	G	42738	6704695	5956532	0.007175	619897	8365	6694448	2574	740579	726754	0.003542	11305	3	739137	0	0	0	nan	0	0	0	0.003633	0.000078	0.003633	0.000078	0.047781	0.001026
177	G	52558	6704635	5932480	0.008859	621405	8531	6694455	5206	740541	726929	0.007162	11305	3	739098	0	0	0	nan	0	0	0	0.001698	0.000107	0.001698	0.000107	0.022332	0.001407
178	C	174008	6703655	6031371	0.028850	622537	8601	6693553	1712	740538	726575	0.002356	11307	3	739088	0	0	0	nan	0	0	0	0.026494	0.000090	0.026494	0.000090	0.348451	0.001184
179	G	35706	6704922	5853730	0.006100	624232	8639	6694869	2485	740622	726744	0.003419	11298	3	739160	0	0	0	nan	0	0	0	0.002680	0.000076	0.002680	0.000076	0.035248	0.001000
180	G	52103	6704429	5706556	0.009130	625421	8708	6694458	6164	740450	723771	0.008517	11297	3	738984	0	0	0	nan	0	0	0	0.000614	0.000116	0.000614	0.000116	0.008075	0.001526
181	C	178568	6702855	5785978	0.030862	626495	8793	6692953	1791	740179	722668	0.002478	11297	3	738705	0	0	0	nan	0	0	0	0.028384	0.000094	0.028384	0.000094	0.373309	0.001236
182	G	43676	6702929	5731707	0.007620	628650	8898	6693075	4232	740172	721720	0.005864	11273	3	738692	0	0	0	nan	0	0	0	0.001756	0.000097	0.001756	0.000097	0.023095	0.001276
183	C	695924	6705635	5576420	0.124798	722069	11487	6695261	879	740100	720683	0.001220	11285	3	738614	0	0	0	nan	0	0	0	0.123578	0.000155	0.123578	0.000155	1.625307	0.002039
184	A	495792	6705084	5543997	0.089429	724353	11906	6694750	655	739983	720198	0.000909	11240	3	738496	0	0	0	nan	0	0	0	0.088519	0.000132	0.088519	0.000132	1.164209	0.001736
185	U	498417	6705132	5769329	0.086391	728896	12048	6694815	1778	739956	722343	0.002461	11243	3	738468	0	0	0	nan	0	0	0	0.083929	0.000136	0.083929	0.000136	1.103841	0.001789
186	G	43692	6707098	5844534	0.007476	731419	12190	6696781	3936	740062	726167	0.005420	11241	3	738571	0	0	0	nan	0	0	0	0.002055	0.000094	0.002055	0.000094	0.027028	0.001236
187	C	28306	6707222	5819830	0.004864	731888	12217	6696941	1719	740113	727117	0.002364	11240	3	738616	0	0	0	nan	0	0	0	0.002500	0.000064	0.002500	0.000064	0.032880	0.000842
188	A	748697	6706489	6115105	0.122434	732506	12256	6696257	665	740197	726420	0.000915	11238	3	738696	0	0	0	nan	0	0	0	0.121519	0.000146	0.121519	0.000146	1.598227	0.001920
189	G	27289	6710012	6146773	0.004440	753441	13489	6699700	2806	740459	726349	0.003863	11239	3	738949	0	0	0	nan	0	0	0	0.000576	0.000078	0.000576	0.000078	0.007576	0.001026
190	C	12522	6711132	6154015	0.002035	755066	13670	6700863	2293	740725	727467	0.003152	11240	3	739210	0	0	0	nan	0	0	0	-0.001117	0.000068	-0.001117	0.000068	-0.014691	0.000894
191	C	27346	6711542	6119002	0.004469	757392	13919	6701314	1340	740939	727591	0.001842	11241	3	739420	0	0	0	nan	0	0	0	0.002627	0.000057	0.002627	0.000057	0.034551	0.000750
192	U	18668	6713320	6076644	0.003072	763678	14731	6703109	2469	741125	728362	0.003390	11220	3	739599	0	0	0	nan	0	0	0	-0.000318	0.000072	-0.000318	0.000072	-0.004182	0.000947
193	G	59584	6714753	6015618	0.009905	768457	15089	6704557	1404	741234	725113	0.001936	11220	3	739695	0	0	0	nan	0	0	0	0.007969	0.000066	0.007969	0.000066	0.104809	0.000868
194	U	45355	6714661	5881529	0.007711	771340	15294	6704539	1766	741243	724585	0.002437	11220	3	739697	0	0	0	nan	0	0	0	0.005274	0.000068	0.005274	0.000068	0.069364	0.000894
195	A	612306	6714505	5591395	0.109509	775041	16502	6704449	968	741361	724699	0.001336	11220	3	739802	0	0	0	nan	0	0	0	0.108173	0.000146	0.108173	0.000146	1.422700	0.001920
196	G	140148	6718149	5530875	0.025339	788080	18103	6708086	1036	741495	725001	0.001429	11220	3	739932	0	0	0	nan	0	0	0	0.023910	0.000081	0.023910	0.000081	0.314466	0.001065
197	A	689407	6718340	5254485	0.131204	790942	18308	6708356	758	741522	724292	0.001047	11222	3	739951	0	0	0	nan	0	0	0	0.130157	0.000163	0.130157	0.000163	1.711835	0.002144
198	U	308155	6722452	5380994	0.057267	799454	19227	6712476	919	741617	723745	0.001270	11225	4	740045	0	0	0	nan	0	0	0	0.055998	0.000111	0.055998	0.000111	0.736490	0.001460
199	A	283128	6724989	5373393	0.052691	801572	20479	6715039	671	741753	726837	0.000923	11226	4	740178	0	0	0	nan	0	0	0	0.051768	0.000105	0.051768	0.000105	0.680857	0.001381
200	G	186187	6728597	5410762	0.034410	813023	22355	6718642	1285	741803	727549	0.001766	11230	4	740225	0	0	0	nan	0	0	0	0.032644	0.000094	0.032644	0.000094	0.429336	0.001236
201	A	614514	6730806	5654782	0.108672	816447	22828	6720885	599	741808	725580	0.000826	11228	4	740228	0	0	0	nan	0	0	0	0.107846	0.000143	0.107846	0.000143	1.418399	0.001881
202	U	293976	6735251	5832668	0.050402	826523	26185	6725355	1441	742043	725525	0.001986	11228	4	740463	0	0	0	nan	0	0	0	0.048415	0.000107	0.048415	0.000107	0.636758	0.001407
203	G	46500	6739630	5589871	0.008319	827674	26592	6729742	1135	742423	724572	0.001566	11232	5	740839	0	0	0	nan	0	0	0	0.006752	0.000060	0.006752	0.000060	0.088803	0.000789
204	A	542547	6742487	5721953	0.094818	828027	26695	6732601	1032	742585	724910	0.001424	11227	5	740999	0	0	0	nan	0	0	0	0.093395	0.000136	0.093395	0.000136	1.228338	0.001789
205	U	216676	6747386	5796330	0.037382	829365	28138	6737500	1406	742862	723549	0.001943	11231	8	741273	0	0	0	nan	0	0	0	0.035438	0.000096	0.035438	0.000096	0.466083	0.001263
206	U	261269	6751120	5832127	0.044798	829452	28242	6741241	1257	743094	722808	0.001739	11237	8	741504	0	0	0	nan	0	0	0	0.043059	0.000100	0.043059	0.000100	0.566315	0.001315
207	A	242501	6754903	5926430	0.040919	829592	28387	6745035	577	743256	725626	0.000795	11243	10	741660	0	0	0	nan	0	0	0	0.040123	0.000089	0.040123	0.000089	0.527701	0.001171
208	C	280415	6758618	6001471	0.046724	830862	29067	6748764	1187	743504	726591	0.001634	11244	10	741903	0	0	0	nan	0	0	0	0.045091	0.000100	0.045091	0.000100	0.593040	0.001315
209	C	158766	6761759	6013004	0.026404	831684	29305	6751914	925	743801	731012	0.001265	11243	10	742200	0	0	0	nan	0	0	0	0.025138	0.000078	0.025138	0.000078	0.330617	0.001026
210	G	322985	6763351	6110848	0.052854	832587	29657	6753555	7618	743995	730191	0.010433	11244	10	742386	0	0	0	nan	0	0	0	0.042421	0.000151	0.042421	0.000151	0.557924	0.001986
211	C	53908	6764458	6115062	0.008816	831114	29834	6754760	1503	744156	729510	0.002060	11244	11	742541	0	0	0	nan	0	0	0	0.006755	0.000065	0.006755	0.000065	0.088842	0.000855
212	C	20632	6764872	6096490	0.003384	831519	29918	6755283	732	744500	730537	0.001002	11224	11	742873	0	0	0	nan	0	0	0	0.002382	0.000044	0.002382	0.000044	0.031328	0.000579
213	G	77655	6765687	6045585	0.012845	831750	29990	6756163	3694	744742	731321	0.005051	11225	11	743100	0	0	0	nan	0	0	0	0.007794	0.000095	0.007794	0.000095	0.102507	0.001249
214	G	45319	6766142	5970711	0.007590	831913	30056	6756647	1901	744746	725952	0.002619	11227	11	743100	0	0	0	nan	0	0	0	0.004972	0.000070	0.004972	0.000070	0.065392	0.000921
215	A	279782	6766383	6033568	0.046371	832527	30398	6756902	1256	744630	725812	0.001730	11222	12	742980	0	0	0	nan	0	0	0	0.044640	0.000100	0.044640	0.000100	0.587109	0.001315
216	G	33627	6770337	6025668	0.005581	830770	30829	6760981	1786	744751	721582	0.002475	11216	14	743097	0	0	0	nan	0	0	0	0.003106	0.000066	0.003106	0.000066	0.040850	0.000868
217	U	12866	6771635	6049082	0.002127	830853	30839	6762313	1480	744686	723984	0.002044	11215	14	743031	0	0	0	nan	0	0	0	0.000083	0.000056	0.000083	0.000056	0.001092	0.000737
218	A	68798	6773410	6021841	0.011425	830937	31104	6764109	565	744904	725282	0.000779	11216	16	743247	0	0	0	nan	0	0	0	0.010646	0.000055	0.010646	0.000055	0.140017	0.000723
219	C	40481	6775291	5951058	0.006802	831873	31454	6766048	830	745007	730977	0.001135	11217	16	743349	0	0	0	nan	0	0	0	0.005667	0.000052	0.005667	0.000052	0.074533	0.000684
220	G	202640	6778660	5773409	0.035099	832271	31535	6769481	892	745185	731576	0.001219	11217	16	743525	0	0	0	nan	0	0	0	0.033880	0.000088	0.033880	0.000088	0.445592	0.001157
221	A	327863	6779219	5865896	0.055893	832960	31747	6770110	1437	745216	730982	0.001966	11215	17	743555	0	0	0	nan	0	0	0	0.053927	0.000111	0.053927	0.000111	0.709252	0.001460
222	G	48786	6789157	5770567	0.008454	834088	32192	6780046	2184	745605	727577	0.003002	11217	19	743943	0	0	0	nan	0	0	0	0.005453	0.000075	0.005453	0.000075	0.071718	0.000986
223	G	49611	6793311	5699602	0.008704	834483	32505	6784239	8279	745796	726352	0.011398	11220	20	744131	0	0	0	nan	0	0	0	-0.002694	0.000131	-0.002694	0.000131	-0.035432	0.001723
224	C	112550	6796171	5773334	0.019495	835412	33553	6787144	1698	745942	727723	0.002333	11342	63	744274	0	0	0	nan	0	0	0	0.017161	0.000081	0.017161	0.000081	0.225703	0.001065
225	G	68020	6801276	5719019	0.011894	836186	33958	6792315	4973	746217	729492	0.006817	11350	65	744546	0	0	0	nan	0	0	0	0.005077	0.000107	0.005077	0.000107	0.066773	0.001407
226	C	329702	6804197	5335619	0.061793	836605	34290	6795256	1937	746301	729981	0.002653	11353	67	744625	0	0	0	nan	0	0	0	0.059139	0.000123	0.059139	0.000123	0.777801	0.001618
227	A	387414	6807483	4920503	0.078735	844950	43557	6798578	1316	746385	729282	0.001805	11361	71	744704	0	0	0	nan	0	0	0	0.076930	0.000136	0.076930	0.000136	1.011789	0.001789
228	A	541029	6811362	5310870	0.101872	845831	44045	6802469	587	746408	727118	0.000807	11362	71	744720	0	0	0	nan	0	0	0	0.101065	0.000142	0.101065	0.000142	1.329215	0.001868
229	A	441073	6816100	5469810	0.080638	847114	45065	6807214	505	746453	727253	0.000694	11362	71	744759	0	0	0	nan	0	0	0	0.079943	0.000125	0.079943	0.000125	1.051416	0.001644
230	G	38078	6822425	5615925	0.006780	849036	47166	6813471	2600	746480	727671	0.003573	11370	74	744777	0	0	0	nan	0	0	0	0.003207	0.000078	0.003207	0.000078	0.042179	0.001026
231	C	545723	6824669	5727020	0.095289	849379	47675	6815702	2162	746517	730983	0.002958	11384	83	744804	0	0	0	nan	0	0	0	0.092332	0.000144	0.092332	0.000144	1.214358	0.001894
232	C	39075	6828657	5758492	0.006786	850730	49573	6819667	1000	746633	731521	0.001367	11417	87	744914	0	0	0	nan	0	0	0	0.005419	0.000055	0.005419	0.000055	0.071271	0.000723
233	G	308197	6830959	5817141	0.052981	851041	50451	6821978	4131	746719	731762	0.005645	11417	89	744997	0	0	0	nan	0	0	0	0.047336	0.000130	0.047336	0.000130	0.622567	0.001710
234	C	531073	6835048	5837815	0.090971	851834	51404	6826056	2410	746852	729120	0.003305	11415	91	745120	0	0	0	nan	0	0	0	0.087666	0.000142	0.087666	0.000142	1.152990	0.001868
235	U	110568	6839861	5936869	0.018624	852428	52866	6830849	1744	747076	730324	0.002388	11414	91	745339	0	0	0	nan	0	0	0	0.016236	0.000080	0.016236	0.000080	0.213537	0.001052
236	U	174181	6843764	6001813	0.029021	852735	53318	6834698	1404	747375	731732	0.001919	11415	91	745620	0	0	0	nan	0	0	0	0.027103	0.000086	0.027103	0.000086	0.356461	0.001131
237	G	85773	6846574	5978221	0.014348	853115	53889	6837456	5374	747532	734558	0.007316	11420	92	745757	0	0	0	nan	0	0	0	0.007032	0.000111	0.007032	0.000111	0.092485	0.001460
238	C	452627	6847958	6056066	0.074739	853174	54064	6838775	1491	747635	734091	0.002031	11419	95	745831	0	0	0	nan	0	0	0	0.072708	0.000123	0.072708	0.000123	0.956261	0.001618
239	A	527229	6852678	6308669	0.083572	853398	54839	6843380	1085	747736	734950	0.001476	11417	96	745903	0	0	0	nan	0	0	0	0.082096	0.000124	0.082096	0.000124	1.079733	0.001631
240	G	44042	6860086	6352545	0.006933	854196	56848	6850661	1606	747886	732065	0.002194	11416	97	746046	0	0	0	nan	0	0	0	0.004739	0.000064	0.004739	0.000064	0.062328	0.000842
241	U	6689	6861638	6354909	0.001053	854238	56944	6852167	1271	747979	731907	0.001737	11416	97	746124	0	0	0	nan	0	0	0	-0.000684	0.000050	-0.000684	0.000050	-0.008996	0.000658
242	A	41047	6864401	6321355	0.006493	854243	57009	6854973	452	748245	731805	0.000618	11417	96	746385	0	0	0	nan	0	0	0	0.005876	0.000043	0.005876	0.000043	0.077282	0.000566
243	C	9700	6866465	6236675	0.001555	854380	57358	6857113	735	748560	736333	0.000998	11417	96	746696	0	0	0	nan	0	0	0	0.000557	0.000040	0.000557	0.000040	0.007326	0.000526
244	G	184024	6869442	6163030	0.029859	854536	58456	6860205	532	748856	733332	0.000725	11419	98	746982	0	0	0	nan	0	0	0	0.029134	0.000076	0.029134	0.000076	0.383173	0.001000
245	A	218910	6873702	6129279	0.035715	854635	58845	6864530	456	747980	726915	0.000627	11419	97	746104	0	0	0	nan	0	0	0	0.035088	0.000082	0.035088	0.000082	0.461480	0.001078
246	A	181823	6878637	6080713	0.029902	854759	59031	6869501	801	733966	713281	0.001123	11419	98	732082	0	0	0	nan	0	0	0	0.028779	0.000081	0.028779	0.000081	0.378504	0.001065
247	G	36978	6884403	6042474	0.006120	855586	59566	6875281	5437	734126	714059	0.007614	11425	98	732238	0	0	0	nan	0	0	0	-0.001495	0.000108	-0.001495	0.000108	-0.019662	0.001420
248	G	39683	6888504	5982272	0.006633	855690	59730	6879405	3270	734261	708218	0.004617	11426	99	732366	0	0	0	nan	0	0	0	0.002016	0.000087	0.002016	0.000087	0.026515	0.001144
249	U	128005	6891752	5887788	0.021741	855935	60169	6882663	1826	733922	706215	0.002586	11428	100	732026	0	0	0	nan	0	0	0	0.019155	0.000086	0.019155	0.000086	0.251928	0.001131
250	A	940141	6894822	5958040	0.157794	856128	60358	6885753	659	733972	705915	0.000934	11428	100	732069	0	0	0	nan	0	0	0	0.156860	0.000167	0.156860	0.000167	2.063035	0.002196
251	C	936916	6899232	6112119	0.153288	857258	61884	6890150	650	734080	714065	0.000910	11429	100	732173	0	0	0	nan	0	0	0	0.152378	0.000162	0.152378	0.000162	2.004087	0.002131
252	A	516086	6905768	6261012	0.082429	857697	62398	6896676	703	734172	716758	0.000981	11429	102	732261	0	0	0	nan	0	0	0	0.081448	0.000121	0.081448	0.000121	1.071210	0.001591
253	G	30261	6911641	6308701	0.004797	858844	63529	6902544	797	734236	716497	0.001112	11424	102	732325	0	0	0	nan	0	0	0	0.003684	0.000048	0.003684	0.000048	0.048452	0.000631
254	A	127191	6917194	6307681	0.020164	858933	63577	6908103	498	734321	714328	0.000697	11424	102	732409	0	0	0	nan	0	0	0	0.019467	0.000065	0.019467	0.000065	0.256031	0.000855
255	A	418294	6920465	6474109	0.064610	859171	63666	6911371	447	734455	714893	0.000625	11424	103	732541	0	0	0	nan	0	0	0	0.063985	0.000104	0.063985	0.000104	0.841536	0.001368
256	C	59406	6923660	6510958	0.009124	861993	63923	6914573	564	734481	717327	0.000786	11426	103	732565	0	0	0	nan	0	0	0	0.008338	0.000050	0.008338	0.000050	0.109662	0.000658
257	A	66412	6925848	6505503	0.010209	862136	63994	6916781	439	734487	713336	0.000615	11428	103	732569	0	0	0	nan	0	0	0	0.009593	0.000049	0.009593	0.000049	0.126168	0.000644
258	U	17030	6927806	6518782	0.002612	862393	64078	6918795	1123	734497	711422	0.001579	11429	103	732579	0	0	0	nan	0	0	0	0.001034	0.000051	0.001034	0.000051	0.013599	0.000671
259	G	21800	6929799	6517017	0.003345	862554	64122	6920851	1794	734556	709993	0.002527	11430	103	732635	0	0	0	nan	0	0	0	0.000818	0.000064	0.000818	0.000064	0.010758	0.000842
260	G	47982	6930817	6464343	0.007423	862509	64114	6921943	4252	734611	712611	0.005967	11429	104	732686	0	0	0	nan	0	0	0	0.001456	0.000098	0.001456	0.000098	0.019149	0.001289
261	C	75005	6932556	6355566	0.011801	862593	64129	6923738	1381	734651	710614	0.001943	11428	104	732724	0	0	0	nan	0	0	0	0.009858	0.000068	0.009858	0.000068	0.129653	0.000894
262	U	178447	6935503	6022397	0.029631	862659	64154	6926767	1132	734729	707815	0.001599	11428	104	732798	0	0	0	nan	0	0	0	0.028031	0.000085	0.028031	0.000085	0.368666	0.001118
263	U	146721	6941518	5466658	0.026839	862658	64238	6932878	819	734957	707107	0.001158	11423	104	733022	0	0	0	nan	0	0	0	0.025681	0.000081	0.025681	0.000081	0.337758	0.001065
264	A	1301070	6945760	6088151	0.213705	861645	64309	6937336	656	734983	707531	0.000927	10582	105	733141	0	0	0	nan	0	0	0	0.212778	0.000191	0.212778	0.000191	2.798473	0.002512
265	U	259183	6962830	6257105	0.041422	862037	64566	6954459	722	735198	709967	0.001017	10584	105	733355	0	0	0	nan	0	0	0	0.040405	0.000090	0.040405	0.000090	0.531410	0.001184
266	A	622427	6972196	6569191	0.094749	861972	65158	6963866	593	735246	713006	0.000832	10584	105	733403	0	0	0	nan	0	0	0	0.093918	0.000125	0.093918	0.000125	1.235217	0.001644
267	G	21584	6982048	6658773	0.003241	862977	65591	6973772	1070	735333	713470	0.001500	10586	105	733490	0	0	0	nan	0	0	0	0.001742	0.000051	0.001742	0.000051	0.022911	0.000671
268	A	56113	6984582	6696195	0.008380	862355	65608	6976350	671	735372	712813	0.000941	10584	105	733529	0	0	0	nan	0	0	0	0.007438	0.000051	0.007438	0.000051	0.097825	0.000671
269	G	69291	6989703	6715595	0.010318	862365	65636	6981512	3465	735493	713061	0.004859	10585	105	733650	0	0	0	nan	0	0	0	0.005459	0.000091	0.005459	0.000091	0.071797	0.001197
270	C	17213	6995801	6768682	0.002543	862010	65666	6987643	1087	735647	715083	0.001520	10585	105	733804	0	0	0	nan	0	0	0	0.001023	0.000050	0.001023	0.000050	0.013455	0.000658
271	A	37434	7003083	6800540	0.005505	862075	65744	6994953	683	735825	712762	0.000958	10585	106	733982	0	0	0	nan	0	0	0	0.004546	0.000046	0.004546	0.000046	0.059789	0.000605
272	U	8166	7008748	6831580	0.001195	861546	65768	7000674	1684	735923	712348	0.002364	10585	106	734080	0	0	0	nan	0	0	0	-0.001169	0.000059	-0.001169	0.000059	-0.015375	0.000776
273	G	17886	7015336	6811976	0.002626	859542	65781	7007310	1071	736125	711704	0.001505	10583	106	734282	0	0	0	nan	0	0	0	0.001121	0.000050	0.001121	0.000050	0.014743	0.000658
274	A	47457	7018720	6823061	0.006955	859490	65787	7010738	1377	736196	711767	0.001935	10583	107	734353	0	0	0	nan	0	0	0	0.005021	0.000061	0.005021	0.000061	0.066037	0.000802
275	U	7251	7024516	6802173	0.001066	858803	65809	7016555	1291	736362	709349	0.001820	10583	108	734519	0	0	0	nan	0	0	0	-0.000754	0.000052	-0.000754	0.000052	-0.009917	0.000684
276	U	4162	7028454	6812754	0.000611	857073	65823	7020524	550	736605	712339	0.000772	10582	108	734762	0	0	0	nan	0	0	0	-0.000161	0.000034	-0.000161	0.000034	-0.002117	0.000447
277	A	14298	7031401	6794764	0.002104	857030	65820	7023508	346	736702	717010	0.000483	10582	108	734859	0	0	0	nan	0	0	0	0.001622	0.000031	0.001622	0.000031	0.021333	0.000408
278	A	26727	7033552	6752620	0.003958	855194	65816	7025695	376	736850	718530	0.000523	10578	108	735007	0	0	0	nan	0	0	0	0.003435	0.000036	0.003435	0.000036	0.045177	0.000473
279	C	10409	7034041	6635653	0.001569	855088	65832	7026230	705	736889	715185	0.000986	10577	108	735047	0	0	0	nan	0	0	0	0.000583	0.000040	0.000583	0.000040	0.007668	0.000526
280	G	542981	7034374	6552737	0.082863	853891	65828	7026628	1134	736990	710631	0.001596	10576	109	735148	0	0	0	nan	0	0	0	0.081267	0.000122	0.081267	0.000122	1.068830	0.001605
281	U	295365	7037571	6480708	0.045576	852776	65873	7029918	3560	736347	705819	0.005044	10602	111	734506	0	0	0	nan	0	0	0	0.040532	0.000119	0.040532	0.000119	0.533080	0.001565
282	C	892302	7038681	6392738	0.139581	851757	65855	7031089	765	736317	695687	0.001100	10601	111	734476	0	0	0	nan	0	0	0	0.138481	0.000153	0.138481	0.000153	1.821313	0.002012
283	U	304597	7041766	6393762	0.047640	850696	65998	7034242	2004	736416	697647	0.002873	10403	123	734575	0	0	0	nan	0	0	0	0.044767	0.000108	0.044767	0.000108	0.588779	0.001420
284	C	1005192	7045149	6586608	0.152611	849937	65978	7037669	712	736585	695830	0.001023	10403	123	734744	0	0	0	nan	0	0	0	0.151588	0.000157	0.151588	0.000157	1.993697	0.002065
285	G	27708	7052827	6625137	0.004182	849313	66000	7045393	860	736926	704267	0.001221	10394	123	735085	0	0	0	nan	0	0	0	0.002961	0.000049	0.002961	0.000049	0.038943	0.000644
286	A	94303	7055666	6689638	0.014097	848425	65997	7048283	2284	737260	694599	0.003288	10393	123	735419	0	0	0	nan	0	0	0	0.010809	0.000083	0.010809	0.000083	0.142161	0.001092
287	U	17389	7060616	6700448	0.002595	848416	66058	7053276	2595	737488	694885	0.003734	10393	124	735647	0	0	0	nan	0	0	0	-0.001139	0.000076	-0.001139	0.000076	-0.014980	0.001000
288	C	11715	7067419	6738985	0.001738	848112	66076	7060138	1445	738068	700187	0.002064	10395	124	736227	0	0	0	nan	0	0	0	-0.000325	0.000057	-0.000325	0.000057	-0.004274	0.000750
289	C	7287	7073416	6720218	0.001084	846505	66072	7066189	919	738592	716221	0.001283	10393	124	736752	0	0	0	nan	0	0	0	-0.000199	0.000044	-0.000199	0.000044	-0.002617	0.000579
290	G	51356	7077659	6677542	0.007691	846270	66204	7070487	2517	738952	712788	0.003531	10392	125	737112	0	0	0	nan	0	0	0	0.004160	0.000078	0.004160	0.000078	0.054713	0.001026
291	G	71990	7082067	6552171	0.010987	843962	66176	7074963	1737	739450	707875	0.002454	10387	125	737610	0	0	0	nan	0	0	0	0.008533	0.000072	0.008533	0.000072	0.112227	0.000947
292	U	205326	7084017	6428909	0.031938	843395	66164	7076963	1052	739655	695195	0.001513	10389	125	737816	0	0	0	nan	0	0	0	0.030425	0.000085	0.030425	0.000085	0.400152	0.001118
293	U	489693	7086055	6329262	0.077370	840553	66157	7079044	932	739804	698112	0.001335	10372	125	737965	0	0	0	nan	0	0	0	0.076035	0.000119	0.076035	0.000119	1.000018	0.001565
294	C	1088713	7088094	6597599	0.165017	839195	66107	7081158	730	740015	703917	0.001037	10361	125	738182	0	0	0	nan	0	0	0	0.163979	0.000163	0.163979	0.000163	2.156664	0.002144
295	G	129174	7095938	6726042	0.019205	808431	65713	7091318	2886	739439	719296	0.004012	6362	126	738417	0	0	0	nan	0	0	0	0.015193	0.000092	0.015193	0.000092	0.199819	0.001210
296	C	50298	7098250	6797938	0.007399	801162	65630	7094173	1275	739546	724729	0.001759	5635	126	738691	0	0	0	nan	0	0	0	0.005640	0.000059	0.005640	0.000059	0.074178	0.000776
297	C	6012	7099052	6813122	0.000882	796085	65573	7095882	761	739577	725673	0.001049	4301	126	739007	0	0	0	nan	0	0	0	-0.000166	0.000040	-0.000166	0.000040	-0.002183	0.000526
298	G	22201	7100442	6802610	0.003264	790395	65478	7097942	2137	739773	726470	0.002942	3273	125	739419	0	0	0	nan	0	0	0	0.000322	0.000067	0.000322	0.000067	0.004235	0.000881
299	G	25885	7100143	6761850	0.003828	785127	65408	7098255	1259	739882	723277	0.001741	2332	125	739723	0	0	0	nan	0	0	0	0.002087	0.000055	0.002087	0.000055	0.027448	0.000723
300	A	27105	7084155	6731358	0.004027	783448	65389	7082667	440	739870	715533	0.000615	1826	125	739813	0	0	0	nan	0	0	0	0.003412	0.000038	0.003412	0.000038	0.044875	0.000500
301	U	42042	7084621	6724099	0.006252	780904	65370	7083268	4283	739933	712572	0.006011	1689	125	739901	0	0	0	nan	0	0	0	0.000242	0.000097	0.000242	0.000097	0.003183	0.001276
302	C	76548	7077297	6722867	0.011386	780421	65356	7076038	937	740025	713100	0.001314	1676	125	739994	0	0	0	nan	0	0	0	0.010072	0.000059	0.010072	0.000059	0.132468	0.000776
303	C	1559588	7073564	6573649	0.237248	774393	65181	7072457	842	740123	719495	0.001170	1590	125	740105	0	0	0	nan	0	0	0	0.236078	0.000194	0.236078	0.000194	3.104916	0.002552
304	A	181965	7069557	6293639	0.028913	772961	65156	7068552	1287	740113	717628	0.001793	1531	125	740102	0	0	0	nan	0	0	0	0.027119	0.000084	0.027119	0.000084	0.356671	0.001105
305	A	360002	7064387	6561850	0.054863	770364	65126	7063536	472	740106	711489	0.000663	1508	125	740101	0	0	0	nan	0	0	0	0.054199	0.000096	0.054199	0.000096	0.712829	0.001263
306	A	300295	7060259	6618599	0.045371	766043	65063	7059559	436	740100	698497	0.000624	1487	125	740098	0	0	0	nan	0	0	0	0.044747	0.000088	0.044747	0.000088	0.588516	0.001157
307	U	163095	7058994	6771830	0.024084	764682	65044	7058398	620	740100	701943	0.000883	1466	125	740098	0	0	0	nan	0	0	0	0.023201	0.000069	0.023201	0.000069	0.305141	0.000907
308	C	82442	7053916	6709035	0.012288	764349	65036	7053401	2309	740096	708262	0.003260	1459	125	740096	0	0	0	nan	0	0	0	0.009028	0.000080	0.009028	0.000080	0.118737	0.001052
309	G	0	7053549	6774834	0.000000	763120	65015	7053098	0	740096	722532	0.000000	1455	125	740096	0	0	0	nan	0	0	0	0.000000	0.000000	0.000000	0.000000	0.000000	0.000000
310	g	0	7050591	0	nan	761371	64992	7050218	0	740096	0	nan	1454	125	740096	0	0	0	nan	0	0	0	nan	nan	nan	nan	nan	nan
311	g	0	7048037	0	nan	758011	64957	7047768	0	740096	0	nan	1453	125	740096	0	0	0	nan	0	0	0	nan	nan	nan	nan	nan	nan
312	c	0	7042061	0	nan	757949	64952	7041903	0	740095	0	nan	1453	125	740095	0	0	0	nan	0	0	0	nan	nan	nan	nan	nan	nan
313	u	0	7041770	0	nan	756364	64941	7041654	0	740095	0	nan	1452	125	740095	0	0	0	nan	0	0	0	nan	nan	nan	nan	nan	nan
314	u	0	7041516	0	nan	751794	64925	7041461	0	740095	0	nan	1449	125	740095	0	0	0	nan	0	0	0	nan	nan	nan	nan	nan	nan
315	c	0	7039397	0	nan	751759	64923	7039397	0	740094	0	nan	1449	125	740094	0	0	0	nan	0	0	0	nan	nan	nan	nan	nan	nan
316	g	0	7036517	0	nan	751750	64914	7036517	0	740093	0	nan	1449	125	740093	0	0	0	nan	0	0	0	nan	nan	nan	nan	nan	nan
317	g	0	7028516	0	nan	751720	64873	7028516	0	740091	0	nan	1449	125	740091	0	0	0	nan	0	0	0	nan	nan	nan	nan	nan	nan
318	u	0	7027119	0	nan	751719	64864	7027119	0	740091	0	nan	1449	125	740091	0	0	0	nan	0	0	0	nan	nan	nan	nan	nan	nan
319	c	0	7020596	0	nan	751695	64837	7020596	0	740089	0	nan	1449	125	740089	0	0	0	nan	0	0	0	nan	nan	nan	nan	nan	nan
320	c	0	7005463	0	nan	751637	64755	7005463	0	740063	0	nan	1449	125	740063	0	0	0	nan	0	0	0	nan	nan	nan	nan	nan	nan
321	g	0	7005131	0	nan	751624	64751	7005131	0	740041	0	nan	1449	125	740041	0	0	0	nan	0	0	0	nan	nan	nan	nan	nan	nan
322	g	0	6987153	0	nan	751511	64691	6987153	0	740001	0	nan	1449	125	740001	0	0	0	nan	0	0	0	nan	nan	nan	nan	nan	nan
323	u	0	6985782	0	nan	751482	64683	6985782	0	739909	0	nan	1449	125	739909	0	0	0	nan	0	0	0	nan	nan	nan	nan	nan	nan
324	u	0	6954166	0	nan	748977	64412	6954166	0	738327	0	nan	1444	124	738327	0	0	0	nan	0	0	0	nan	nan	nan	nan	nan	nan
325	c	0	6934205	0	nan	747478	64231	6934205	0	736867	0	nan	1441	123	736867	0	0	0	nan	0	0	0	nan	nan	nan	nan	nan	nan