Nucleotide	Sequence	Modified_mutations	Modified_read_depth	Modified_effective_depth	Modified_rate	Modified_off_target_mapped_depth	Modified_low_mapq_mapped_depth	Modified_primer_pair_1_mapped_depth	Untreated_mutations	Untreated_read_depth	Untreated_effective_depth	Untreated_rate	Untreated_off_target_mapped_depth	Untreated_low_mapq_mapped_depth	Untreated_primer_pair_1_mapped_depth	Denatured_mutations	Denatured_read_depth	Denatured_effective_depth	Denatured_rate	Denatured_off_target_mapped_depth	Denatured_low_mapq_mapped_depth	Denatured_primer_pair_1_mapped_depth	Reactivity_profile	Std_err	HQ_profile	HQ_stderr	Norm_profile	Norm_stderr
1	g	0	6119110	0	nan	227886	3437	6119110	0	762918	0	nan	36084	130	762918	0	0	0	nan	0	0	0	nan	nan	nan	nan	nan	nan
2	g	0	6132671	0	nan	228217	3445	6132671	0	764167	0	nan	36126	130	764167	0	0	0	nan	0	0	0	nan	nan	nan	nan	nan	nan
3	c	0	6143238	0	nan	228453	3446	6143238	0	764809	0	nan	36141	130	764809	0	0	0	nan	0	0	0	nan	nan	nan	nan	nan	nan
4	c	0	6150695	0	nan	228590	3448	6150695	0	765146	0	nan	36150	130	765146	0	0	0	nan	0	0	0	nan	nan	nan	nan	nan	nan
5	u	0	6155501	0	nan	228660	3448	6155501	0	765170	0	nan	36150	131	765170	0	0	0	nan	0	0	0	nan	nan	nan	nan	nan	nan
6	u	0	6159243	0	nan	228685	3450	6159243	0	765247	0	nan	36151	131	765247	0	0	0	nan	0	0	0	nan	nan	nan	nan	nan	nan
7	c	0	6160784	0	nan	228711	3454	6160784	0	765315	0	nan	36151	131	765315	0	0	0	nan	0	0	0	nan	nan	nan	nan	nan	nan
8	g	0	6163123	0	nan	228736	3458	6163123	0	765353	0	nan	36151	131	765353	0	0	0	nan	0	0	0	nan	nan	nan	nan	nan	nan
9	g	0	6165836	0	nan	228752	3460	6165836	0	765375	0	nan	36151	131	765375	0	0	0	nan	0	0	0	nan	nan	nan	nan	nan	nan
10	g	0	6168504	0	nan	228768	3462	6168504	0	765408	0	nan	36152	131	765408	0	0	0	nan	0	0	0	nan	nan	nan	nan	nan	nan
11	c	0	6170566	0	nan	228784	3468	6170566	0	765440	0	nan	36152	131	765440	0	0	0	nan	0	0	0	nan	nan	nan	nan	nan	nan
12	c	0	6170631	0	nan	230242	3468	6170601	0	765449	0	nan	36155	131	765440	0	0	0	nan	0	0	0	nan	nan	nan	nan	nan	nan
13	a	0	6170784	0	nan	231513	3473	6170683	0	765480	0	nan	36157	131	765440	0	0	0	nan	0	0	0	nan	nan	nan	nan	nan	nan
14	a	0	6170858	0	nan	232272	3473	6170706	0	765500	0	nan	36159	131	765440	0	0	0	nan	0	0	0	nan	nan	nan	nan	nan	nan
15	G	10230	6170898	6038712	0.001694	233247	3478	6170729	1674	765504	709083	0.002361	36168	131	765440	0	0	0	nan	0	0	0	-0.000667	0.000060	-0.000667	0.000060	-0.012230	0.001100
16	U	20148	6170946	6093658	0.003306	234457	3478	6170760	6370	765522	719407	0.008855	36173	131	765440	0	0	0	nan	0	0	0	-0.005548	0.000113	-0.005548	0.000113	-0.101726	0.002072
17	U	5900	6170990	6062680	0.000973	235519	3480	6170792	839	765529	724590	0.001158	36176	131	765441	0	0	0	nan	0	0	0	-0.000185	0.000042	-0.000185	0.000042	-0.003392	0.000770
18	A	19991	6171030	5988273	0.003338	236461	3480	6170829	628	765544	729105	0.000861	36183	131	765443	0	0	0	nan	0	0	0	0.002477	0.000042	0.002477	0.000042	0.045417	0.000770
19	A	50830	6171062	6027266	0.008433	237101	3481	6170852	374	765547	722728	0.000517	36183	131	765444	0	0	0	nan	0	0	0	0.007916	0.000046	0.007916	0.000046	0.145145	0.000843
20	U	7559	6171105	6042912	0.001251	237773	3481	6170878	1616	765547	730906	0.002211	36188	131	765444	0	0	0	nan	0	0	0	-0.000960	0.000057	-0.000960	0.000057	-0.017602	0.001045
21	C	7559	6171206	6055125	0.001248	238411	3482	6170963	488	765557	717300	0.000680	36190	131	765444	0	0	0	nan	0	0	0	0.000568	0.000034	0.000568	0.000034	0.010415	0.000623
22	A	27869	6171276	6044989	0.004610	239092	3483	6171017	830	765558	718137	0.001156	36194	131	765444	0	0	0	nan	0	0	0	0.003454	0.000049	0.003454	0.000049	0.063331	0.000898
23	U	6303	6171331	6010577	0.001049	239721	3494	6171048	1579	765560	709892	0.002224	36196	131	765444	0	0	0	nan	0	0	0	-0.001176	0.000058	-0.001176	0.000058	-0.021563	0.001063
24	G	22792	6170615	5993468	0.003803	240516	3525	6170310	2807	765076	721161	0.003892	36197	131	764958	0	0	0	nan	0	0	0	-0.000090	0.000078	-0.000090	0.000078	-0.001650	0.001430
25	C	7373	6169523	5939829	0.001241	240868	3534	6169199	1054	765002	728269	0.001447	36197	131	764880	0	0	0	nan	0	0	0	-0.000206	0.000047	-0.000206	0.000047	-0.003777	0.000862
26	U	17396	6167275	5745056	0.003028	241427	3541	6166939	1173	764881	742620	0.001580	36197	131	764756	0	0	0	nan	0	0	0	0.001448	0.000052	0.001448	0.000052	0.026550	0.000953
27	C	11935	6169300	5528730	0.002159	241953	3551	6168942	1174	764767	737205	0.001593	36198	131	764639	0	0	0	nan	0	0	0	0.000566	0.000051	0.000566	0.000051	0.010378	0.000935
28	G	322806	6156930	5275900	0.061185	242400	3550	6156542	4208	764175	737800	0.005703	36199	131	764041	0	0	0	nan	0	0	0	0.055482	0.000139	0.055482	0.000139	1.017299	0.002549
29	G	108833	6137301	5176779	0.021023	242958	3550	6136888	4831	763861	732348	0.006597	36200	131	763726	0	0	0	nan	0	0	0	0.014427	0.000114	0.014427	0.000114	0.264529	0.002090
30	G	88541	6120583	5074664	0.017448	242809	3543	6120148	2070	763311	714162	0.002899	36185	131	763159	0	0	0	nan	0	0	0	0.014549	0.000087	0.014549	0.000087	0.266766	0.001595
31	U	99384	6111841	4944886	0.020098	243135	3541	6111396	1395	762493	705410	0.001978	36184	129	762339	0	0	0	nan	0	0	0	0.018121	0.000083	0.018121	0.000083	0.332261	0.001522
32	A	134815	6101844	4875563	0.027651	229011	3533	6101392	553	762058	703856	0.000786	35626	129	761903	0	0	0	nan	0	0	0	0.026865	0.000082	0.026865	0.000082	0.492588	0.001504
33	A	328773	6087774	4971080	0.066137	229203	3528	6087307	413	761183	714814	0.000578	35631	129	761027	0	0	0	nan	0	0	0	0.065559	0.000119	0.065559	0.000119	1.202068	0.002182
34	U	81941	6077952	4905734	0.016703	229682	3521	6077458	2412	759929	713490	0.003381	35635	129	759773	0	0	0	nan	0	0	0	0.013323	0.000090	0.013323	0.000090	0.244286	0.001650
35	C	107348	6072428	4765119	0.022528	229840	3516	6071905	544	758986	709404	0.000767	35635	129	758829	0	0	0	nan	0	0	0	0.021761	0.000076	0.021761	0.000076	0.399002	0.001394
36	G	284617	6061626	4990697	0.057030	230179	3505	6061065	5032	757449	706912	0.007118	35635	128	757289	0	0	0	nan	0	0	0	0.049911	0.000147	0.049911	0.000147	0.915151	0.002695
37	C	38761	6052381	4940193	0.007846	230352	3491	6051801	987	756081	703234	0.001404	35637	128	755919	0	0	0	nan	0	0	0	0.006443	0.000060	0.006443	0.000060	0.118137	0.001100
38	U	17974	6044640	4936327	0.003641	230583	3480	6044034	1336	755361	700190	0.001908	35639	126	755198	0	0	0	nan	0	0	0	0.001733	0.000059	0.001733	0.000059	0.031776	0.001082
39	G	31555	6040446	4930206	0.006400	230810	3475	6039800	3119	754753	697969	0.004469	35640	125	754585	0	0	0	nan	0	0	0	0.001932	0.000088	0.001932	0.000088	0.035425	0.001614
40	C	8630	6034947	4951853	0.001743	231017	3469	6034272	1795	754390	699757	0.002565	35638	125	754215	0	0	0	nan	0	0	0	-0.000822	0.000063	-0.000822	0.000063	-0.015072	0.001155
41	G	18775	6029376	4919485	0.003816	231228	3465	6028669	1913	753933	700462	0.002731	35641	125	753756	0	0	0	nan	0	0	0	0.001085	0.000068	0.001085	0.000068	0.019894	0.001247
42	G	35205	6036598	4899622	0.007185	231423	3455	6035854	9427	753491	706186	0.013349	35644	124	753311	0	0	0	nan	0	0	0	-0.006164	0.000143	-0.006164	0.000143	-0.113021	0.002622
43	C	15540	6033506	4888927	0.003179	231532	3455	6032685	1443	753246	714370	0.002020	35643	124	753063	0	0	0	nan	0	0	0	0.001159	0.000059	0.001159	0.000059	0.021251	0.001082
44	C	9548	6030215	4860355	0.001964	231698	3458	6029347	1120	753005	711155	0.001575	35648	124	752820	0	0	0	nan	0	0	0	0.000390	0.000051	0.000390	0.000051	0.007151	0.000935
45	G	171840	6024919	4590465	0.037434	231926	3447	6024034	6339	752547	711130	0.008914	35650	123	752362	0	0	0	nan	0	0	0	0.028520	0.000144	0.028520	0.000144	0.522933	0.002640
46	G	420040	6021003	4734280	0.088723	232521	3449	6020081	9905	752397	682694	0.014509	35651	122	752212	0	0	0	nan	0	0	0	0.074214	0.000200	0.074214	0.000200	1.360763	0.003667
47	U	96659	6017800	4657808	0.020752	233060	3449	6016832	2348	752480	683475	0.003435	35649	121	752293	0	0	0	nan	0	0	0	0.017317	0.000097	0.017317	0.000097	0.317519	0.001779
48	U	268449	6013001	4761310	0.056381	233557	3448	6011989	921	752163	683686	0.001347	35587	121	751973	0	0	0	nan	0	0	0	0.055034	0.000118	0.055034	0.000118	1.009085	0.002164
49	U	355680	6006979	4858079	0.073214	165993	3443	6005945	3356	749129	709534	0.004730	16365	76	748955	0	0	0	nan	0	0	0	0.068484	0.000147	0.068484	0.000147	1.255700	0.002695
50	C	46317	6003301	4904006	0.009445	167858	3447	6002135	1160	749717	704917	0.001646	16360	76	748687	0	0	0	nan	0	0	0	0.007799	0.000065	0.007799	0.000065	0.143000	0.001192
51	G	28437	5997715	4914157	0.005787	171873	3451	5996177	2411	746807	702299	0.003433	15986	74	745780	0	0	0	nan	0	0	0	0.002354	0.000078	0.002354	0.000078	0.043162	0.001430
52	G	57609	5992843	4910593	0.011732	167133	3448	5991301	6878	745310	698488	0.009847	14491	69	744280	0	0	0	nan	0	0	0	0.001885	0.000128	0.001885	0.000128	0.034563	0.002347
53	C	49499	5988962	4930208	0.010040	164529	3445	5987407	3315	744249	705947	0.004696	13591	68	743213	0	0	0	nan	0	0	0	0.005344	0.000093	0.005344	0.000093	0.097986	0.001705
54	C	12349	5984859	4957295	0.002491	163390	3558	5983255	1700	742836	705941	0.002408	12671	65	741806	0	0	0	nan	0	0	0	0.000083	0.000063	0.000083	0.000063	0.001522	0.001155
55	G	18254	5979732	4940986	0.003694	161235	3585	5978122	1768	740020	685185	0.002580	11909	59	738988	0	0	0	nan	0	0	0	0.001114	0.000067	0.001114	0.000067	0.020426	0.001228
56	U	10091	5977161	4919210	0.002051	160164	3586	5975548	947	739003	678525	0.001396	11581	57	737970	0	0	0	nan	0	0	0	0.000656	0.000050	0.000656	0.000050	0.012028	0.000917
57	A	22029	5975632	4921251	0.004476	160021	3588	5974004	674	738576	677802	0.000994	11491	57	737536	0	0	0	nan	0	0	0	0.003482	0.000049	0.003482	0.000049	0.063845	0.000898
58	G	193855	5974479	5047096	0.038409	159993	3592	5972838	797	738165	686632	0.001161	11400	56	737115	0	0	0	nan	0	0	0	0.037248	0.000096	0.037248	0.000096	0.682967	0.001760
59	A	1264437	5973130	5177490	0.244218	160832	3593	5971470	1012	737921	690113	0.001466	11339	55	736862	0	0	0	nan	0	0	0	0.242752	0.000222	0.242752	0.000222	4.451019	0.004071
60	G	120655	5972926	5448723	0.022144	162078	3591	5971219	2578	737758	694181	0.003714	11330	55	736692	0	0	0	nan	0	0	0	0.018430	0.000097	0.018430	0.000097	0.337926	0.001779
61	G	159618	5971344	5427754	0.029408	162265	3586	5969625	4596	737508	696894	0.006595	11332	55	736433	0	0	0	nan	0	0	0	0.022813	0.000122	0.022813	0.000122	0.418292	0.002237
62	A	201520	5969964	5371849	0.037514	162388	3566	5968226	1636	737323	700143	0.002337	11330	54	736245	0	0	0	nan	0	0	0	0.035177	0.000102	0.035177	0.000102	0.644994	0.001870
63	A	195848	5967072	5471340	0.035795	162579	3550	5965310	499	737262	699585	0.000713	11330	54	736180	0	0	0	nan	0	0	0	0.035082	0.000087	0.035082	0.000087	0.643252	0.001595
64	A	114692	5962370	5518106	0.020785	162939	3522	5960579	510	737114	702624	0.000726	11330	54	736030	0	0	0	nan	0	0	0	0.020059	0.000069	0.020059	0.000069	0.367795	0.001265
65	G	19810	5957973	5536189	0.003578	163223	3414	5956168	1596	736877	690346	0.002312	11330	55	735792	0	0	0	nan	0	0	0	0.001266	0.000063	0.001266	0.000063	0.023213	0.001155
66	U	238455	5954215	5558680	0.042898	163368	3389	5952280	12148	736817	694206	0.017499	11330	55	735727	0	0	0	nan	0	0	0	0.025399	0.000181	0.025399	0.000181	0.465708	0.003319
67	C	24302	5950440	5567937	0.004365	163612	3366	5948487	912	736813	706367	0.001291	11330	55	735717	0	0	0	nan	0	0	0	0.003074	0.000051	0.003074	0.000051	0.056364	0.000935
68	C	21761	5943903	5522521	0.003940	167224	3329	5941922	675	736515	714900	0.000944	11331	54	735408	0	0	0	nan	0	0	0	0.002996	0.000045	0.002996	0.000045	0.054934	0.000825
69	A	85774	5932192	5477625	0.015659	167205	3288	5930196	951	735508	711202	0.001337	11330	53	734396	0	0	0	nan	0	0	0	0.014322	0.000069	0.014322	0.000069	0.262603	0.001265
70	U	20306	5927517	5461493	0.003718	167309	3242	5925505	1456	735193	705875	0.002063	11329	52	734079	0	0	0	nan	0	0	0	0.001655	0.000060	0.001655	0.000060	0.030346	0.001100
71	G	46025	5921661	5459780	0.008430	167287	3214	5919618	2900	734570	707435	0.004099	11329	52	733446	0	0	0	nan	0	0	0	0.004331	0.000086	0.004331	0.000086	0.079412	0.001577
72	C	65335	5917259	5365532	0.012177	167410	3108	5915204	3440	733778	701949	0.004901	11329	52	732653	0	0	0	nan	0	0	0	0.007276	0.000096	0.007276	0.000096	0.133410	0.001760
73	U	26696	5912196	5284253	0.005052	167468	3073	5910122	2073	732822	702298	0.002952	11329	52	731693	0	0	0	nan	0	0	0	0.002100	0.000072	0.002100	0.000072	0.038505	0.001320
74	C	41182	5909551	5210957	0.007903	161608	3048	5907563	932	732405	697967	0.001335	11277	53	731267	0	0	0	nan	0	0	0	0.006568	0.000059	0.006568	0.000059	0.120429	0.001082
75	G	133842	5907272	5194167	0.025768	161708	2994	5905250	4361	731481	699508	0.006234	11274	53	730333	0	0	0	nan	0	0	0	0.019533	0.000118	0.019533	0.000118	0.358151	0.002164
76	C	351574	5905325	4937667	0.071202	161231	2972	5903303	904	731298	692348	0.001306	11265	53	730145	0	0	0	nan	0	0	0	0.069897	0.000128	0.069897	0.000128	1.281608	0.002347
77	A	808220	5901541	5124386	0.157720	160072	2937	5899481	671	730951	693314	0.000968	11177	52	729787	0	0	0	nan	0	0	0	0.156753	0.000179	0.156753	0.000179	2.874171	0.003282
78	C	93661	5901532	5206121	0.017991	160282	2893	5899422	796	731080	693380	0.001148	11177	51	729908	0	0	0	nan	0	0	0	0.016843	0.000071	0.016843	0.000071	0.308828	0.001302
79	G	121147	5899118	5264142	0.023014	160330	2844	5896984	6038	730713	699969	0.008626	11175	50	729530	0	0	0	nan	0	0	0	0.014388	0.000129	0.014388	0.000129	0.263814	0.002365
80	G	29238	5894440	5217191	0.005604	160388	2823	5892276	3012	730712	690690	0.004361	11175	50	729526	0	0	0	nan	0	0	0	0.001243	0.000086	0.001243	0.000086	0.022791	0.001577
81	U	348159	5889506	5254028	0.066265	161137	2789	5887265	1456	739641	699513	0.002081	11175	50	738450	0	0	0	nan	0	0	0	0.064184	0.000125	0.064184	0.000125	1.176856	0.002292
82	G	59978	5886861	5251020	0.011422	161116	2758	5884590	3420	740480	697012	0.004907	11173	50	739286	0	0	0	nan	0	0	0	0.006516	0.000096	0.006516	0.000096	0.119475	0.001760
83	C	89943	5884039	5272292	0.017060	161143	2745	5881753	1070	740372	704127	0.001520	11171	50	739176	0	0	0	nan	0	0	0	0.015540	0.000073	0.015540	0.000073	0.284936	0.001339
84	U	35883	5881275	5210632	0.006886	161093	2710	5878972	1211	740166	705472	0.001717	11164	50	738965	0	0	0	nan	0	0	0	0.005170	0.000061	0.005170	0.000061	0.094795	0.001118
85	G	37549	5878841	5067472	0.007410	160470	2703	5876527	1449	739771	704625	0.002056	11135	50	738559	0	0	0	nan	0	0	0	0.005353	0.000066	0.005353	0.000066	0.098151	0.001210
86	A	477566	5873449	5222773	0.091439	160404	2690	5871143	1425	739145	710127	0.002007	11126	50	737924	0	0	0	nan	0	0	0	0.089432	0.000143	0.089432	0.000143	1.639795	0.002622
87	G	30756	5871535	5223691	0.005888	160723	2559	5869195	859	739303	707566	0.001214	11125	50	738076	0	0	0	nan	0	0	0	0.004674	0.000053	0.004674	0.000053	0.085701	0.000972
88	A	177694	5870046	5275331	0.033684	164776	2548	5867513	715	739545	704764	0.001015	11135	49	738315	0	0	0	nan	0	0	0	0.032669	0.000088	0.032669	0.000088	0.599008	0.001614
89	U	157378	5868898	5365910	0.029329	165583	2515	5866293	986	739710	703384	0.001402	11136	48	738477	0	0	0	nan	0	0	0	0.027927	0.000086	0.027927	0.000086	0.512060	0.001577
90	G	18227	5868160	5368786	0.003395	165614	2473	5865514	2718	740049	705205	0.003854	11136	47	738811	0	0	0	nan	0	0	0	-0.000459	0.000078	-0.000459	0.000078	-0.008416	0.001430
91	C	51824	5866895	5330746	0.009722	165661	2344	5864185	7111	740485	715470	0.009939	11135	48	739242	0	0	0	nan	0	0	0	-0.000217	0.000125	-0.000217	0.000125	-0.003979	0.002292
92	C	9695	5863900	5349918	0.001812	165719	2328	5861162	954	740666	721560	0.001322	11135	48	739420	0	0	0	nan	0	0	0	0.000490	0.000047	0.000490	0.000047	0.008984	0.000862
93	C	15506	5861346	5299999	0.002926	166075	2306	5858560	1813	740735	721386	0.002513	11136	48	739483	0	0	0	nan	0	0	0	0.000412	0.000064	0.000412	0.000064	0.007554	0.001173
94	G	120302	5856302	5137668	0.023416	166268	2241	5853467	2940	740477	713894	0.004118	11136	47	739222	0	0	0	nan	0	0	0	0.019297	0.000102	0.019297	0.000102	0.353823	0.001870
95	U	100725	5854714	5100675	0.019747	166903	2231	5851830	2022	740424	709804	0.002849	11138	47	739166	0	0	0	nan	0	0	0	0.016899	0.000089	0.016899	0.000089	0.309854	0.001632
96	A	534649	5854433	5192146	0.102973	167054	2226	5851509	1064	740702	709971	0.001499	11140	47	739439	0	0	0	nan	0	0	0	0.101474	0.000148	0.101474	0.000148	1.860593	0.002714
97	G	122340	5855316	5261627	0.023251	171102	2218	5852246	2028	741088	707999	0.002864	11141	45	739823	0	0	0	nan	0	0	0	0.020387	0.000092	0.020387	0.000092	0.373809	0.001687
98	U	253732	5855468	5356291	0.047371	172968	2203	5852310	2042	741275	711732	0.002869	11152	41	740006	0	0	0	nan	0	0	0	0.044502	0.000113	0.044502	0.000113	0.815974	0.002072
99	G	100245	5857546	5387250	0.018608	173949	2174	5854339	1705	741596	709288	0.002404	11153	37	740323	0	0	0	nan	0	0	0	0.016204	0.000083	0.016204	0.000083	0.297111	0.001522
100	U	112634	5857694	5421968	0.020774	174191	2146	5854468	2153	741962	712939	0.003020	11150	24	740688	0	0	0	nan	0	0	0	0.017754	0.000090	0.017754	0.000090	0.325531	0.001650
101	U	15290	5857250	5434163	0.002814	174394	2135	5854008	811	742280	714882	0.001134	11150	16	740999	0	0	0	nan	0	0	0	0.001679	0.000046	0.001679	0.000046	0.030786	0.000843
102	C	42964	5855999	5292152	0.008118	174403	2132	5852735	891	742702	719877	0.001238	11151	14	741417	0	0	0	nan	0	0	0	0.006881	0.000057	0.006881	0.000057	0.126168	0.001045
103	G	186028	5854897	5377150	0.034596	174422	2131	5851619	1228	743096	722182	0.001700	11144	13	741806	0	0	0	nan	0	0	0	0.032896	0.000094	0.032896	0.000094	0.603170	0.001724
104	U	136005	5853652	5379293	0.025283	174522	2128	5850356	1716	743165	723007	0.002373	11144	13	741874	0	0	0	nan	0	0	0	0.022910	0.000089	0.022910	0.000089	0.420070	0.001632
105	G	95084	5853067	5330452	0.017838	174568	2127	5849748	2603	743542	723287	0.003599	11142	13	742249	0	0	0	nan	0	0	0	0.014239	0.000091	0.014239	0.000091	0.261082	0.001669
106	G	91707	5852804	5267809	0.017409	174613	2120	5849465	3351	743839	724960	0.004622	11142	12	742543	0	0	0	nan	0	0	0	0.012787	0.000098	0.012787	0.000098	0.234458	0.001797
107	A	189834	5852828	5292523	0.035868	174937	2105	5849411	735	743891	724988	0.001014	11137	9	742593	0	0	0	nan	0	0	0	0.034855	0.000090	0.034855	0.000090	0.639090	0.001650
108	A	53461	5852290	5351361	0.009990	174987	2089	5848859	375	743911	724979	0.000517	11136	9	742613	0	0	0	nan	0	0	0	0.009473	0.000051	0.009473	0.000051	0.173694	0.000935
109	A	255074	5850040	5396034	0.047271	175432	2079	5846584	538	743572	726965	0.000740	11136	9	742273	0	0	0	nan	0	0	0	0.046531	0.000099	0.046531	0.000099	0.853177	0.001815
110	C	45547	5847845	5443571	0.008367	175550	2030	5844369	1398	742968	723838	0.001931	11136	9	741669	0	0	0	nan	0	0	0	0.006436	0.000065	0.006436	0.000065	0.118008	0.001192
111	A	12089	5845897	5424823	0.002228	175539	2012	5842416	591	742613	722432	0.000818	11136	9	741314	0	0	0	nan	0	0	0	0.001410	0.000039	0.001410	0.000039	0.025853	0.000715
112	C	8619	5844418	5384437	0.001601	175994	2004	5840908	983	742195	720824	0.001364	11136	9	740896	0	0	0	nan	0	0	0	0.000237	0.000047	0.000237	0.000047	0.004346	0.000862
113	G	122511	5842469	5337100	0.022955	175894	1969	5838965	1485	741728	720154	0.002062	11135	8	740427	0	0	0	nan	0	0	0	0.020893	0.000085	0.020893	0.000085	0.383087	0.001559
114	A	305584	5841119	5335119	0.057278	176081	1962	5837611	833	741174	720352	0.001156	11138	8	739869	0	0	0	nan	0	0	0	0.056121	0.000111	0.056121	0.000111	1.029016	0.002035
115	G	36946	5840695	5343513	0.006914	177407	1951	5837125	3238	741117	720636	0.004493	11140	8	739812	0	0	0	nan	0	0	0	0.002421	0.000087	0.002421	0.000087	0.044391	0.001595
116	C	27088	5840026	5266409	0.005144	178405	1918	5836452	1621	741035	725533	0.002234	11152	8	739729	0	0	0	nan	0	0	0	0.002909	0.000064	0.002909	0.000064	0.053338	0.001173
117	G	27757	5839712	5109658	0.005432	178579	1864	5836123	1308	741076	723490	0.001808	11149	7	739766	0	0	0	nan	0	0	0	0.003624	0.000060	0.003624	0.000060	0.066448	0.001100
118	A	298046	5839187	5155384	0.057813	179342	1855	5835575	974	741091	723725	0.001346	11147	7	739778	0	0	0	nan	0	0	0	0.056467	0.000114	0.056467	0.000114	1.035360	0.002090
119	G	158339	5840189	5070858	0.031225	180829	1853	5836543	23681	741330	723021	0.032753	11146	7	740011	0	0	0	nan	0	0	0	-0.001528	0.000227	-0.001528	0.000227	-0.028017	0.004162
120	A	395482	5840858	4977629	0.079452	185575	1811	5837085	847	741624	723682	0.001170	11143	7	740299	0	0	0	nan	0	0	0	0.078281	0.000133	0.078281	0.000133	1.435334	0.002439
121	A	301039	5841466	5054787	0.059555	189583	1773	5837579	355	741861	721081	0.000492	11143	7	740535	0	0	0	nan	0	0	0	0.059063	0.000112	0.059063	0.000112	1.082959	0.002054
122	A	369040	5841872	5181520	0.071222	191109	1743	5837922	996	741989	721395	0.001381	11145	7	740663	0	0	0	nan	0	0	0	0.069842	0.000125	0.069842	0.000125	1.280600	0.002292
123	C	105153	5849135	5168160	0.020346	212124	1751	5844199	2317	742045	722090	0.003209	11148	7	740717	0	0	0	nan	0	0	0	0.017138	0.000092	0.017138	0.000092	0.314237	0.001687
124	C	26731	5848777	5168597	0.005172	213916	1736	5843774	815	742045	725945	0.001123	11148	6	740717	0	0	0	nan	0	0	0	0.004049	0.000050	0.004049	0.000050	0.074241	0.000917
125	C	140090	5847681	5068313	0.027640	215770	1716	5842617	4343	742019	728697	0.005960	11148	6	740690	0	0	0	nan	0	0	0	0.021680	0.000117	0.021680	0.000117	0.397517	0.002145
126	A	106289	5845606	4722205	0.022508	218855	1580	5840422	793	741992	728141	0.001089	11139	6	740660	0	0	0	nan	0	0	0	0.021419	0.000079	0.021419	0.000079	0.392732	0.001449
127	A	387345	5842867	4995275	0.077542	229671	1553	5837317	337	741692	726796	0.000464	11145	6	740356	0	0	0	nan	0	0	0	0.077079	0.000127	0.077079	0.000127	1.413295	0.002329
128	A	401529	5842148	4895097	0.082027	258777	1545	5835941	477	741268	719746	0.000663	11144	6	739933	0	0	0	nan	0	0	0	0.081364	0.000133	0.081364	0.000133	1.491863	0.002439
129	U	192445	5840062	4614989	0.041700	269479	1502	5833559	935	740906	718317	0.001302	11143	6	739570	0	0	0	nan	0	0	0	0.040398	0.000104	0.040398	0.000104	0.740724	0.001907
130	G	409871	5839366	4925533	0.083214	270934	1496	5832808	1735	740821	711672	0.002438	11137	6	739485	0	0	0	nan	0	0	0	0.080776	0.000143	0.080776	0.000143	1.481082	0.002622
131	A	217641	5839293	4997150	0.043553	273964	1473	5832695	643	740756	714856	0.000899	11125	6	739420	0	0	0	nan	0	0	0	0.042654	0.000100	0.042654	0.000100	0.782089	0.001834
132	U	170702	5839755	4997554	0.034157	275575	1459	5833094	1147	740754	715000	0.001604	11126	6	739418	0	0	0	nan	0	0	0	0.032553	0.000095	0.032553	0.000095	0.596881	0.001742
133	G	100594	5840876	4969133	0.020244	271259	1253	5834193	3054	740950	666856	0.004580	11009	5	739610	0	0	0	nan	0	0	0	0.015664	0.000105	0.015664	0.000105	0.287210	0.001925
134	G	114261	5841380	4932953	0.023163	270932	1205	5834661	1997	741081	664448	0.003006	10997	4	739738	0	0	0	nan	0	0	0	0.020157	0.000096	0.020157	0.000096	0.369592	0.001760
135	U	112504	5838881	4790613	0.023484	270043	1120	5832178	925	740815	661256	0.001399	10816	3	739476	0	0	0	nan	0	0	0	0.022085	0.000084	0.022085	0.000084	0.404943	0.001540
136	A	530506	5837527	4932638	0.107550	269599	1039	5830828	882	740764	660449	0.001335	10813	3	739423	0	0	0	nan	0	0	0	0.106215	0.000154	0.106215	0.000154	1.947523	0.002824
137	G	163551	5840758	4985640	0.032804	270934	933	5833969	4597	740768	664260	0.006920	10879	2	739422	0	0	0	nan	0	0	0	0.025884	0.000130	0.025884	0.000130	0.474600	0.002384
138	G	52622	5840342	5006792	0.010510	270599	877	5833544	4828	740534	666090	0.007248	10877	2	739187	0	0	0	nan	0	0	0	0.003262	0.000114	0.003262	0.000114	0.059811	0.002090
139	G	46085	5839229	5017808	0.009184	270419	852	5832428	2364	739769	664368	0.003558	10868	2	738418	0	0	0	nan	0	0	0	0.005626	0.000085	0.005626	0.000085	0.103156	0.001559
140	G	58688	5836826	4930748	0.011902	269881	788	5830013	5368	739384	661151	0.008119	10859	2	738029	0	0	0	nan	0	0	0	0.003783	0.000121	0.003783	0.000121	0.069364	0.002219
141	C	285982	5834707	4974859	0.057485	269414	752	5827890	1190	739166	656010	0.001814	10847	2	737810	0	0	0	nan	0	0	0	0.055671	0.000120	0.055671	0.000120	1.020765	0.002200
142	A	663963	5832335	5185878	0.128033	268923	743	5825525	750	738869	656051	0.001143	10737	2	737516	0	0	0	nan	0	0	0	0.126890	0.000163	0.126890	0.000163	2.326613	0.002989
143	C	16820	5832268	5233307	0.003214	268753	696	5825347	1474	738763	656648	0.002245	10740	2	737408	0	0	0	nan	0	0	0	0.000969	0.000064	0.000969	0.000064	0.017767	0.001173
144	C	20252	5831005	5247798	0.003859	268704	692	5824070	2548	738787	656819	0.003879	10739	2	737432	0	0	0	nan	0	0	0	-0.000020	0.000081	-0.000020	0.000081	-0.000367	0.001485
145	U	12840	5830406	5219058	0.002460	268705	692	5823461	2608	738836	650775	0.004008	10739	1	737482	0	0	0	nan	0	0	0	-0.001547	0.000081	-0.001547	0.000081	-0.028365	0.001485
146	U	21452	5830722	5206364	0.004120	268690	693	5823742	5119	739088	651468	0.007858	10737	1	737731	0	0	0	nan	0	0	0	-0.003737	0.000113	-0.003737	0.000113	-0.068520	0.002072
147	C	38891	5830994	5208402	0.007467	268704	691	5823964	4161	739544	657260	0.006331	10737	1	738165	0	0	0	nan	0	0	0	0.001136	0.000105	0.001136	0.000105	0.020829	0.001925
148	C	5654	5830400	5243567	0.001078	268271	693	5823290	889	739860	667916	0.001331	10676	1	738469	0	0	0	nan	0	0	0	-0.000253	0.000047	-0.000253	0.000047	-0.004639	0.000862
149	C	6962	5829542	5232507	0.001331	268240	692	5822344	729	740014	667778	0.001092	10676	1	738603	0	0	0	nan	0	0	0	0.000239	0.000043	0.000239	0.000043	0.004382	0.000788
150	G	96885	5828020	5146854	0.018824	268448	699	5820760	766	739917	664539	0.001153	10676	1	738495	0	0	0	nan	0	0	0	0.017671	0.000073	0.017671	0.000073	0.324010	0.001339
151	A	93794	5826819	5078966	0.018467	268655	703	5819536	940	739825	663484	0.001417	10675	1	738400	0	0	0	nan	0	0	0	0.017050	0.000076	0.017050	0.000076	0.312623	0.001394
152	A	284410	5826505	5059620	0.056212	269868	738	5819207	738	740086	664033	0.001111	10676	1	738658	0	0	0	nan	0	0	0	0.055100	0.000113	0.055100	0.000113	1.010295	0.002072
153	G	59506	5826809	5025309	0.011841	270494	737	5819483	2327	740166	666229	0.003493	10677	1	738737	0	0	0	nan	0	0	0	0.008348	0.000087	0.008348	0.000087	0.153066	0.001595
154	G	68563	5827067	4914328	0.013952	270539	737	5819748	1346	740221	666952	0.002018	10677	1	738792	0	0	0	nan	0	0	0	0.011934	0.000077	0.011934	0.000077	0.218818	0.001412
155	A	62827	5827399	4856493	0.012937	270774	739	5820083	1124	740343	668096	0.001682	10673	1	738912	0	0	0	nan	0	0	0	0.011254	0.000072	0.011254	0.000072	0.206350	0.001320
156	A	127038	5827283	4935687	0.025739	270983	735	5819963	444	740413	668657	0.000664	10675	1	738980	0	0	0	nan	0	0	0	0.025075	0.000079	0.025075	0.000079	0.459767	0.001449
157	A	437287	5827105	5011852	0.087251	271577	736	5819766	411	740383	668444	0.000615	10684	1	738950	0	0	0	nan	0	0	0	0.086636	0.000135	0.086636	0.000135	1.588529	0.002475
158	U	216420	5826585	5072152	0.042668	271853	733	5819244	1418	740271	668473	0.002121	10684	1	738838	0	0	0	nan	0	0	0	0.040547	0.000108	0.040547	0.000108	0.743456	0.001980
159	G	60533	5826668	5106600	0.011854	272150	735	5819310	1210	740276	668218	0.001811	10686	1	738843	0	0	0	nan	0	0	0	0.010043	0.000071	0.010043	0.000071	0.184145	0.001302
160	A	95838	5826468	5139214	0.018648	272395	740	5819106	773	740531	668157	0.001157	10685	1	739098	0	0	0	nan	0	0	0	0.017491	0.000073	0.017491	0.000073	0.320709	0.001339
161	A	154821	5825131	5168451	0.029955	271227	732	5817800	442	740463	666472	0.000663	10681	1	739034	0	0	0	nan	0	0	0	0.029292	0.000082	0.029292	0.000082	0.537088	0.001504
162	C	19279	5823523	5160528	0.003736	271671	734	5816202	943	740429	665473	0.001417	10684	1	739000	0	0	0	nan	0	0	0	0.002319	0.000053	0.002319	0.000053	0.042520	0.000972
163	G	171327	5821715	5153673	0.033244	271785	726	5814406	1856	740491	666233	0.002786	10685	1	739059	0	0	0	nan	0	0	0	0.030458	0.000103	0.030458	0.000103	0.558468	0.001889
164	G	35422	5820580	5099871	0.006946	277919	893	5813267	1492	740699	664432	0.002246	10715	1	739267	0	0	0	nan	0	0	0	0.004700	0.000069	0.004700	0.000069	0.086178	0.001265
165	A	267252	5817164	5170633	0.051687	277939	891	5809923	7293	740610	669780	0.010889	10696	1	739178	0	0	0	nan	0	0	0	0.040798	0.000162	0.040798	0.000162	0.748058	0.002970
166	G	200274	5818724	5262687	0.038055	282147	912	5811410	52346	740727	711885	0.073532	10838	1	739291	0	0	0	nan	0	0	0	-0.035476	0.000332	nan	nan	nan	nan
167	G	62711	5819272	5341543	0.011740	294813	1138	5811867	22631	740990	724226	0.031249	11276	3	739553	0	0	0	nan	0	0	0	-0.019508	0.000213	-0.019508	0.000213	-0.357692	0.003905
168	G	31391	5818467	5324593	0.005895	299006	1165	5811035	1910	741062	725222	0.002634	11292	3	739625	0	0	0	nan	0	0	0	0.003262	0.000069	0.003262	0.000069	0.059811	0.001265
169	A	33656	5816656	5333890	0.006310	299671	1180	5809256	1074	740996	725891	0.001480	11294	3	739559	0	0	0	nan	0	0	0	0.004830	0.000057	0.004830	0.000057	0.088561	0.001045
170	A	33281	5816802	5346812	0.006224	300597	1226	5809393	1082	740899	727247	0.001488	11294	3	739460	0	0	0	nan	0	0	0	0.004737	0.000057	0.004737	0.000057	0.086856	0.001045
171	G	25919	5815991	5368657	0.004828	301928	1231	5808604	2342	740779	729837	0.003209	11295	3	739340	0	0	0	nan	0	0	0	0.001619	0.000073	0.001619	0.000073	0.029685	0.001339
172	G	22846	5815011	5344749	0.004274	302038	1232	5807638	957	740663	726380	0.001317	11296	3	739224	0	0	0	nan	0	0	0	0.002957	0.000051	0.002957	0.000051	0.054219	0.000935
173	A	255152	5813638	5403954	0.047216	302366	1260	5806289	874	740527	725349	0.001205	11302	3	739088	0	0	0	nan	0	0	0	0.046011	0.000102	0.046011	0.000102	0.843642	0.001870
174	C	33923	5814059	5451930	0.006222	304114	1282	5806727	663	740566	724975	0.000915	11304	3	739127	0	0	0	nan	0	0	0	0.005308	0.000049	0.005308	0.000049	0.097326	0.000898
175	A	63064	5814181	5464132	0.011541	304329	1294	5806867	1325	740609	727990	0.001820	11304	3	739168	0	0	0	nan	0	0	0	0.009721	0.000068	0.009721	0.000068	0.178241	0.001247
176	G	31035	5814028	5408562	0.005738	305563	1311	5806737	2574	740579	726754	0.003542	11305	3	739137	0	0	0	nan	0	0	0	0.002196	0.000077	0.002196	0.000077	0.040265	0.001412
177	G	47130	5813695	5386200	0.008750	305760	1331	5806432	5206	740541	726929	0.007162	11305	3	739098	0	0	0	nan	0	0	0	0.001589	0.000107	0.001589	0.000107	0.029135	0.001962
178	C	106772	5813016	5434878	0.019646	305937	1332	5805788	1712	740538	726575	0.002356	11307	3	739088	0	0	0	nan	0	0	0	0.017289	0.000083	0.017289	0.000083	0.317005	0.001522
179	G	32038	5814186	5312366	0.006031	306272	1331	5806987	2485	740622	726744	0.003419	11298	3	739160	0	0	0	nan	0	0	0	0.002611	0.000076	0.002611	0.000076	0.047874	0.001394
180	G	53216	5813286	5206937	0.010220	306467	1342	5806111	6164	740450	723771	0.008517	11297	3	738984	0	0	0	nan	0	0	0	0.001704	0.000117	0.001704	0.000117	0.031244	0.002145
181	C	130075	5811440	5270761	0.024679	306357	1355	5804291	1791	740179	722668	0.002478	11297	3	738705	0	0	0	nan	0	0	0	0.022200	0.000090	0.022200	0.000090	0.407052	0.001650
182	G	41723	5810620	5241276	0.007960	306463	1357	5803470	4232	740172	721720	0.005864	11273	3	738692	0	0	0	nan	0	0	0	0.002097	0.000098	0.002097	0.000098	0.038450	0.001797
183	C	555468	5810491	5136063	0.108151	326270	1500	5803191	879	740100	720683	0.001220	11285	3	738614	0	0	0	nan	0	0	0	0.106931	0.000151	0.106931	0.000151	1.960651	0.002769
184	A	390962	5809343	5126035	0.076270	326402	1530	5802067	655	739983	720198	0.000909	11240	3	738496	0	0	0	nan	0	0	0	0.075360	0.000127	0.075360	0.000127	1.381776	0.002329
185	U	395108	5808817	5271791	0.074948	327285	1543	5801529	1778	739956	722343	0.002461	11243	3	738468	0	0	0	nan	0	0	0	0.072486	0.000133	0.072486	0.000133	1.329079	0.002439
186	G	43841	5810163	5331219	0.008223	327750	1552	5802861	3936	740062	726167	0.005420	11241	3	738571	0	0	0	nan	0	0	0	0.002803	0.000095	0.002803	0.000095	0.051395	0.001742
187	C	21456	5810117	5325969	0.004029	327807	1551	5802824	1719	740113	727117	0.002364	11240	3	738616	0	0	0	nan	0	0	0	0.001664	0.000063	0.001664	0.000063	0.030511	0.001155
188	A	435121	5809769	5479132	0.079414	327934	1553	5802497	665	740197	726420	0.000915	11238	3	738696	0	0	0	nan	0	0	0	0.078499	0.000126	0.078499	0.000126	1.439331	0.002310
189	G	29379	5812060	5500252	0.005341	331812	1660	5804746	2806	740459	726349	0.003863	11239	3	738949	0	0	0	nan	0	0	0	0.001478	0.000079	0.001478	0.000079	0.027100	0.001449
190	C	13262	5813109	5511380	0.002406	332276	1686	5805796	2293	740725	727467	0.003152	11240	3	739210	0	0	0	nan	0	0	0	-0.000746	0.000069	-0.000746	0.000069	-0.013678	0.001265
191	C	17736	5813855	5497560	0.003226	333305	1719	5806547	1340	740939	727591	0.001842	11241	3	739420	0	0	0	nan	0	0	0	0.001384	0.000056	0.001384	0.000056	0.025377	0.001027
192	U	15453	5815086	5493076	0.002813	336583	1863	5807775	2469	741125	728362	0.003390	11220	3	739599	0	0	0	nan	0	0	0	-0.000577	0.000072	-0.000577	0.000072	-0.010580	0.001320
193	G	32970	5815868	5466910	0.006031	338336	1935	5808553	1404	741234	725113	0.001936	11220	3	739695	0	0	0	nan	0	0	0	0.004095	0.000061	0.004095	0.000061	0.075085	0.001118
194	U	21016	5815483	5426074	0.003873	339372	1963	5808201	1766	741243	724585	0.002437	11220	3	739697	0	0	0	nan	0	0	0	0.001436	0.000064	0.001436	0.000064	0.026330	0.001173
195	A	304497	5815288	5322474	0.057210	340372	2167	5807995	968	741361	724699	0.001336	11220	3	739802	0	0	0	nan	0	0	0	0.055874	0.000112	0.055874	0.000112	1.024487	0.002054
196	G	55881	5816581	5286675	0.010570	343823	2323	5809255	1036	741495	725001	0.001429	11220	3	739932	0	0	0	nan	0	0	0	0.009141	0.000063	0.009141	0.000063	0.167606	0.001155
197	A	573159	5816168	5024609	0.114070	344890	2349	5808868	758	741522	724292	0.001047	11222	3	739951	0	0	0	nan	0	0	0	0.113024	0.000155	0.113024	0.000155	2.072370	0.002842
198	U	263746	5818118	5148345	0.051229	347518	2454	5810821	919	741617	723745	0.001270	11225	4	740045	0	0	0	nan	0	0	0	0.049959	0.000108	0.049959	0.000108	0.916032	0.001980
199	A	215687	5819989	5189198	0.041565	347819	2595	5812680	671	741753	726837	0.000923	11226	4	740178	0	0	0	nan	0	0	0	0.040641	0.000096	0.040641	0.000096	0.745180	0.001760
200	G	136250	5821547	5215974	0.026122	349874	2701	5814241	1285	741803	727549	0.001766	11230	4	740225	0	0	0	nan	0	0	0	0.024355	0.000086	0.024355	0.000086	0.446565	0.001577
201	A	352147	5822316	5314070	0.066267	350356	2726	5815030	599	741808	725580	0.000826	11228	4	740228	0	0	0	nan	0	0	0	0.065441	0.000117	0.065441	0.000117	1.199904	0.002145
202	U	156634	5824946	5388828	0.029066	351830	2902	5817666	1441	742043	725525	0.001986	11228	4	740463	0	0	0	nan	0	0	0	0.027080	0.000090	0.027080	0.000090	0.496530	0.001650
203	G	24637	5828536	5290897	0.004656	351648	2939	5821241	1135	742423	724572	0.001566	11232	5	740839	0	0	0	nan	0	0	0	0.003090	0.000055	0.003090	0.000055	0.056657	0.001008
204	A	241342	5830961	5346761	0.045138	351531	2948	5823675	1032	742585	724910	0.001424	11227	5	740999	0	0	0	nan	0	0	0	0.043714	0.000102	0.043714	0.000102	0.801525	0.001870
205	U	88598	5834229	5365594	0.016512	351647	3044	5826923	1406	742862	723549	0.001943	11231	8	741273	0	0	0	nan	0	0	0	0.014569	0.000076	0.014569	0.000076	0.267132	0.001394
206	U	93778	5837317	5384855	0.017415	351584	3051	5829999	1257	743094	722808	0.001739	11237	8	741504	0	0	0	nan	0	0	0	0.015676	0.000075	0.015676	0.000075	0.287430	0.001375
207	A	111650	5840600	5433853	0.020547	351517	3079	5833260	577	743256	725626	0.000795	11243	10	741660	0	0	0	nan	0	0	0	0.019752	0.000070	0.019752	0.000070	0.362166	0.001283
208	C	110574	5843121	5463908	0.020237	350989	3122	5835801	1187	743504	726591	0.001634	11244	10	741903	0	0	0	nan	0	0	0	0.018604	0.000077	0.018604	0.000077	0.341117	0.001412
209	C	73465	5845788	5464073	0.013445	351194	3141	5838465	925	743801	731012	0.001265	11243	10	742200	0	0	0	nan	0	0	0	0.012180	0.000065	0.012180	0.000065	0.223328	0.001192
210	G	162826	5847218	5481045	0.029707	351337	3151	5839912	7618	743995	730191	0.010433	11244	10	742386	0	0	0	nan	0	0	0	0.019274	0.000140	0.019274	0.000140	0.353402	0.002567
211	C	21189	5847864	5483778	0.003864	348780	3157	5840624	1503	744156	729510	0.002060	11244	11	742541	0	0	0	nan	0	0	0	0.001804	0.000059	0.001804	0.000059	0.033078	0.001082
212	C	9924	5848289	5471026	0.001814	348583	3165	5841099	732	744500	730537	0.001002	11224	11	742873	0	0	0	nan	0	0	0	0.000812	0.000041	0.000812	0.000041	0.014889	0.000752
213	G	43890	5849208	5444403	0.008061	348351	3175	5842039	3694	744742	731321	0.005051	11225	11	743100	0	0	0	nan	0	0	0	0.003010	0.000092	0.003010	0.000092	0.055190	0.001687
214	G	40675	5849583	5386696	0.007551	348048	3177	5842413	1901	744746	725952	0.002619	11227	11	743100	0	0	0	nan	0	0	0	0.004932	0.000071	0.004932	0.000071	0.090432	0.001302
215	A	214589	5849279	5438045	0.039461	347983	3202	5842101	1256	744630	725812	0.001730	11222	12	742980	0	0	0	nan	0	0	0	0.037730	0.000098	0.037730	0.000098	0.691805	0.001797
216	G	20591	5851894	5431991	0.003791	347052	3229	5844723	1786	744751	721582	0.002475	11216	14	743097	0	0	0	nan	0	0	0	0.001316	0.000064	0.001316	0.000064	0.024130	0.001173
217	U	10991	5852436	5461088	0.002013	347051	3234	5845260	1480	744686	723984	0.002044	11215	14	743031	0	0	0	nan	0	0	0	-0.000032	0.000056	-0.000032	0.000056	-0.000587	0.001027
218	A	38759	5853533	5446587	0.007116	347050	3265	5846348	565	744904	725282	0.000779	11216	16	743247	0	0	0	nan	0	0	0	0.006337	0.000049	0.006337	0.000049	0.116193	0.000898
219	C	17257	5854693	5449159	0.003167	347278	3295	5847535	830	745007	730977	0.001135	11217	16	743349	0	0	0	nan	0	0	0	0.002031	0.000046	0.002031	0.000046	0.037240	0.000843
220	G	71904	5857288	5328049	0.013495	347309	3304	5850136	892	745185	731576	0.001219	11217	16	743525	0	0	0	nan	0	0	0	0.012276	0.000065	0.012276	0.000065	0.225089	0.001192
221	A	193395	5857221	5367163	0.036033	347373	3311	5850082	1437	745216	730982	0.001966	11215	17	743555	0	0	0	nan	0	0	0	0.034067	0.000097	0.034067	0.000097	0.624641	0.001779
222	G	31318	5865115	5292165	0.005918	347529	3357	5857958	2184	745605	727577	0.003002	11217	19	743943	0	0	0	nan	0	0	0	0.002916	0.000072	0.002916	0.000072	0.053467	0.001320
223	G	51333	5868502	5256900	0.009765	347645	3393	5861338	8279	745796	726352	0.011398	11220	20	744131	0	0	0	nan	0	0	0	-0.001633	0.000132	-0.001633	0.000132	-0.029942	0.002420
224	C	58422	5870847	5291848	0.011040	347860	3533	5863682	1698	745942	727723	0.002333	11342	63	744274	0	0	0	nan	0	0	0	0.008707	0.000073	0.008707	0.000073	0.159649	0.001339
225	G	57179	5875535	5255469	0.010880	347938	3585	5868353	4973	746217	729492	0.006817	11350	65	744546	0	0	0	nan	0	0	0	0.004063	0.000107	0.004063	0.000107	0.074498	0.001962
226	C	191681	5878121	4937485	0.038822	347964	3617	5870909	1937	746301	729981	0.002653	11353	67	744625	0	0	0	nan	0	0	0	0.036168	0.000107	0.036168	0.000107	0.663164	0.001962
227	A	352195	5880124	4542235	0.077538	348491	4376	5872897	1316	746385	729282	0.001805	11361	71	744704	0	0	0	nan	0	0	0	0.075733	0.000140	0.075733	0.000140	1.388615	0.002567
228	A	483263	5883281	4880075	0.099028	348608	4416	5876006	587	746408	727118	0.000807	11362	71	744720	0	0	0	nan	0	0	0	0.098220	0.000146	0.098220	0.000146	1.800929	0.002677
229	A	426622	5886966	5015224	0.085065	348746	4505	5879652	505	746453	727253	0.000694	11362	71	744759	0	0	0	nan	0	0	0	0.084371	0.000134	0.084371	0.000134	1.546998	0.002457
230	G	37535	5891690	5150133	0.007288	348981	4676	5884273	2600	746480	727671	0.003573	11370	74	744777	0	0	0	nan	0	0	0	0.003715	0.000080	0.003715	0.000080	0.068117	0.001467
231	C	509639	5893626	5282396	0.096479	349000	4711	5886136	2162	746517	730983	0.002958	11384	83	744804	0	0	0	nan	0	0	0	0.093521	0.000149	0.093521	0.000149	1.714770	0.002732
232	C	32122	5896958	5353783	0.006000	349168	4875	5889378	1000	746633	731521	0.001367	11417	87	744914	0	0	0	nan	0	0	0	0.004633	0.000055	0.004633	0.000055	0.084949	0.001008
233	G	128023	5899154	5398575	0.023714	349091	4937	5891510	4131	746719	731762	0.005645	11417	89	744997	0	0	0	nan	0	0	0	0.018069	0.000110	0.018069	0.000110	0.331307	0.002017
234	C	254843	5901817	5402536	0.047171	349059	5010	5894100	2410	746852	729120	0.003305	11415	91	745120	0	0	0	nan	0	0	0	0.043866	0.000115	0.043866	0.000115	0.804312	0.002109
235	U	58478	5905052	5439144	0.010751	349126	5181	5897272	1744	747076	730324	0.002388	11414	91	745339	0	0	0	nan	0	0	0	0.008363	0.000072	0.008363	0.000072	0.153341	0.001320
236	U	98435	5908233	5470273	0.017995	349125	5220	5900339	1404	747375	731732	0.001919	11415	91	745620	0	0	0	nan	0	0	0	0.016076	0.000077	0.016076	0.000077	0.294764	0.001412
237	G	65565	5910250	5479600	0.011965	349022	5248	5902265	5374	747532	734558	0.007316	11420	92	745757	0	0	0	nan	0	0	0	0.004649	0.000110	0.004649	0.000110	0.085243	0.002017
238	C	226232	5911370	5499857	0.041134	349018	5261	5903234	1491	747635	734091	0.002031	11419	95	745831	0	0	0	nan	0	0	0	0.039103	0.000101	0.039103	0.000101	0.716980	0.001852
239	A	326629	5914768	5607134	0.058252	349013	5325	5906384	1085	747736	734950	0.001476	11417	96	745903	0	0	0	nan	0	0	0	0.056776	0.000111	0.056776	0.000111	1.041026	0.002035
240	G	33929	5920078	5621182	0.006036	349132	5460	5911526	1606	747886	732065	0.002194	11416	97	746046	0	0	0	nan	0	0	0	0.003842	0.000064	0.003842	0.000064	0.070446	0.001173
241	U	6697	5921256	5626273	0.001190	349142	5469	5912566	1271	747979	731907	0.001737	11416	97	746124	0	0	0	nan	0	0	0	-0.000546	0.000051	-0.000546	0.000051	-0.010011	0.000935
242	A	27146	5923313	5604022	0.004844	349133	5483	5914611	452	748245	731805	0.000618	11417	96	746385	0	0	0	nan	0	0	0	0.004226	0.000041	0.004226	0.000041	0.077487	0.000752
243	C	7045	5924821	5578498	0.001263	349157	5516	5916130	735	748560	736333	0.000998	11417	96	746696	0	0	0	nan	0	0	0	0.000265	0.000040	0.000265	0.000040	0.004859	0.000733
244	G	93274	5927037	5544161	0.016824	349216	5936	5918397	532	748856	733332	0.000725	11419	98	746982	0	0	0	nan	0	0	0	0.016098	0.000063	0.016098	0.000063	0.295168	0.001155
245	A	132602	5929614	5535379	0.023955	349231	6020	5920996	456	747980	726915	0.000627	11419	97	746104	0	0	0	nan	0	0	0	0.023328	0.000072	0.023328	0.000072	0.427734	0.001320
246	A	162865	5932844	5526338	0.029471	349264	6049	5924237	801	733966	713281	0.001123	11419	98	732082	0	0	0	nan	0	0	0	0.028348	0.000083	0.028348	0.000083	0.519779	0.001522
247	G	31030	5936602	5489218	0.005653	349620	6136	5927984	5437	734126	714059	0.007614	11425	98	732238	0	0	0	nan	0	0	0	-0.001961	0.000108	-0.001961	0.000108	-0.035956	0.001980
248	G	38514	5939502	5458249	0.007056	349657	6166	5930873	3270	734261	708218	0.004617	11426	99	732366	0	0	0	nan	0	0	0	0.002439	0.000088	0.002439	0.000088	0.044721	0.001614
249	U	51961	5941822	5427058	0.009574	349759	6268	5933181	1826	733922	706215	0.002586	11428	100	732026	0	0	0	nan	0	0	0	0.006989	0.000074	0.006989	0.000074	0.128148	0.001357
250	A	419881	5943951	5444247	0.077124	349818	6300	5935298	659	733972	705915	0.000934	11428	100	732069	0	0	0	nan	0	0	0	0.076190	0.000124	0.076190	0.000124	1.396994	0.002274
251	C	365655	5946658	5466168	0.066894	350269	6506	5937977	650	734080	714065	0.000910	11429	100	732173	0	0	0	nan	0	0	0	0.065984	0.000116	0.065984	0.000116	1.209861	0.002127
252	A	361124	5950215	5503879	0.065613	350452	6600	5941502	703	734172	716758	0.000981	11429	102	732261	0	0	0	nan	0	0	0	0.064632	0.000115	0.064632	0.000115	1.185071	0.002109
253	G	54771	5953476	5509740	0.009941	350819	6726	5944737	797	734236	716497	0.001112	11424	102	732325	0	0	0	nan	0	0	0	0.008828	0.000058	0.008828	0.000058	0.161867	0.001063
254	A	167537	5957015	5494409	0.030492	350846	6730	5948275	498	734321	714328	0.000697	11424	102	732409	0	0	0	nan	0	0	0	0.029795	0.000081	0.029795	0.000081	0.546311	0.001485
255	A	339992	5959345	5611776	0.060585	350977	6744	5950573	447	734455	714893	0.000625	11424	103	732541	0	0	0	nan	0	0	0	0.059960	0.000108	0.059960	0.000108	1.099406	0.001980
256	C	50276	5961854	5639026	0.008916	351601	6785	5953070	564	734481	717327	0.000786	11426	103	732565	0	0	0	nan	0	0	0	0.008129	0.000052	0.008129	0.000052	0.149051	0.000953
257	A	60127	5963535	5642998	0.010655	351643	6795	5954727	439	734487	713336	0.000615	11428	103	732569	0	0	0	nan	0	0	0	0.010040	0.000052	0.010040	0.000052	0.184090	0.000953
258	U	17846	5964752	5652635	0.003157	351709	6810	5955943	1123	734497	711422	0.001579	11429	103	732579	0	0	0	nan	0	0	0	0.001579	0.000053	0.001579	0.000053	0.028952	0.000972
259	G	18178	5966211	5662141	0.003210	351651	6823	5957412	1794	734556	709993	0.002527	11430	103	732635	0	0	0	nan	0	0	0	0.000684	0.000064	0.000684	0.000064	0.012542	0.001173
260	G	41639	5967144	5638310	0.007385	351640	6824	5958357	4252	734611	712611	0.005967	11429	104	732686	0	0	0	nan	0	0	0	0.001418	0.000098	0.001418	0.000098	0.026000	0.001797
261	C	52148	5968550	5572344	0.009358	351593	6828	5959778	1381	734651	710614	0.001943	11428	104	732724	0	0	0	nan	0	0	0	0.007415	0.000066	0.007415	0.000066	0.135959	0.001210
262	U	84981	5971011	5350546	0.015883	351580	6831	5962276	1132	734729	707815	0.001599	11428	104	732798	0	0	0	nan	0	0	0	0.014283	0.000072	0.014283	0.000072	0.261888	0.001320
263	U	78123	5976285	5082666	0.015370	351511	6841	5967598	819	734957	707107	0.001158	11423	104	733022	0	0	0	nan	0	0	0	0.014212	0.000068	0.014212	0.000068	0.260586	0.001247
264	A	579735	5979881	5402033	0.107318	348895	6847	5971496	656	734983	707531	0.000927	10582	105	733141	0	0	0	nan	0	0	0	0.106391	0.000146	0.106391	0.000146	1.950750	0.002677
265	U	144553	5989757	5535081	0.026116	348954	6868	5981397	722	735198	709967	0.001017	10584	105	733355	0	0	0	nan	0	0	0	0.025099	0.000078	0.025099	0.000078	0.460207	0.001430
266	A	488781	5996211	5697416	0.085790	348940	6893	5987869	593	735246	713006	0.000832	10584	105	733403	0	0	0	nan	0	0	0	0.084958	0.000127	0.084958	0.000127	1.557761	0.002329
267	G	16860	6002397	5758223	0.002928	348991	6923	5994087	1070	735333	713470	0.001500	10586	105	733490	0	0	0	nan	0	0	0	0.001428	0.000051	0.001428	0.000051	0.026183	0.000935
268	A	44191	6003810	5782650	0.007642	348885	6924	5995516	671	735372	712813	0.000941	10584	105	733529	0	0	0	nan	0	0	0	0.006701	0.000051	0.006701	0.000051	0.122867	0.000935
269	G	57863	6007892	5793349	0.009988	348840	6936	5999618	3465	735493	713061	0.004859	10585	105	733650	0	0	0	nan	0	0	0	0.005129	0.000092	0.005129	0.000092	0.094044	0.001687
270	C	16806	6012463	5831829	0.002882	348703	6940	6004214	1087	735647	715083	0.001520	10585	105	733804	0	0	0	nan	0	0	0	0.001362	0.000051	0.001362	0.000051	0.024973	0.000935
271	A	28911	6017882	5853533	0.004939	348714	6981	6009646	683	735825	712762	0.000958	10585	106	733982	0	0	0	nan	0	0	0	0.003981	0.000047	0.003981	0.000047	0.072994	0.000862
272	U	9698	6021860	5877457	0.001650	348636	6986	6013656	1684	735923	712348	0.002364	10585	106	734080	0	0	0	nan	0	0	0	-0.000714	0.000060	-0.000714	0.000060	-0.013092	0.001100
273	G	16214	6026851	5858140	0.002768	348376	6989	6018676	1071	736125	711704	0.001505	10583	106	734282	0	0	0	nan	0	0	0	0.001263	0.000051	0.001263	0.000051	0.023158	0.000935
274	A	42624	6029070	5873698	0.007257	348375	6994	6020926	1377	736196	711767	0.001935	10583	107	734353	0	0	0	nan	0	0	0	0.005322	0.000063	0.005322	0.000063	0.097582	0.001155
275	U	7838	6032912	5856384	0.001338	348265	7003	6024777	1291	736362	709349	0.001820	10583	108	734519	0	0	0	nan	0	0	0	-0.000482	0.000053	-0.000482	0.000053	-0.008838	0.000972
276	U	4142	6036070	5866010	0.000706	347941	7007	6027961	550	736605	712339	0.000772	10582	108	734762	0	0	0	nan	0	0	0	-0.000066	0.000035	-0.000066	0.000035	-0.001210	0.000642
277	A	11776	6038231	5859553	0.002010	347931	7006	6030145	346	736702	717010	0.000483	10582	108	734859	0	0	0	nan	0	0	0	0.001527	0.000032	0.001527	0.000032	0.027999	0.000587
278	A	23418	6039749	5836896	0.004012	347383	7006	6031684	376	736850	718530	0.000523	10578	108	735007	0	0	0	nan	0	0	0	0.003489	0.000038	0.003489	0.000038	0.063973	0.000697
279	C	8488	6039950	5766105	0.001472	347368	7017	6031905	705	736889	715185	0.000986	10577	108	735047	0	0	0	nan	0	0	0	0.000486	0.000040	0.000486	0.000040	0.008911	0.000733
280	G	306306	6039852	5711448	0.053630	346993	7026	6031838	1134	736990	710631	0.001596	10576	109	735148	0	0	0	nan	0	0	0	0.052034	0.000108	0.052034	0.000108	0.954078	0.001980
281	U	265429	6041312	5643585	0.047032	346394	7044	6033369	3560	736347	705819	0.005044	10602	111	734506	0	0	0	nan	0	0	0	0.041988	0.000124	0.041988	0.000124	0.769878	0.002274
282	C	645290	6041979	5565089	0.115953	346104	7041	6034061	765	736317	695687	0.001100	10601	111	734476	0	0	0	nan	0	0	0	0.114854	0.000150	0.114854	0.000150	2.105925	0.002750
283	U	260011	6043753	5573590	0.046651	345504	7078	6035875	2004	736416	697647	0.002873	10403	123	734575	0	0	0	nan	0	0	0	0.043778	0.000112	0.043778	0.000112	0.802699	0.002054
284	C	800302	6046726	5710513	0.140145	345377	7080	6038873	712	736585	695830	0.001023	10403	123	734744	0	0	0	nan	0	0	0	0.139122	0.000161	0.139122	0.000161	2.550894	0.002952
285	G	19902	6052089	5733761	0.003471	345243	7086	6044259	860	736926	704267	0.001221	10394	123	735085	0	0	0	nan	0	0	0	0.002250	0.000048	0.002250	0.000048	0.041255	0.000880
286	A	66706	6054640	5778299	0.011544	345017	7087	6046832	2284	737260	694599	0.003288	10393	123	735419	0	0	0	nan	0	0	0	0.008256	0.000082	0.008256	0.000082	0.151379	0.001504
287	U	16799	6058577	5785906	0.002903	345016	7105	6050789	2595	737488	694885	0.003734	10393	124	735647	0	0	0	nan	0	0	0	-0.000831	0.000077	-0.000831	0.000077	-0.015237	0.001412
288	C	8981	6064273	5818959	0.001543	344968	7105	6056508	1445	738068	700187	0.002064	10395	124	736227	0	0	0	nan	0	0	0	-0.000520	0.000057	-0.000520	0.000057	-0.009535	0.001045
289	C	6286	6069447	5815586	0.001081	344753	7109	6061705	919	738592	716221	0.001283	10393	124	736752	0	0	0	nan	0	0	0	-0.000202	0.000044	-0.000202	0.000044	-0.003704	0.000807
290	G	39017	6072959	5791402	0.006737	344705	7115	6065242	2517	738952	712788	0.003531	10392	125	737112	0	0	0	nan	0	0	0	0.003206	0.000078	0.003206	0.000078	0.058784	0.001430
291	G	54816	6076603	5700208	0.009616	344398	7116	6068908	1737	739450	707875	0.002454	10387	125	737610	0	0	0	nan	0	0	0	0.007163	0.000072	0.007163	0.000072	0.131338	0.001320
292	U	160056	6078012	5593468	0.028615	344308	7118	6070334	1052	739655	695195	0.001513	10389	125	737816	0	0	0	nan	0	0	0	0.027102	0.000085	0.027102	0.000085	0.496933	0.001559
293	U	386613	6079658	5528768	0.069928	343652	7115	6072001	932	739804	698112	0.001335	10372	125	737965	0	0	0	nan	0	0	0	0.068592	0.000121	0.068592	0.000121	1.257680	0.002219
294	C	824089	6080266	5714878	0.144201	343332	7109	6072658	730	740015	703917	0.001037	10361	125	738182	0	0	0	nan	0	0	0	0.143164	0.000163	0.143164	0.000163	2.625007	0.002989
295	G	95576	6084312	5804725	0.016465	302477	7000	6079626	2886	739439	719296	0.004012	6362	126	738417	0	0	0	nan	0	0	0	0.012453	0.000092	0.012453	0.000092	0.228334	0.001687
296	C	33861	6079728	5849313	0.005789	294324	6984	6075674	1275	739546	724729	0.001759	5635	126	738691	0	0	0	nan	0	0	0	0.004030	0.000058	0.004030	0.000058	0.073893	0.001063
297	C	5556	6076092	5854083	0.000949	289642	6969	6073091	761	739577	725673	0.001049	4301	126	739007	0	0	0	nan	0	0	0	-0.000100	0.000040	-0.000100	0.000040	-0.001834	0.000733
298	G	17242	6077145	5849904	0.002947	282038	6953	6074890	2137	739773	726470	0.002942	3273	125	739419	0	0	0	nan	0	0	0	0.000006	0.000067	0.000006	0.000067	0.000110	0.001228
299	G	19464	6071731	5799354	0.003356	277171	6937	6070268	1259	739882	723277	0.001741	2332	125	739723	0	0	0	nan	0	0	0	0.001616	0.000055	0.001616	0.000055	0.029630	0.001008
300	A	19954	6034474	5749554	0.003471	274658	6932	6033503	440	739870	715533	0.000615	1826	125	739813	0	0	0	nan	0	0	0	0.002856	0.000038	0.002856	0.000038	0.052367	0.000697
301	U	38583	6034975	5745255	0.006716	273605	6931	6034126	4283	739933	712572	0.006011	1689	125	739901	0	0	0	nan	0	0	0	0.000705	0.000098	0.000705	0.000098	0.012927	0.001797
302	C	60299	6026039	5761741	0.010465	273438	6930	6025281	937	740025	713100	0.001314	1676	125	739994	0	0	0	nan	0	0	0	0.009151	0.000060	0.009151	0.000060	0.167790	0.001100
303	C	1077138	6023628	5664665	0.190150	271262	6907	6023027	842	740123	719495	0.001170	1590	125	740105	0	0	0	nan	0	0	0	0.188980	0.000188	0.188980	0.000188	3.465074	0.003447
304	A	127639	6021181	5446919	0.023433	270301	6899	6020670	1287	740113	717628	0.001793	1531	125	740102	0	0	0	nan	0	0	0	0.021640	0.000082	0.021640	0.000082	0.396784	0.001504
305	A	276084	6018783	5644970	0.048908	269459	6892	6018366	472	740106	711489	0.000663	1508	125	740101	0	0	0	nan	0	0	0	0.048245	0.000098	0.048245	0.000098	0.884604	0.001797
306	A	212202	6017217	5665113	0.037458	268370	6885	6016876	436	740100	698497	0.000624	1487	125	740098	0	0	0	nan	0	0	0	0.036833	0.000087	0.036833	0.000087	0.675358	0.001595
307	U	126749	6016733	5776707	0.021941	267958	6884	6016447	620	740100	701943	0.000883	1466	125	740098	0	0	0	nan	0	0	0	0.021058	0.000071	0.021058	0.000071	0.386112	0.001302
308	C	54820	6015125	5738893	0.009552	267763	6882	6014889	2309	740096	708262	0.003260	1459	125	740096	0	0	0	nan	0	0	0	0.006292	0.000079	0.006292	0.000079	0.115368	0.001449
309	G	0	6014904	5800483	0.000000	267456	6879	6014706	0	740096	722532	0.000000	1455	125	740096	0	0	0	nan	0	0	0	0.000000	0.000000	0.000000	0.000000	0.000000	0.000000
310	g	0	6014142	0	nan	267069	6875	6013975	0	740096	0	nan	1454	125	740096	0	0	0	nan	0	0	0	nan	nan	nan	nan	nan	nan
311	g	0	6013500	0	nan	266286	6874	6013376	0	740096	0	nan	1453	125	740096	0	0	0	nan	0	0	0	nan	nan	nan	nan	nan	nan
312	c	0	6012463	0	nan	266270	6873	6012400	0	740095	0	nan	1453	125	740095	0	0	0	nan	0	0	0	nan	nan	nan	nan	nan	nan
313	u	0	6012303	0	nan	265909	6872	6012265	0	740095	0	nan	1452	125	740095	0	0	0	nan	0	0	0	nan	nan	nan	nan	nan	nan
314	u	0	6012164	0	nan	265162	6869	6012142	0	740095	0	nan	1449	125	740095	0	0	0	nan	0	0	0	nan	nan	nan	nan	nan	nan
315	c	0	6011613	0	nan	265158	6869	6011613	0	740094	0	nan	1449	125	740094	0	0	0	nan	0	0	0	nan	nan	nan	nan	nan	nan
316	g	0	6011023	0	nan	265157	6868	6011023	0	740093	0	nan	1449	125	740093	0	0	0	nan	0	0	0	nan	nan	nan	nan	nan	nan
317	g	0	6009290	0	nan	265152	6863	6009290	0	740091	0	nan	1449	125	740091	0	0	0	nan	0	0	0	nan	nan	nan	nan	nan	nan
318	u	0	6008523	0	nan	265152	6861	6008523	0	740091	0	nan	1449	125	740091	0	0	0	nan	0	0	0	nan	nan	nan	nan	nan	nan
319	c	0	6006589	0	nan	265150	6858	6006589	0	740089	0	nan	1449	125	740089	0	0	0	nan	0	0	0	nan	nan	nan	nan	nan	nan
320	c	0	6002366	0	nan	265139	6847	6002366	0	740063	0	nan	1449	125	740063	0	0	0	nan	0	0	0	nan	nan	nan	nan	nan	nan
321	g	0	6002161	0	nan	265134	6847	6002161	0	740041	0	nan	1449	125	740041	0	0	0	nan	0	0	0	nan	nan	nan	nan	nan	nan
322	g	0	5995970	0	nan	265096	6839	5995970	0	740001	0	nan	1449	125	740001	0	0	0	nan	0	0	0	nan	nan	nan	nan	nan	nan
323	u	0	5994541	0	nan	265081	6838	5994541	0	739909	0	nan	1449	125	739909	0	0	0	nan	0	0	0	nan	nan	nan	nan	nan	nan
324	u	0	5975501	0	nan	264181	6812	5975501	0	738327	0	nan	1444	124	738327	0	0	0	nan	0	0	0	nan	nan	nan	nan	nan	nan
325	c	0	5959445	0	nan	263664	6797	5959445	0	736867	0	nan	1441	123	736867	0	0	0	nan	0	0	0	nan	nan	nan	nan	nan	nan