176	Window=3	Metric=PAIRMAPPER	
i	j	Sig.	Class	Zij	Zi	Zj	Mod_Depth	Mod_Comuts	Unt_Depth	Unt_Comuts
23	87	47.17	1	4.28	3.50	5.05	111021	93	697839	380
27	83	63.40	1	3.20	2.35	4.05	100602	126	709331	323
45	74	466.50	1	5.42	5.59	5.25	104479	908	743469	945
62	78	109.30	1	4.11	1.93	6.29	122257	140	746020	61
63	77	182.14	1	4.81	5.19	4.44	122408	184	744798	146
136	151	81.20	1	3.68	2.55	4.82	107475	149	683257	161
138	149	63.11	1	4.27	2.61	5.94	111307	131	701298	192
33	51	30.83	2	2.27	0.83	3.72	120567	113	742103	319
46	73	380.67	2	4.80	6.01	3.59	101294	702	738422	373
48	71	25.88	2	2.44	4.31	0.58	116630	176	743182	101
53	74	97.10	2	3.67	6.31	1.02	103107	663	746078	850
65	75	33.40	2	2.61	4.32	0.90	122203	147	742158	371
99	114	57.28	2	3.51	5.03	1.99	92814	607	748789	20
109	118	37.39	2	3.83	4.57	3.09	110681	373	746942	92
109	119	59.94	2	5.21	7.31	3.11	111036	518	747216	61
110	119	49.61	2	4.57	6.57	2.58	110423	400	747813	12
36	82	24.34	0	1.57	0.55	2.59	105440	148	741699	281
39	70	79.57	0	2.53	0.95	4.11	112765	553	743510	283
45	60	39.42	0	0.62	0.44	0.80	109504	621	743837	450
45	67	29.88	0	1.61	0.32	2.90	121056	270	741930	1372
52	75	37.74	0	1.77	2.51	1.03	121258	208	742649	943
64	76	50.50	0	1.99	2.71	1.26	122520	145	745413	186
134	148	30.09	0	2.17	0.98	3.37	112611	646	710761	112
