2 components; BIC=47171486.5
p 0.584 0.416
Nt	Seq	nReact	Raw		nReact	Raw		Background
1	G	nan	nan		nan	nan		0.0000
2	G	nan	nan		nan	nan		0.0000
3	C	nan	nan		nan	nan		0.0000
4	C	nan	nan		nan	nan		0.0000
5	U	nan	nan		nan	nan		0.0000
6	U	nan	nan		nan	nan		0.0000
7	C	nan	nan		nan	nan		0.0000
8	G	nan	nan		nan	nan		0.0000
9	G	nan	nan		nan	nan		0.0000
10	G	nan	nan		nan	nan		0.0000
11	C	nan	nan		nan	nan		0.0000
12	C	nan	nan		nan	nan		0.0000
13	A	nan	nan		nan	nan		0.0000
14	A	nan	nan		nan	nan		0.0000
15	G	nan	nan		nan	nan		0.0000
16	A	0.0003	0.0002		0.0004	0.0002		0.0001 i
17	U	0.4085	0.0256		0.4557	0.0276		0.0085
18	C	0.5328	0.0701		0.4262	0.0568		0.0038
19	A	0.1053	0.0190		0.1182	0.0207		0.0060
20	A	0.6571	0.0829		0.6271	0.0792		0.0012
21	C	0.5688	0.0729		0.8520	0.1081		0.0021
22	G	0.1128	0.0151		0.1148	0.0151		0.0103
23	C	0.1590	0.0368		0.0562	0.0240		0.0170
24	U	0.2534	0.0262		-0.1395	0.0098		0.0156
25	U	0.1612	0.0099		0.0425	0.0049		0.0032
26	C	0.1547	0.0224		-0.0001	0.0031		0.0031
27	A	0.3246	0.0538		-0.0666	0.0052		0.0135
28	U	1.2843	0.0591		0.2031	0.0139		0.0055
29	A	0.1764	0.0365		-0.0070	0.0137		0.0146
30	U	0.3424	0.0168		0.1489	0.0087		0.0025
31	A	0.1534	0.0305		0.7262	0.1017		0.0114
32	A	0.2168	0.0279		0.9387	0.1177		0.0009
33	U	0.0933	0.0142		0.0983	0.0144		0.0103
34	C	nan	nan		nan	nan		0.0201
35	C	0.1362	0.0201		0.0447	0.0087		0.0032
36	U	0.1456	0.0089		0.0364	0.0043		0.0028
37	A	0.5244	0.0784		-0.0247	0.0101		0.0132
38	A	0.4965	0.0631		0.0426	0.0067		0.0014
39	U	0.3718	0.0184		0.0913	0.0067		0.0029
40	G	0.5793	0.0281		0.2086	0.0126		0.0039
41	A	0.5149	0.0754		0.1061	0.0245		0.0113
42	U	1.2088	0.0536		0.8605	0.0390		0.0031
43	A	0.2503	0.0405		0.2650	0.0423		0.0094
44	U	0.4701	0.0224		1.1528	0.0509		0.0028
45	G	0.2004	0.0254		0.0663	0.0198		0.0170
46	G	0.0185	0.0201		-0.0783	0.0161		0.0194 i
47	U	nan	nan		nan	nan		0.0209
48	U	0.1411	0.0071		0.0170	0.0019		0.0012
49	U	0.1588	0.0088		0.0208	0.0030		0.0022
50	G	0.0976	0.0117		-0.0004	0.0076		0.0076
51	G	0.0519	0.0065		0.0135	0.0049		0.0043 i
52	G	0.0058	0.0047		0.0070	0.0047		0.0044 i
53	A	0.2049	0.0289		0.0862	0.0141		0.0034
54	G	nan	nan		nan	nan		0.0299
55	U	nan	nan		nan	nan		0.0207
56	U	0.3012	0.0160		0.4179	0.0209		0.0034
57	U	0.2025	0.0186		0.2378	0.0201		0.0102
58	C	0.4974	0.0728		0.8490	0.1165		0.0109
59	U	0.4746	0.0230		0.8962	0.0406		0.0031
60	A	0.6810	0.0875		0.2523	0.0342		0.0028
61	C	0.9796	0.1258		0.2044	0.0294		0.0039
62	C	0.1075	0.0156		0.0881	0.0132		0.0023
63	A	0.0845	0.0125		0.0719	0.0110		0.0020
64	A	0.0736	0.0109		0.0673	0.0101		0.0017
65	G	0.0369	0.0052		0.0446	0.0056		0.0037 i
66	A	0.0500	0.0081		0.0679	0.0103		0.0019
67	G	0.0168	0.0110		0.1036	0.0146		0.0103
68	C	0.0492	0.0176		0.0022	0.0117		0.0115
69	C	0.1085	0.0202		0.0518	0.0131		0.0067
70	U	0.4478	0.0266		0.7637	0.0398		0.0079
71	U	0.6883	0.0337		0.4512	0.0237		0.0049
72	A	0.5209	0.0687		0.2979	0.0409		0.0039
73	A	0.4857	0.0611		0.2138	0.0273		0.0007
74	A	1.8891	0.2388		0.4563	0.0606		0.0038
75	C	0.0124	0.0070		0.0030	0.0059		0.0055 i
76	U	0.0405	0.0100		0.1328	0.0139		0.0084
77	C	0.0265	0.0156		0.0383	0.0171		0.0124
78	U	0.0268	0.0082		0.0476	0.0090		0.0070 i
79	U	0.0389	0.0039		0.0631	0.0049		0.0023
80	G	0.0412	0.0056		0.0562	0.0063		0.0039 i
81	A	0.7273	0.0976		0.6128	0.0834		0.0072
82	U	0.3588	0.0223		0.3203	0.0207		0.0074
83	U	0.4439	0.0199		0.0600	0.0039		0.0014
84	A	0.2510	0.0372		0.0527	0.0126		0.0060
85	U	0.1477	0.0083		0.0399	0.0038		0.0021
86	G	0.0633	0.0057		0.0013	0.0031		0.0031 i
87	A	0.1663	0.0223		0.0203	0.0041		0.0016
88	A	0.2247	0.0292		0.0383	0.0060		0.0013
89	G	0.0986	0.0125		-0.0294	0.0072		0.0084 i
90	U	0.0979	0.0132		0.2390	0.0191		0.0091
91	C	0.0058	0.0094		0.6258	0.0866		0.0087
92	U	0.1000	0.0070		0.5549	0.0260		0.0028
93	G	0.4414	0.0234		0.1326	0.0105		0.0049
94	U	0.1757	0.0128		0.1305	0.0110		0.0055
95	C	0.0646	0.0118		0.1733	0.0253		0.0038
96	G	0.5715	0.0304		0.2236	0.0159		0.0065
97	C	-0.0235	0.0124		0.2437	0.0456		0.0153
98	U	-0.0952	0.0113		0.2878	0.0273		0.0153
99	U	0.0128	0.0024		0.1733	0.0091		0.0019
100	U	0.0074	0.0013		0.1377	0.0068		0.0010
101	A	0.0333	0.0085		0.2214	0.0319		0.0044
102	U	0.0180	0.0063		0.1271	0.0108		0.0055
103	C	1.0890	0.1380		0.4099	0.0535		0.0025
104	C	0.7787	0.0991		0.3820	0.0497		0.0022
105	G	0.7977	0.0407		0.9979	0.0491		0.0074
106	A	0.0709	0.0142		0.0957	0.0173		0.0054
107	A	0.5176	0.0650		0.4933	0.0620		0.0006
108	A	nan	nan		nan	nan		0.0219
109	U	0.3354	0.0273		0.3775	0.0291		0.0133
110	U	0.5704	0.0255		0.4457	0.0203		0.0016
111	U	0.4046	0.0178		0.2941	0.0132		0.0009
112	U	0.4594	0.0200		0.3205	0.0142		0.0008
113	A	0.2430	0.0348		0.5041	0.0673		0.0046
114	U	0.1092	0.0072		0.4292	0.0205		0.0026
115	A	0.1063	0.0158		0.4207	0.0549		0.0026
116	A	0.1448	0.0187		0.5442	0.0684		0.0007
117	A	0.0975	0.0130		0.3224	0.0410		0.0009
118	G	0.3535	0.0190		0.4432	0.0227		0.0042
119	A	0.2700	0.0351		0.2378	0.0311		0.0015
120	G	0.0707	0.0046		0.1102	0.0063		0.0017
121	A	0.3101	0.0398		0.4144	0.0528		0.0012
122	A	0.1256	0.0165		0.1919	0.0248		0.0009
123	G	0.0303	0.0043		0.0495	0.0051		0.0031 i
124	A	0.0936	0.0208		0.4202	0.0614		0.0092
125	C	0.0305	0.0079		0.1708	0.0254		0.0041
126	U	0.0248	0.0066		0.1991	0.0139		0.0056
127	C	0.0827	0.0133		0.2848	0.0384		0.0030
128	A	0.2304	0.0345		0.6338	0.0847		0.0059
129	U	0.1793	0.0112		0.4387	0.0220		0.0037
130	G	0.5638	0.0286		0.3478	0.0196		0.0050
131	A	0.5659	0.0761		0.4329	0.0595		0.0057
132	A	0.7535	0.0959		0.6167	0.0789		0.0021
133	U	0.6682	0.0308		0.4693	0.0225		0.0029
134	U	0.5872	0.0265		0.4556	0.0210		0.0020
135	C	1.0758	0.1370		1.2916	0.1638		0.0032
136	G	0.0504	0.0057		0.0501	0.0057		0.0036
137	A	0.0770	0.0129		0.0751	0.0127		0.0033
138	U	-0.0009	0.0075		0.0563	0.0099		0.0076 i
139	C	0.0183	0.0059		0.0230	0.0065		0.0037
140	C	0.0098	0.0040		0.0093	0.0039		0.0028 i
141	G	0.1680	0.0155		0.1967	0.0167		0.0085
142	G	0.0789	0.0074		0.1205	0.0092		0.0042
143	U	0.2109	0.0122		0.2226	0.0127		0.0034
144	U	0.9643	0.0422		0.9806	0.0428		0.0019
145	C	0.6293	0.0817		0.6219	0.0808		0.0034
146	G	0.2224	0.0163		0.2757	0.0185		0.0070
147	C	0.0289	0.0072		0.0328	0.0077		0.0036
148	C	0.0103	0.0041		0.0119	0.0043		0.0028 i
149	G	0.0672	0.0082		0.0823	0.0088		0.0053
150	G	0.1140	0.0143		0.1720	0.0167		0.0095
151	A	0.0385	0.0071		0.0467	0.0081		0.0023
152	U	0.0205	0.0137		0.0570	0.0152		0.0128 i
153	C	0.0433	0.0075		0.0459	0.0078		0.0021
154	C	0.4544	0.0605		0.4629	0.0615		0.0039
155	A	0.0951	0.0149		0.0876	0.0140		0.0031
156	A	0.1855	0.0244		0.1894	0.0249		0.0014
157	A	0.1191	0.0174		0.1555	0.0219		0.0026
158	U	0.1011	0.0074		0.0988	0.0073		0.0032
159	C	nan	nan		nan	nan		0.0000
160	G	nan	nan		nan	nan		0.0000
161	G	nan	nan		nan	nan		0.0000
162	G	nan	nan		nan	nan		0.0000
163	C	nan	nan		nan	nan		0.0000
164	U	nan	nan		nan	nan		0.0000
165	U	nan	nan		nan	nan		0.0000
166	C	nan	nan		nan	nan		0.0000
167	G	nan	nan		nan	nan		0.0000
168	G	nan	nan		nan	nan		0.0000
169	U	nan	nan		nan	nan		0.0000
170	C	nan	nan		nan	nan		0.0000
171	C	nan	nan		nan	nan		0.0000
172	G	nan	nan		nan	nan		0.0000
173	G	nan	nan		nan	nan		0.0000
174	U	nan	nan		nan	nan		0.0000
175	U	nan	nan		nan	nan		0.0000
176	C	nan	nan		nan	nan		0.0000
