176	Window=1	Metric=APC
i	j	Statistic	+/-	Zij	Zi	Zj	Mod_Depth	Mod_Comuts	Unt_Depth	Unt_Comuts
19	31	72.08	1	5.37	2.92	7.82	85674	256	637295	88
19	32	134.41	1	7.22	5.43	9.00	91281	353	654117	4
21	91	52.46	-1	6.49	7.27	5.72	78419	363	661639	12
31	62	26.46	1	2.23	2.85	1.62	97296	114	703282	15
40	74	33.99	1	2.00	3.45	0.55	99993	159	727966	14
41	60	24.76	1	0.91	0.46	1.36	108629	173	718888	36
41	72	29.29	1	1.75	0.54	2.96	110138	158	716925	44
41	73	53.11	1	2.13	0.93	3.33	109582	159	714406	11
41	74	399.24	1	6.75	6.57	6.92	94990	470	714628	39
42	74	63.80	1	3.75	6.42	1.07	99141	327	712181	6
43	60	31.24	1	2.78	3.86	1.71	114229	198	717310	33
43	74	50.48	1	3.55	6.27	0.84	99789	321	713122	17
45	74	115.07	1	3.72	5.48	1.96	101705	269	728311	30
46	74	51.67	1	2.82	4.78	0.86	101931	179	728758	58
53	74	31.50	1	2.19	3.88	0.50	100748	169	729892	13
60	73	32.32	1	1.92	1.76	2.07	113899	172	735252	3
61	71	30.33	1	2.81	1.10	4.52	110000	135	737900	21
61	72	48.84	1	3.31	1.70	4.92	108964	226	736682	13
61	73	76.00	1	3.65	2.59	4.72	108376	210	734158	1
61	81	37.55	1	4.25	1.33	7.16	111807	419	737630	29
62	77	58.88	1	4.32	3.71	4.94	120954	57	737084	25
74	84	24.36	1	1.36	0.38	2.34	101302	173	736856	9
101	116	29.73	1	3.60	5.06	2.14	96667	212	742617	0
103	113	53.49	-1	4.94	3.13	6.76	94103	184	741541	8
103	115	52.44	-1	4.49	3.07	5.92	91780	133	741598	9
103	116	87.77	-1	5.75	5.14	6.35	94427	151	740885	2
103	117	29.73	-1	3.17	1.73	4.61	101213	105	740442	3
103	124	38.21	-1	3.30	2.23	4.36	98103	172	732963	34
104	116	27.10	-1	3.03	4.11	1.95	96090	184	740974	1
111	119	34.48	1	3.98	3.95	4.01	106251	69	741712	0
116	124	34.98	1	3.26	2.52	3.99	91988	330	733877	3
135	150	57.09	1	3.17	1.82	4.52	104007	352	667262	18
135	154	278.35	-1	8.04	8.83	7.25	103645	336	671941	12
137	154	165.76	1	4.32	4.31	4.32	103525	156	659636	11
141	154	73.61	1	3.75	5.57	1.92	104818	151	671195	31
