176	Window=1	Metric=APC
i	j	Statistic	+/-	Zij	Zi	Zj	Mod_Depth	Mod_Comuts	Unt_Depth	Unt_Comuts
18	28	116.90	1	6.26	9.15	3.37	257059	1235	623018	9
18	38	31.29	1	2.05	2.45	1.65	243034	1002	664370	2
18	53	39.73	-1	2.51	3.11	1.92	283122	394	666204	6
19	27	214.38	1	9.22	8.69	9.74	229605	441	630725	123
19	28	47.28	1	1.65	1.93	1.37	252893	378	616199	27
19	30	38.26	1	3.67	1.56	5.78	266774	133	617005	15
20	28	32.23	1	3.96	6.98	0.93	253259	1206	612461	3
21	28	342.16	-1	10.29	10.71	9.86	251539	407	616957	5
21	53	51.41	-1	2.04	1.61	2.47	275192	324	659154	7
22	35	58.66	1	4.79	4.50	5.08	265386	103	661314	18
22	53	78.62	1	4.90	6.04	3.77	281198	190	659732	18
23	32	163.43	1	6.72	6.03	7.41	262307	377	655160	21
23	38	61.82	-1	2.76	2.29	3.24	237441	196	657496	17
23	53	107.69	1	4.57	3.98	5.16	278532	351	658832	45
24	53	32.88	1	3.49	5.38	1.59	277773	225	655689	35
27	53	73.91	-1	3.46	3.36	3.55	252284	177	671067	35
31	38	183.05	-1	8.43	7.28	9.58	253756	141	697739	8
31	73	33.95	-1	3.30	1.35	5.24	237854	204	699647	3
32	42	45.08	1	4.00	2.04	5.97	286409	420	705833	1
32	43	30.40	1	3.69	1.37	6.00	289476	312	706769	8
32	71	25.02	-1	3.25	1.13	5.37	233382	91	726540	5
32	72	49.27	-1	4.20	2.23	6.17	231368	188	725402	5
32	73	33.95	-1	3.39	1.53	5.24	236093	178	722934	0
35	42	28.78	-1	3.16	2.50	3.82	288488	98	713611	2
37	48	33.90	1	4.28	4.08	4.48	242676	160	725556	8
40	53	28.91	-1	3.38	5.36	1.40	289516	95	727289	8
41	48	26.08	-1	3.46	3.47	3.45	287177	65	714305	7
46	53	25.44	1	3.73	6.23	1.23	314147	202	728291	57
50	58	32.52	-1	5.51	6.74	4.27	292645	159	738231	59
51	58	25.21	-1	4.31	5.32	3.30	292603	82	738057	31
53	60	34.22	-1	3.66	1.65	5.67	289000	481	734223	7
53	77	54.59	1	1.88	2.63	1.13	316538	187	731826	28
61	75	26.64	-1	1.65	2.04	1.26	294732	110	734488	21
61	81	132.18	1	9.57	10.13	9.00	292161	3624	737630	29
62	72	25.25	-1	1.81	0.46	3.16	251716	118	737143	6
62	74	284.84	-1	5.91	5.18	6.64	271424	408	734996	5
62	77	292.97	1	5.62	5.33	5.90	321611	203	737084	25
62	78	139.81	1	3.41	2.54	4.28	321552	107	737205	15
62	80	31.73	1	2.05	0.58	3.53	317434	51	737741	3
63	74	249.80	-1	5.17	4.52	5.83	271118	319	734840	4
63	75	75.40	1	2.34	1.36	3.31	320039	72	734814	15
63	77	260.43	1	4.98	4.71	5.25	321080	177	736909	20
63	78	135.35	1	3.30	2.45	4.15	320978	97	737008	13
64	72	26.44	-1	2.05	0.79	3.31	252835	84	737653	3
64	74	217.29	-1	5.70	6.33	5.07	272142	280	735338	1
64	75	50.98	1	1.89	1.50	2.29	321062	55	735296	8
64	77	33.15	1	0.84	0.99	0.70	322082	82	737362	17
65	74	44.22	-1	2.39	3.75	1.03	271443	173	732439	10
66	74	77.26	-1	3.65	5.51	1.80	271485	273	732143	7
67	81	26.51	-1	3.59	5.37	1.80	312796	212	733505	48
74	81	38.93	-1	1.78	0.91	2.65	267882	5204	734504	8
74	121	32.10	-1	1.16	0.75	1.58	270561	1829	736573	1
80	88	29.63	1	3.70	3.29	4.11	314479	75	737625	3
81	104	42.72	1	2.88	2.91	2.85	292911	2733	738752	18
81	128	33.34	-1	1.53	2.27	0.79	300447	758	732329	42
84	127	25.54	1	1.19	1.02	1.36	304424	195	735110	8
84	128	241.94	1	7.70	9.61	5.79	299404	644	734874	34
84	129	92.25	1	5.23	3.67	6.80	293918	208	736042	20
85	127	37.08	1	2.57	3.17	1.98	308734	70	734726	6
85	128	62.39	1	3.38	5.28	1.49	303660	157	734482	12
86	127	65.27	1	4.26	5.02	3.50	304916	68	734211	1
87	96	32.24	1	3.74	5.00	2.48	314941	243	738045	11
87	116	26.35	-1	2.25	4.09	0.41	308229	57	740765	1
88	116	29.89	-1	2.30	4.14	0.46	311993	82	739890	1
88	128	38.30	-1	3.11	5.31	0.91	301166	164	732384	7
89	125	90.81	1	5.25	6.95	3.56	320086	96	729309	19
89	127	24.78	1	1.62	1.93	1.32	311749	89	731215	20
91	104	43.05	-1	2.59	2.31	2.87	287160	187	736376	13
91	115	26.68	1	0.97	1.47	0.48	307458	146	737870	17
91	122	38.26	1	3.26	2.06	4.45	312525	110	735520	9
91	128	90.08	1	3.45	4.74	2.15	294040	259	730077	60
93	121	38.60	-1	4.70	7.50	1.91	321185	139	737486	11
94	121	97.76	1	6.43	7.95	4.90	322088	251	737856	8
95	103	34.66	-1	1.49	2.29	0.68	285635	300	737249	7
95	121	119.47	1	6.95	7.90	6.00	316680	260	738378	4
96	119	122.94	1	8.47	9.46	7.48	322014	473	740105	10
97	113	86.49	1	3.44	3.46	3.42	314436	269	740005	59
97	115	102.10	1	3.01	4.08	1.94	311167	186	740112	27
97	116	112.64	1	3.15	4.50	1.80	308389	214	739380	12
97	117	86.40	1	2.69	3.46	1.93	309484	150	738939	8
97	124	33.80	1	0.93	1.36	0.51	310136	183	731336	87
98	113	74.81	1	3.33	3.71	2.95	312523	235	741007	78
98	115	122.43	1	4.20	6.07	2.33	309376	177	741117	24
98	116	48.56	1	1.59	2.41	0.76	306701	162	740389	6
98	117	37.78	1	1.35	1.88	0.83	307583	113	739914	8
101	113	185.61	1	7.01	6.67	7.35	300714	263	743290	24
101	114	46.21	1	1.87	1.69	2.04	300828	70	744199	7
101	115	48.50	1	1.34	1.77	0.90	297634	125	743342	5
101	116	38.53	1	1.01	1.42	0.60	294932	136	742617	0
102	113	86.51	1	4.63	5.84	3.42	299134	155	742262	17
103	112	38.50	1	4.59	0.76	8.42	288796	861	740457	0
103	113	92.75	-1	2.76	1.85	3.66	287491	973	741541	8
103	114	92.73	-1	2.94	1.85	4.03	287946	113	742427	5
103	115	254.06	-1	4.99	5.10	4.87	284329	255	741598	9
103	116	256.10	-1	4.63	5.14	4.11	281877	340	740885	2
103	117	237.09	-1	5.04	4.76	5.33	282907	195	740442	3
103	119	37.66	-1	1.50	0.74	2.26	288499	940	741862	4
103	121	74.14	-1	2.59	1.48	3.70	287458	983	741005	3
103	122	42.39	-1	2.89	0.84	4.94	288967	384	739135	3
103	124	190.07	-1	3.39	3.81	2.98	283452	425	732963	34
103	125	107.28	-1	3.16	2.14	4.18	284127	117	731874	11
103	128	69.11	-1	1.51	1.38	1.65	272018	914	733584	20
104	115	76.08	-1	3.26	5.09	1.43	293047	255	741672	8
104	116	76.74	-1	3.17	5.13	1.22	290533	320	740974	1
104	117	39.86	-1	1.77	2.66	0.87	291477	226	740544	3
104	121	31.15	-1	1.80	2.07	1.53	295677	749	741125	4
104	124	58.82	-1	2.42	3.93	0.91	292024	379	733178	15
106	118	28.90	1	2.68	2.21	3.14	291799	115	740848	22
106	119	100.50	1	6.92	7.73	6.11	292649	237	741302	3
107	114	30.63	-1	3.44	5.51	1.38	302172	63	740540	2
113	121	30.69	1	1.35	1.20	1.51	321263	508	742872	3
113	124	37.35	1	1.02	1.46	0.57	317026	371	734647	47
113	128	24.67	1	0.77	0.96	0.58	304417	500	735237	28
114	121	64.07	1	3.00	2.81	3.20	321447	168	743762	3
114	122	24.55	1	1.97	1.12	2.83	323127	72	741859	2
114	124	28.83	1	0.87	1.30	0.43	317155	126	735453	22
115	124	248.70	1	4.33	4.77	3.90	313929	351	734612	18
115	127	25.46	1	0.91	0.46	1.36	306429	139	735452	10
115	128	238.91	1	5.15	4.58	5.72	301295	434	735213	14
116	124	456.61	1	7.27	7.35	7.18	311117	467	733877	3
116	125	63.20	1	1.76	1.00	2.51	311752	145	732646	2
116	127	92.62	1	3.22	1.48	4.97	303652	195	734684	0
116	128	158.91	1	3.17	2.55	3.80	298225	438	734488	3
116	129	46.70	1	2.09	0.73	3.44	293160	133	735724	1
117	124	240.60	1	4.59	5.41	3.77	312227	292	733500	3
117	128	110.52	1	2.55	2.47	2.64	299635	304	734046	4
118	127	65.21	1	5.33	7.16	3.50	309305	146	735247	10
124	131	78.53	-1	4.79	1.22	8.36	289311	296	729086	29
131	150	50.82	-1	5.19	5.41	4.97	270757	169	668587	21
132	150	40.18	-1	5.92	7.91	3.92	276674	237	668130	11
135	150	45.26	1	2.72	1.01	4.43	286777	687	667262	18
135	154	483.38	-1	8.66	10.80	6.52	285323	1013	671941	12
136	153	165.06	1	4.19	5.48	2.90	281064	75	652919	3
137	151	78.47	1	3.54	1.35	5.73	281014	70	643429	8
137	153	307.97	1	5.36	5.30	5.43	281615	143	650968	3
137	154	365.07	1	5.60	6.28	4.92	285257	438	659636	11
138	145	29.87	-1	4.90	2.57	7.23	304298	119	711269	20
138	153	61.55	1	3.15	5.23	1.07	282310	54	651497	9
138	154	25.57	1	1.28	2.21	0.35	285972	167	660295	23
139	149	82.90	1	4.44	1.86	7.02	300300	61	682599	10
139	154	231.16	1	4.14	5.16	3.12	290112	252	670984	17
140	154	48.06	1	2.32	3.99	0.65	288869	118	672236	7
141	154	301.96	1	6.62	9.17	4.07	287959	488	671195	31
142	154	33.18	1	2.74	5.03	0.45	285199	165	669718	18
143	154	61.16	1	4.38	7.93	0.83	282413	268	669278	10
146	154	62.30	1	3.96	7.09	0.84	287999	343	657830	19
147	154	293.70	1	5.37	6.78	3.96	287593	309	653860	8
