363	Window=1	Metric=APC
i	j	Statistic	+/-	Zij	Zi	Zj	Mod_Depth	Mod_Comuts	Unt_Depth	Unt_Comuts
25	33	34.09	-1	2.93	5.14	0.73	1142800	161	235714	0
26	33	55.22	-1	3.17	5.13	1.20	1142420	163	235676	0
26	34	50.34	-1	2.70	4.69	0.72	1163317	147	236404	0
30	319	26.76	1	0.76	0.89	0.63	1193327	202	221852	1
30	323	344.37	1	6.09	11.05	1.14	1231084	1449	221931	0
30	326	32.82	1	1.56	1.08	2.03	1239745	103	222843	0
30	327	25.78	1	0.82	0.86	0.78	1242569	157	221090	1
30	331	29.16	1	1.36	0.97	1.74	1172281	51	219451	1
30	337	27.42	1	0.97	0.91	1.03	1244396	67	223855	0
31	38	467.06	1	5.50	7.08	3.92	1070912	1829	237348	2
31	39	836.83	1	6.69	12.67	0.70	1185882	6299	237311	1
31	54	25.14	1	2.30	0.38	4.21	1183830	86	235351	6
31	319	62.61	1	1.25	0.95	1.54	1037749	627	222066	2
32	39	127.81	-1	3.49	6.89	0.09	1151247	18983	236764	0
32	45	129.41	1	4.19	6.98	1.40	1176956	1685	237574	1
32	53	24.34	1	2.41	1.27	3.54	1149093	578	234713	0
32	319	237.09	1	9.39	12.83	5.95	1006866	2640	221763	0
32	320	28.52	1	3.78	1.50	6.06	1017618	288	222573	0
32	322	30.93	1	2.81	1.63	3.98	984416	286	222284	1
32	323	28.97	1	0.80	1.53	0.08	1038383	14053	221778	0
32	331	26.64	1	1.50	1.40	1.60	988714	392	219249	0
33	56	54.60	-1	4.13	1.18	7.07	1137594	1190	236703	0
33	174	38.68	-1	1.36	0.83	1.90	964886	22348	232038	1
33	316	776.56	1	8.94	17.30	0.57	976710	54116	223051	1
33	322	24.32	1	1.82	0.51	3.14	969086	528	222350	0
33	323	88.40	1	1.11	1.94	0.28	1022024	29075	221846	0
33	327	94.26	-1	2.50	2.07	2.93	1031762	2498	221043	0
34	59	33.06	-1	3.05	0.46	5.63	1121662	2167	233761	1
34	76	32.00	-1	1.24	0.44	2.04	964694	481	235081	0
34	312	25.26	-1	1.07	0.35	1.79	974133	1674	221367	0
34	316	1152.73	1	8.92	16.98	0.87	994274	54722	223586	0
34	319	133.57	-1	2.64	1.94	3.33	1008889	3263	222309	0
34	323	293.90	-1	2.64	4.31	0.97	1041391	24358	222307	1
35	58	32.93	1	2.71	0.93	4.48	1139837	365	234872	3
35	79	48.98	-1	2.00	1.40	2.60	708564	1848	232124	1
35	319	566.96	1	15.37	16.46	14.29	1012301	1811	222256	1
35	323	61.44	1	0.98	1.76	0.19	1045022	7423	222271	0
37	316	364.34	1	5.34	10.43	0.26	997597	2293	223447	0
37	319	119.19	1	3.20	3.44	2.97	1012382	281	222114	0
37	323	31.57	1	0.51	0.94	0.09	1045301	1142	222190	0
37	327	32.74	1	0.99	0.97	1.00	1054895	169	221294	0
38	45	1338.52	-1	12.93	11.29	14.57	1195820	367	238279	1
38	52	69.27	-1	3.73	0.56	6.89	1164778	687	234366	2
38	316	1509.08	-1	6.94	12.73	1.14	1007749	25213	223467	0
39	309	262.99	1	0.36	0.21	0.51	1116630	141314	221799	1
39	311	150.65	1	5.78	0.11	11.45	1142936	6950	221648	0
39	312	117.09	1	4.27	0.09	8.45	1145181	6307	221261	0
39	316	20901.10	-1	17.03	17.93	16.13	1168672	97970	223426	1
40	174	28.23	-1	3.37	5.37	1.36	1166528	1222	232261	0
41	53	30.68	1	4.07	3.69	4.45	1376043	100	235814	9
41	101	26.92	1	1.87	3.24	0.51	883961	597	232148	0
45	302	296.21	-1	3.77	3.22	4.33	1320725	1052	229483	0
45	309	452.81	-1	2.91	4.92	0.90	1153299	6630	222322	0
46	305	56.97	1	5.99	5.85	6.13	1251430	63	225461	0
51	69	31.89	1	3.10	4.51	1.69	1331064	121	234854	0
51	231	24.28	1	2.37	3.47	1.28	1196343	103	230301	0
52	60	56.24	-1	7.74	5.60	9.89	1344907	373	230123	0
52	71	38.73	1	3.40	3.86	2.93	1309839	122	233325	0
52	73	53.66	1	4.63	5.34	3.91	1270483	223	232778	0
53	60	30.30	-1	4.84	4.39	5.29	1347887	240	230862	0
56	77	30.33	1	2.99	3.94	2.04	1097585	430	232168	2
56	80	31.58	-1	3.26	4.10	2.42	952364	880	231677	0
58	66	45.30	1	6.29	6.15	6.44	1361616	69	234896	4
58	91	24.68	1	2.19	3.37	1.00	836692	1411	232132	5
61	80	33.57	-1	4.75	6.92	2.58	936623	2051	229024	2
62	70	52.43	1	5.69	6.60	4.78	1314572	310	233738	0
62	72	23.92	1	2.62	3.00	2.24	1292046	101	233467	0
62	81	24.99	-1	2.79	3.14	2.44	987392	365	229797	0
64	79	24.69	-1	2.20	3.10	1.29	844120	119	231100	0
64	85	35.34	1	2.91	4.39	1.44	1053916	151	233695	0
64	94	27.07	1	1.86	3.39	0.33	1032098	409	234564	0
65	80	37.46	-1	3.76	4.62	2.89	953651	488	231492	2
67	174	25.03	-1	2.40	3.60	1.20	1173215	1937	233104	0
67	302	60.71	1	4.78	8.70	0.86	1305178	1208	229234	0
69	79	282.42	1	15.16	15.16	15.16	822166	2699	232013	0
69	80	28.87	1	1.87	1.53	2.21	927095	3265	231714	0
69	85	37.35	-1	1.75	1.98	1.52	1024799	789	234727	0
69	86	29.09	-1	0.78	1.54	0.03	1004657	2425	236176	2
70	77	83.25	-1	6.63	7.58	5.68	1094501	294	231572	0
70	80	43.11	1	3.63	3.93	3.34	929057	1526	231749	0
70	85	25.28	-1	1.66	2.31	1.02	1025536	309	234535	0
70	86	52.20	-1	2.41	4.76	0.06	1006900	894	235889	0
71	79	60.36	1	3.88	4.56	3.21	820789	490	231899	1
71	80	41.31	1	3.16	3.13	3.19	927834	681	231726	0
71	81	79.06	1	6.88	5.96	7.80	975517	271	232079	1
71	92	27.57	1	1.31	2.10	0.51	787925	580	234575	0
71	93	56.04	1	2.15	4.23	0.06	923446	1111	235063	0
72	80	27.07	1	2.29	2.52	2.06	922427	462	231722	0
72	81	29.70	1	2.83	2.75	2.90	970094	161	232090	0
72	82	49.19	1	3.69	4.49	2.88	978479	112	232573	0
73	82	130.26	-1	8.56	9.47	7.64	964118	61	232070	0
73	88	48.83	1	3.65	3.56	3.73	969767	69	235194	0
75	85	83.07	1	3.68	3.93	3.42	959526	159	232976	0
75	86	89.16	1	2.16	4.21	0.11	945654	386	234410	0
75	90	27.42	1	1.17	1.36	0.98	879069	88	232991	2
75	96	126.89	1	6.34	5.95	6.72	972325	137	232207	1
75	97	40.91	1	2.34	1.99	2.70	975894	60	232012	0
76	84	159.12	1	11.26	9.93	12.59	941146	875	232693	0
76	104	28.10	1	1.54	1.79	1.29	797204	959	233998	0
77	84	87.19	1	6.41	5.95	6.87	918817	4589	229748	1
77	85	182.29	-1	10.02	12.49	7.54	919975	660	230564	2
77	202	25.50	1	2.28	1.71	2.86	1005534	129	227891	0
79	86	66.30	1	1.80	3.53	0.08	705061	9914	232428	2
79	87	35.46	-1	1.84	1.87	1.82	699751	144	232765	0
79	99	28.42	-1	0.91	1.49	0.33	622402	1808	230262	2
79	101	25.01	1	0.89	1.31	0.47	590016	5217	229129	1
80	87	105.59	-1	6.74	8.28	5.19	812311	173	232406	0
80	90	37.49	1	2.12	2.89	1.35	728826	2732	230876	3
80	93	94.94	1	3.78	7.44	0.12	726171	18064	231517	2
80	99	46.98	-1	2.10	3.64	0.56	703363	2478	230038	0
80	100	30.92	1	1.46	2.37	0.56	676748	2119	229570	1
81	92	35.56	1	2.08	3.49	0.67	653085	2815	231398	0
81	93	100.11	1	5.01	9.89	0.12	766422	5212	231796	0
81	94	30.32	1	1.67	2.97	0.37	828923	3490	231953	1
82	91	91.38	1	4.64	5.36	3.93	699582	2771	231561	0
82	92	36.65	1	1.42	2.15	0.69	662795	1653	231831	0
82	99	38.48	-1	1.36	2.26	0.46	749309	289	230770	0
82	101	139.68	-1	5.48	8.19	2.78	710022	722	229829	0
83	90	413.40	-1	15.79	16.53	15.05	784285	523	232196	0
83	91	41.40	1	1.68	1.63	1.74	692148	7671	232147	0
83	94	31.18	1	0.80	1.22	0.39	828497	5455	232993	0
83	121	27.34	-1	1.28	1.06	1.49	611654	2121	228775	0
83	204	25.83	1	1.85	1.00	2.70	785863	421	229625	0
84	97	26.98	-1	1.94	2.09	1.79	917937	636	232306	0
84	101	29.77	-1	1.44	2.31	0.57	745190	6671	231001	0
84	104	81.07	-1	5.11	6.39	3.84	755370	15887	233736	0
85	93	26.70	1	0.55	1.08	0.02	830901	5962	234706	0
85	94	71.16	-1	1.92	2.92	0.92	895167	2976	234901	0
85	95	303.83	1	11.30	12.59	10.00	919786	2441	234715	0
85	97	50.28	1	2.69	2.06	3.31	929756	333	233080	0
85	106	43.74	1	1.36	1.79	0.93	894398	4299	234228	1
86	93	12888.35	-1	17.68	17.58	17.79	827952	7640	236208	0
86	94	936.95	-1	6.92	1.27	12.57	884027	9544	236455	0
86	96	177.06	1	4.80	0.23	9.38	909134	2195	234649	0
87	96	66.84	1	3.43	3.33	3.53	927906	98	235008	0
87	97	43.57	1	2.54	2.21	2.88	929843	52	234814	0
87	103	45.23	1	1.88	2.29	1.46	735751	303	235130	1
88	95	46.27	1	2.52	3.54	1.49	900623	218	236079	2
89	96	105.07	1	3.88	2.21	5.56	875505	147	233861	0
89	98	429.61	1	9.17	8.82	9.53	870591	128	233695	0
89	99	27.35	1	0.47	0.62	0.32	743313	122	233592	1
89	100	41.44	1	0.83	0.91	0.75	712931	103	232832	0
90	97	35.92	-1	1.83	1.29	2.37	859746	88	233319	1
90	104	36.50	-1	1.50	1.31	1.69	695715	2889	234728	0
91	98	102.58	-1	3.37	4.42	2.31	778622	354	233297	0
91	99	43.78	-1	1.18	1.84	0.52	645495	3989	233172	2
91	101	124.66	1	3.93	5.39	2.48	607357	12257	231673	2
91	102	104.06	-1	3.25	4.48	2.01	605435	3484	232526	0
91	103	204.50	-1	7.84	8.89	6.79	595728	12296	233389	0
91	104	45.58	-1	2.03	1.92	2.13	612827	23975	234592	0
91	106	84.45	-1	2.72	3.62	1.82	724294	18764	234285	1
91	107	154.54	-1	4.25	6.70	1.81	806525	23194	233622	0
91	140	31.42	-1	0.98	1.30	0.67	817199	2274	232679	8
91	183	28.60	-1	0.64	1.18	0.11	662986	3678	230534	1
91	184	72.55	-1	2.37	3.10	1.64	620922	2728	231307	0
91	185	26.28	-1	1.15	1.07	1.23	612934	7698	232812	0
91	186	42.09	-1	2.65	1.77	3.53	614888	14969	232831	0
91	187	52.26	1	1.83	2.21	1.45	608273	23332	232599	4
91	188	31.67	1	1.01	1.31	0.71	698275	27962	232497	1
92	99	859.67	-1	13.83	17.01	10.64	613895	1555	233435	0
92	100	36.77	-1	0.68	0.70	0.67	580447	1763	232691	1
92	101	49.67	-1	0.96	0.95	0.97	578466	6750	231950	1
92	102	98.96	-1	1.92	1.93	1.91	576901	2152	232827	0
92	103	56.70	-1	1.47	1.09	1.85	566037	8082	233659	0
92	104	51.55	-1	1.70	0.99	2.42	580792	14679	234892	0
92	183	30.12	-1	0.34	0.57	0.12	630650	2209	230792	0
92	185	26.59	-1	0.87	0.50	1.24	583161	4732	233091	0
92	186	49.38	-1	2.55	0.95	4.16	584662	9178	233098	1
93	100	62.58	-1	0.60	0.07	1.14	701609	3065	233079	1
93	101	383.41	1	4.10	0.51	7.68	686391	14473	232335	0
93	103	110.56	-1	1.89	0.14	3.65	669158	13283	234036	0
93	104	126.91	1	3.10	0.16	6.05	685932	29298	235283	1
93	107	196.71	-1	1.29	0.26	2.31	902544	24938	234218	0
94	101	740.48	-1	12.39	9.93	14.85	769782	8458	232490	1
94	103	257.12	-1	5.99	3.42	8.55	744337	10530	234244	0
94	104	174.31	-1	5.32	2.31	8.33	755346	19744	235544	0
94	107	371.92	1	4.69	4.97	4.41	983966	21945	234487	1
95	102	57.85	-1	1.49	1.87	1.11	811233	1568	233225	2
95	103	45.01	-1	1.45	1.45	1.46	785900	5783	234066	0
95	104	69.47	-1	2.77	2.26	3.28	789274	10069	235387	0
95	106	38.17	1	1.02	1.22	0.81	920622	8487	235069	0
95	107	392.83	1	8.80	12.94	4.66	1020354	11771	234363	0
95	138	30.97	1	1.03	0.99	1.07	1026353	1544	231597	0
95	153	26.44	1	1.18	0.84	1.51	945496	886	233034	1
96	104	48.41	-1	2.41	2.55	2.27	807644	2776	233958	0
97	104	88.00	-1	4.98	5.78	4.17	814362	1317	233779	0
97	107	102.21	1	3.95	6.71	1.18	1040184	1762	232824	0
98	105	24.13	-1	1.35	0.58	2.12	873407	129	233612	0
98	107	70.03	1	1.20	1.60	0.80	1037228	820	232822	0
99	106	149.49	1	2.54	1.83	3.24	835565	5145	233384	0
99	107	1007.20	1	12.24	12.47	12.01	911633	7722	232707	1
99	108	76.56	1	3.32	0.93	5.71	921974	725	232663	4
99	122	54.24	1	1.94	0.65	3.24	597289	1511	230965	0
99	124	55.72	1	0.91	0.67	1.16	553466	3406	232604	0
100	107	798.58	1	12.06	14.61	9.51	878976	5371	232064	1
100	108	108.67	1	5.05	1.98	8.11	888251	548	231963	0
100	109	32.04	1	0.72	0.58	0.87	885030	170	230508	0
100	113	64.18	1	1.01	1.17	0.86	894065	892	231884	0
100	121	103.84	1	3.87	1.89	5.84	579249	1266	229182	0
100	124	72.37	1	1.42	1.32	1.52	534821	2243	231939	0
101	118	33.98	-1	1.02	0.65	1.39	830809	1400	230188	0
102	109	190.48	1	4.31	3.70	4.93	871421	334	230754	0
102	118	50.60	-1	1.52	0.97	2.08	828193	414	230928	0
102	124	738.59	1	15.09	14.40	15.78	524169	3612	232151	0
102	125	238.94	1	6.55	4.65	8.45	571916	3293	231712	0
103	113	74.58	1	1.72	2.45	1.00	873198	4006	232936	0
103	121	127.25	1	5.69	4.21	7.17	559995	5808	230125	0
103	124	308.30	1	8.42	10.27	6.57	518205	11497	233004	1
103	125	54.85	1	1.84	1.79	1.90	566591	11219	232513	0
103	175	26.01	1	1.97	0.82	3.12	798310	5019	232428	0
104	111	28.39	-1	1.65	1.30	2.00	905755	794	233576	0
104	113	187.70	-1	5.76	8.97	2.55	909197	5259	234124	0
104	126	49.13	1	1.24	2.30	0.18	756616	56834	233917	1
105	113	165.89	-1	8.58	14.90	2.25	995137	1236	233936	1
106	113	779.86	-1	13.87	17.04	10.70	1101719	3358	233811	0
107	115	81.21	-1	1.92	0.93	2.91	1249144	475	232500	0
107	118	74.27	1	1.95	0.85	3.06	1188850	4864	232078	0
107	122	65.23	-1	2.32	0.74	3.90	796741	7853	231543	0
107	124	31.70	-1	0.49	0.34	0.65	735886	20139	233300	0
107	125	127.06	1	2.98	1.48	4.47	806961	23082	232801	2
107	135	241.48	-1	4.60	2.85	6.36	1215425	2151	230299	0
108	121	31.80	1	2.05	2.36	1.75	829927	1140	230370	0
108	149	71.00	1	2.81	5.29	0.33	1178802	4302	231465	1
108	174	52.80	-1	3.28	3.93	2.62	1159365	2832	232473	0
109	133	154.04	1	3.04	4.00	2.08	1262395	411	230638	0
109	134	24.18	1	1.83	0.67	3.00	1267563	104	230061	1
109	135	367.16	1	9.56	9.46	9.67	1264458	293	228972	0
110	129	38.42	1	1.67	1.98	1.37	1256889	137	231893	5
110	133	183.85	1	5.93	9.37	2.48	1263825	609	230871	1
110	135	149.57	1	5.78	7.63	3.93	1265494	276	229124	0
111	133	73.37	1	3.04	5.10	0.97	1267633	381	231362	0
111	135	127.95	1	6.11	8.86	3.36	1268994	208	229518	0
112	121	30.74	1	1.08	0.47	1.69	833306	338	230738	0
112	122	100.40	1	3.76	1.48	6.04	830903	366	231951	0
112	124	36.66	1	0.65	0.56	0.75	766559	708	233729	0
112	125	44.25	1	1.10	0.67	1.53	841016	785	233217	0
112	133	812.90	1	11.44	11.80	11.08	1265235	774	232485	0
112	134	26.78	1	1.87	0.42	3.32	1270217	118	231846	0
112	135	37.89	1	0.78	0.58	0.99	1266788	155	230621	0
113	121	34.20	-1	1.16	0.44	1.88	847482	2283	230309	0
113	122	39.33	-1	1.42	0.51	2.33	844601	1777	231511	0
113	124	77.77	-1	1.34	1.04	1.63	778283	4293	233199	0
113	125	167.80	-1	4.10	2.28	5.92	853272	4032	232742	0
113	132	25.86	1	0.83	0.33	1.33	1289305	903	233532	0
113	133	861.44	1	11.78	11.83	11.74	1282830	3080	232099	0
113	135	182.53	1	3.64	2.48	4.80	1285040	986	230387	0
114	121	142.31	-1	7.19	6.37	8.02	849710	353	230083	0
114	122	207.28	-1	10.89	9.26	12.51	846423	210	231233	0
114	125	53.76	1	2.14	2.41	1.86	854039	1323	232453	1
114	133	54.35	1	1.58	2.44	0.71	1282861	553	231753	1
114	149	35.09	1	0.87	1.58	0.15	1197154	2129	231251	0
114	243	28.41	1	1.83	1.28	2.38	1300528	80	230917	3
115	122	74.46	-1	3.57	2.67	4.46	845910	130	230934	0
115	126	102.71	1	2.03	3.67	0.39	1099782	1800	232243	0
115	127	252.93	1	7.98	8.96	6.99	1257849	99	232424	1
115	133	34.44	1	0.85	1.26	0.44	1273170	286	231297	0
115	135	24.90	1	0.78	0.92	0.64	1275708	117	229766	1
116	124	28.57	-1	1.12	1.66	0.58	776181	395	232914	1
116	127	143.48	1	5.99	7.98	4.00	1247708	61	232808	0
116	133	50.15	1	1.75	2.85	0.66	1262346	220	231541	0
116	134	47.76	1	4.32	2.71	5.93	1267879	85	231121	0
117	125	28.00	1	0.57	0.19	0.95	842754	1118	232446	1
117	126	2048.44	1	11.00	13.78	8.22	1082222	5585	232616	1
117	131	27.55	1	1.22	0.19	2.24	1253671	174	232635	1
118	125	302.31	1	11.62	12.54	10.70	827351	5435	231851	0
118	126	125.41	-1	2.84	5.19	0.49	1053913	8714	232121	1
118	127	151.44	1	5.24	6.27	4.22	1203637	187	232271	1
119	126	3938.28	1	14.62	13.42	15.82	943641	6038	231453	0
119	129	28.55	1	0.56	0.11	1.02	1082513	150	231426	2
119	130	110.53	1	1.83	0.38	3.27	1085826	164	231230	3
119	131	80.96	1	3.43	0.28	6.57	1088999	210	231617	0
119	132	244.03	1	6.76	0.84	12.69	1093898	411	231863	1
119	133	226.59	1	1.92	0.78	3.07	1088199	738	230394	0
121	129	50.25	1	2.29	2.79	1.79	811929	957	230394	1
121	133	132.68	-1	4.63	7.48	1.78	814621	2267	229379	1
121	134	50.19	-1	4.51	2.79	6.23	817689	628	228855	0
121	136	29.69	-1	1.22	1.63	0.81	817779	557	228182	0
124	132	62.70	-1	2.28	1.31	3.25	757012	2565	233796	0
124	133	62.36	-1	1.06	1.30	0.82	751551	5183	232215	0
124	144	25.89	1	0.85	0.52	1.17	735058	1711	232334	1
125	132	130.94	-1	5.70	4.61	6.80	835996	2495	233267	0
125	133	90.22	-1	2.18	3.16	1.20	828579	5235	231783	0
128	149	150.25	1	3.96	7.19	0.73	1161518	695	231512	0
129	136	28.75	1	0.91	1.03	0.78	1262365	196	230986	6
129	140	34.35	1	0.98	1.22	0.73	1269339	275	232614	19
129	149	365.77	1	7.38	12.95	1.81	1170865	3254	231655	0
130	140	52.26	1	1.34	1.56	1.12	1274613	220	232347	30
130	149	397.34	1	6.83	11.70	1.97	1175917	2390	231420	0
130	168	34.96	1	2.03	1.05	3.01	1112366	86	231740	18
130	174	59.71	-1	2.37	1.78	2.97	1157567	1146	232582	1
131	149	112.51	1	4.83	9.13	0.54	1182969	3298	231753	0
135	157	150.66	1	2.55	3.96	1.13	1221420	319	228305	0
135	159	53.02	1	0.87	1.39	0.35	1207632	261	226996	0
135	162	32.04	1	0.53	0.83	0.22	1176316	481	229971	0
135	186	36.00	-1	1.97	0.94	3.00	964854	1624	230364	0
136	144	39.41	1	1.43	1.07	1.78	1256677	242	230249	15
136	149	476.60	1	7.63	12.90	2.36	1198982	3696	229827	1
138	149	151.86	1	3.04	5.35	0.73	1209042	6171	229798	1
138	150	28.18	1	0.81	0.97	0.65	1212971	560	229961	3
138	183	281.24	1	5.60	9.94	1.26	1062564	1030	228974	1
138	184	290.91	1	8.46	10.28	6.65	995572	875	229602	1
138	186	35.10	1	2.07	1.22	2.93	974786	2653	230993	3
139	149	27.03	1	1.64	3.16	0.11	1209894	934	229892	1
140	149	677.23	1	8.96	14.56	3.37	1217036	5492	231280	0
140	173	39.52	-1	0.77	0.84	0.69	1105846	3372	230870	1
140	174	147.15	-1	5.29	3.16	7.43	1194924	2775	232411	2
142	149	77.24	1	3.16	5.96	0.36	1212652	2585	231079	0
142	153	46.32	1	3.13	3.59	2.67	1205950	213	231731	13
142	165	26.69	1	1.29	2.08	0.50	1129953	1344	231445	0
142	168	41.29	1	3.37	3.20	3.55	1145302	108	231284	10
142	173	47.12	-1	2.24	3.65	0.83	1100024	1734	230678	0
142	174	84.48	-1	5.38	6.52	4.23	1187843	1470	232141	1
143	171	57.95	-1	3.45	2.29	4.62	1143306	127	229313	0
143	175	88.01	1	7.07	3.42	10.72	1212311	226	231398	1
143	176	137.41	1	8.14	5.27	11.00	1219413	115	231109	0
143	177	106.77	1	7.55	4.12	10.98	1227816	116	230915	0
143	179	33.78	1	2.51	1.38	3.64	1231297	54	231037	0
143	183	29.51	1	0.67	1.22	0.12	1046742	122	229282	1
144	165	82.73	-1	2.69	3.74	1.64	1110026	1269	231435	0
144	166	87.92	-1	2.20	3.98	0.43	1121582	1026	231842	2
144	172	36.53	1	3.32	1.65	4.98	1134497	205	230294	8
144	173	175.62	-1	5.58	7.95	3.22	1079844	2064	230727	1
144	175	35.52	1	2.94	1.61	4.28	1195990	830	232426	3
144	179	28.19	1	2.16	1.27	3.04	1214224	180	231987	2
145	162	25.05	1	1.98	3.79	0.17	1164113	160	231548	0
145	165	41.35	1	3.50	6.20	0.80	1103502	767	231197	0
146	154	33.99	-1	3.65	2.60	4.70	1183559	73	232718	1
146	157	43.22	1	1.80	3.26	0.33	1210498	62	230903	0
146	162	49.39	1	2.03	3.70	0.36	1165614	105	232601	2
147	162	116.96	1	4.27	7.68	0.87	1160680	153	232828	1
148	155	33.31	-1	4.20	4.36	4.03	1158846	120	233652	1
149	165	720.48	-1	9.09	3.59	14.58	1086158	24540	231224	2
149	166	3292.06	1	16.70	16.49	16.92	1096950	31454	231573	1
150	160	24.72	1	1.29	0.57	2.01	1184162	59	230548	1
150	166	616.48	1	8.84	14.54	3.15	1101842	3035	231733	1
150	168	52.96	1	2.89	1.24	4.54	1105013	189	231264	12
151	159	734.28	1	4.96	5.22	4.69	1185646	389	229090	0
151	162	1537.68	1	11.28	10.91	11.65	1153811	824	232199	0
151	165	183.25	-1	2.49	1.31	3.68	1093664	530	231873	1
151	187	38.38	-1	0.67	0.29	1.05	894487	943	232390	0
151	188	68.82	-1	1.05	0.50	1.60	1019457	1049	232308	1
151	190	24.43	1	0.19	0.19	0.19	1146435	240	231644	0
151	191	46.00	1	0.29	0.34	0.24	1172020	375	231077	0
151	192	154.97	1	1.73	1.11	2.35	1174889	168	230585	0
151	193	152.04	1	2.34	1.09	3.59	1180062	232	230676	0
151	194	54.14	1	0.88	0.40	1.37	1175127	171	229664	0
151	195	333.14	1	3.39	2.37	4.40	1181239	400	229804	0
151	197	276.23	1	2.35	1.97	2.73	1189644	477	231012	1
151	199	180.48	1	1.61	1.29	1.93	1183595	292	231375	0
151	207	31.83	1	0.93	0.24	1.63	1108776	458	231376	0
152	159	1063.64	1	6.79	6.80	6.79	1185428	410	229081	2
152	162	1273.22	1	8.89	8.13	9.65	1152527	632	232141	0
152	165	121.93	-1	1.62	0.82	2.43	1092225	354	231781	0
152	166	23.94	-1	0.15	0.19	0.10	1103184	313	232122	0
152	188	70.63	-1	1.06	0.49	1.64	1018390	650	232270	0
152	190	83.84	1	0.63	0.57	0.69	1144789	218	231527	0
152	191	60.97	1	0.37	0.43	0.32	1170131	293	230904	0
152	192	165.45	1	1.80	1.09	2.50	1172918	142	230402	0
152	193	153.54	1	2.32	1.02	3.62	1178111	185	230485	0
152	194	36.64	1	0.60	0.27	0.92	1173237	124	229489	0
152	195	292.06	1	2.88	1.90	3.86	1179313	305	229637	1
152	197	333.09	1	2.73	2.16	3.30	1187963	400	230886	0
152	199	178.76	1	1.54	1.18	1.91	1182187	237	231267	0
153	165	197.65	1	7.70	11.43	3.97	1085963	2204	231791	1
153	169	26.38	1	2.42	1.51	3.32	1114673	71	231626	9
153	173	67.73	-1	2.56	3.91	1.22	1047759	2410	230998	0
153	174	32.77	-1	1.74	1.88	1.60	1113219	2159	232535	1
154	162	25.09	-1	1.80	3.44	0.17	1149490	963	232255	0
154	165	32.48	1	2.55	4.48	0.62	1087914	7507	231875	1
154	173	29.60	-1	2.29	4.08	0.51	1050082	11448	231123	0
154	190	39.76	1	2.92	5.51	0.32	1141227	1382	231648	1
155	162	31.19	-1	1.99	3.77	0.22	1202904	1362	233418	0
155	165	32.40	1	2.27	3.92	0.62	1138016	10562	233066	0
155	181	41.85	-1	2.83	5.09	0.56	1204106	252	232122	2
155	204	25.32	-1	2.84	3.04	2.65	1028737	507	232633	0
155	235	40.74	-1	2.68	4.96	0.41	1175174	11744	232785	1
156	165	111.15	1	4.26	6.31	2.21	1139821	1352	233543	0
156	166	26.07	1	0.80	1.49	0.11	1150624	1083	233907	1
156	167	27.28	1	2.22	1.56	2.88	1157755	122	233840	10
156	168	49.37	1	3.52	2.81	4.24	1154118	105	233361	16
156	173	112.90	-1	4.23	6.41	2.05	1099401	1379	232579	0
156	197	46.60	1	1.54	2.65	0.44	1238135	339	232537	1
156	199	59.82	1	2.02	3.40	0.64	1232087	220	232996	1
157	165	286.64	-1	3.96	2.14	5.78	1125936	550	230464	0
157	166	172.47	-1	1.08	1.29	0.87	1135800	470	230767	0
157	187	91.89	-1	1.64	0.70	2.59	918803	969	230897	1
157	188	214.94	-1	3.35	1.61	5.09	1047215	949	230832	0
157	190	143.38	1	1.13	1.08	1.19	1174526	331	230156	0
157	191	171.07	1	1.10	1.28	0.92	1200903	485	229667	0
157	192	552.76	1	6.22	4.12	8.32	1203841	296	229220	0
157	193	360.82	1	5.61	2.70	8.51	1209177	325	229303	0
157	194	188.24	1	3.08	1.41	4.76	1204383	249	228308	1
157	195	728.89	1	7.55	5.43	9.66	1210285	561	228476	1
157	197	909.33	1	7.92	6.78	9.07	1218346	757	229610	0
157	199	676.96	1	6.14	5.05	7.24	1212202	493	229979	0
157	206	99.00	1	0.72	0.75	0.70	1021511	2756	229987	1
157	207	46.07	1	1.37	0.35	2.38	1134977	510	229994	1
157	224	56.55	1	0.44	0.43	0.46	891162	3121	229807	0
157	227	65.70	1	2.77	0.50	5.05	1067389	85	229570	1
157	231	24.40	1	0.74	0.19	1.28	1117500	275	230414	0
157	232	339.86	1	2.48	2.54	2.43	1129052	490	230301	0
158	165	62.32	1	2.31	3.40	1.22	1126683	1022	230496	0
158	166	56.14	-1	1.66	3.06	0.27	1135987	475	230793	0
158	173	80.59	-1	2.92	4.38	1.45	1085965	1021	229838	4
158	174	28.60	-1	1.48	1.57	1.38	1152379	948	231123	0
158	186	32.41	-1	2.24	1.78	2.70	933852	530	231180	2
159	166	312.87	-1	1.80	2.01	1.59	1130438	376	229448	1
159	187	47.94	-1	0.82	0.32	1.33	911798	1042	229577	0
159	188	197.06	-1	2.97	1.27	4.66	1039083	980	229540	0
159	189	43.15	-1	0.41	0.29	0.54	1152409	949	229408	9
159	190	110.15	1	0.81	0.72	0.91	1163631	317	228901	0
159	191	171.66	1	1.02	1.11	0.93	1189600	492	228400	0
159	192	280.26	1	3.01	1.80	4.23	1192318	222	227946	0
159	193	253.86	1	3.81	1.63	5.99	1197487	286	228023	0
159	194	186.53	1	2.96	1.20	4.71	1192629	249	227029	0
159	195	761.58	1	7.48	4.87	10.10	1198457	577	227215	0
159	197	728.74	1	5.96	4.66	7.26	1206547	699	228368	0
159	199	612.94	1	5.24	3.92	6.56	1200366	477	228727	1
159	201	42.35	1	2.58	0.28	4.88	1169994	58	229271	0
159	206	44.84	1	0.30	0.30	0.30	1011157	2712	228703	0
159	207	37.24	1	1.08	0.25	1.91	1123801	505	228722	0
159	224	33.13	1	0.24	0.23	0.25	882315	3186	228552	0
159	227	68.05	1	2.84	0.45	5.22	1056895	88	228300	3
159	232	368.29	1	2.50	2.36	2.63	1117834	502	229043	0
159	233	26.61	1	0.74	0.18	1.29	1119381	124	228643	1
160	174	25.80	-1	1.66	2.09	1.24	1155788	193	231905	0
160	193	38.05	1	1.93	2.97	0.89	1201072	50	229877	0
160	195	26.96	1	1.25	2.17	0.34	1201534	61	229037	1
162	171	51.88	-1	2.25	0.38	4.13	1126014	1621	231314	8
162	187	74.61	-1	1.32	0.55	2.09	898382	2763	233093	0
162	188	56.94	-1	0.86	0.41	1.31	1020968	3272	232992	1
162	190	67.81	1	0.53	0.50	0.56	1139723	587	232399	0
162	191	210.97	1	1.36	1.58	1.14	1164661	1015	231834	0
162	192	119.97	1	1.36	0.89	1.82	1166882	287	231294	0
162	193	58.58	1	0.90	0.43	1.38	1171583	374	231372	0
162	194	40.75	1	0.66	0.29	1.03	1165807	340	230324	0
162	195	96.52	1	0.99	0.71	1.26	1171397	591	230486	1
162	197	295.42	1	2.57	2.22	2.92	1179194	967	231639	0
162	199	173.19	1	1.57	1.30	1.85	1173140	554	232082	0
163	173	34.72	-1	3.10	5.60	0.61	1059907	1063	231553	0
164	173	57.17	-1	4.13	7.24	1.02	1043033	606	231378	0
165	172	38.90	-1	3.03	0.75	5.31	1085517	1024	231127	0
165	174	51.52	1	1.78	1.00	2.55	1086682	23383	232974	0
165	191	31.82	1	0.38	0.60	0.16	1105083	4135	231522	0
166	173	531.38	1	6.26	2.71	9.81	1041479	25840	231789	2
166	174	105.29	1	2.91	0.52	5.29	1100068	21242	233308	1
167	174	80.75	-1	6.26	8.48	4.04	1108256	1325	233304	0
167	186	29.04	-1	2.74	3.07	2.41	890235	774	233541	1
168	175	24.14	-1	2.49	2.09	2.89	1129460	211	233270	1
171	184	46.41	-1	2.36	3.68	1.04	916225	1752	230540	0
171	186	37.58	-1	3.05	2.97	3.14	894711	9330	232026	0
171	187	131.00	1	7.12	10.53	3.71	876646	16443	231753	0
171	188	50.63	-1	2.59	4.03	1.16	991864	17139	231621	0
171	189	49.42	1	2.27	3.93	0.62	1094708	17546	231478	4
171	195	32.75	1	1.50	2.58	0.41	1135222	2011	229312	0
172	188	29.61	1	2.35	4.05	0.66	996841	2182	231734	1
173	186	83.65	1	4.31	1.51	7.10	857673	21937	232533	0
173	187	341.11	1	8.02	6.28	9.76	838431	34563	232265	1
173	188	631.85	1	13.36	11.67	15.06	949426	42953	232170	1
174	182	65.11	1	2.06	3.25	0.88	1171497	1741	231327	1
174	185	148.97	-1	7.36	7.52	7.21	931151	9849	234267	1
174	186	39.71	-1	2.64	1.95	3.32	921201	19097	234186	1
176	183	55.00	1	2.32	4.41	0.23	1051198	494	231656	1
176	184	60.23	1	3.09	4.83	1.36	983118	439	232485	0
177	186	25.48	-1	2.36	2.61	2.10	966369	1637	233919	0
177	187	24.18	-1	1.56	2.48	0.64	943212	2523	233571	0
178	185	46.01	-1	3.64	5.10	2.19	979685	175	233932	0
178	186	39.94	-1	3.89	4.44	3.34	968061	359	233805	0
178	189	25.46	1	1.58	2.86	0.30	1189111	848	233264	3
179	186	69.45	-1	6.66	7.44	5.88	975464	907	234176	0
180	189	41.04	1	3.30	6.09	0.51	1193076	2284	233235	29
181	188	72.95	1	1.33	0.96	1.70	1077477	1347	232242	0
181	189	894.27	1	11.64	11.48	11.80	1191359	1796	232132	31
181	191	100.12	1	0.92	1.31	0.53	1228548	308	231226	0
181	194	53.82	1	1.04	0.72	1.36	1230737	128	229850	0
182	189	973.91	1	12.91	12.98	12.85	1176058	2685	231094	16
182	191	33.54	1	0.31	0.46	0.17	1211027	371	230063	0
183	190	1874.63	1	12.07	8.48	15.66	1024473	1967	231020	0
183	191	3075.31	1	15.39	13.92	16.86	1049660	3190	230465	0
183	192	175.30	1	1.71	0.78	2.65	1050886	458	229988	0
183	193	290.80	1	4.08	1.30	6.86	1055336	757	230109	0
183	194	114.37	1	1.70	0.50	2.89	1050496	603	229090	1
183	204	24.26	1	1.31	0.09	2.54	891877	301	230929	3
183	206	260.02	1	1.53	1.16	1.89	898537	9282	230751	1
184	191	117.25	-1	1.65	2.67	0.63	997207	547	231327	0
184	195	203.22	1	3.66	4.64	2.68	1002691	756	230025	0
184	206	523.27	1	7.90	11.97	3.84	855291	7569	231545	0
184	225	43.84	1	0.60	0.99	0.22	872858	5306	231453	1
184	276	30.32	1	1.38	0.68	2.09	1017587	100	230073	0
185	197	213.94	-1	6.24	10.37	2.11	997948	1013	232870	0
185	206	200.94	1	5.60	9.74	1.46	844968	18289	233323	1
187	194	437.94	-1	11.81	12.54	11.07	978181	1484	231070	1
187	200	31.98	-1	2.05	0.87	3.23	980042	1104	233513	2
187	211	66.65	-1	3.85	1.86	5.84	938392	1198	232411	0
188	195	106.14	-1	1.94	2.49	1.39	1134536	3492	231131	0
188	197	51.73	-1	0.84	1.19	0.49	1140396	4699	232372	0
188	239	41.78	-1	0.67	0.95	0.38	1131521	17749	233145	0
189	206	146.76	-1	1.48	1.91	1.05	1071783	54869	232839	3
189	230	25.37	-1	0.23	0.30	0.16	1204415	963	233606	3
190	197	154.63	1	1.40	1.28	1.52	1307823	915	231916	0
190	199	34.48	1	0.32	0.28	0.36	1299602	470	232343	0
192	199	437.40	1	5.63	6.59	4.68	1339501	393	231366	0
193	207	25.86	1	0.96	0.61	1.31	1261021	786	231655	0
194	206	119.30	1	1.93	3.01	0.85	1131276	4655	230621	1
195	232	44.23	1	0.43	0.57	0.30	1256986	662	231188	0
196	206	30.19	1	2.44	4.69	0.19	1139254	1202	230861	0
196	244	26.59	1	2.69	4.14	1.24	1330146	77	230495	3
197	207	253.89	1	7.92	2.51	13.34	1279684	2032	232057	1
197	231	53.25	1	1.67	0.50	2.84	1254330	909	232534	0
197	232	891.48	1	7.64	8.89	6.39	1267389	1515	232453	0
197	233	124.60	1	3.59	1.22	5.97	1268553	424	232017	0
197	236	24.83	-1	1.61	0.22	3.00	1301300	682	232787	0
197	241	33.73	1	1.26	0.31	2.22	1361049	213	232003	0
198	206	23.99	1	1.19	2.22	0.15	1153636	1927	232404	1
198	207	48.33	1	3.46	4.43	2.50	1281269	364	232394	0
198	225	50.42	-1	2.44	4.62	0.26	1183553	949	232312	0
198	232	69.17	1	3.40	6.32	0.48	1268184	215	232836	0
199	224	39.54	1	0.36	0.42	0.31	1005528	6795	232464	2
199	231	24.12	1	0.76	0.25	1.27	1253265	468	233199	0
199	232	749.45	1	6.69	8.02	5.37	1265724	936	233062	0
199	233	195.65	1	5.72	2.09	9.36	1266354	301	232604	0
199	241	131.79	1	4.95	1.41	8.49	1356865	187	232657	1
200	210	49.13	1	5.87	4.94	6.80	1295307	66	231965	4
200	224	78.03	1	4.24	7.84	0.65	1007058	3551	233178	2
201	224	25.16	1	1.57	2.96	0.18	995587	1067	233416	0
202	224	40.49	1	2.39	4.46	0.32	990656	1175	233193	0
202	236	29.67	1	3.45	3.30	3.60	1261133	128	234184	0
203	224	58.05	1	3.56	6.66	0.47	901339	1504	233312	0
204	211	63.89	1	6.11	6.62	5.60	1133147	171	232495	3
204	224	38.00	1	2.12	3.95	0.29	872060	3701	233169	0
205	224	821.37	1	10.52	13.86	7.18	836430	6603	233078	0
205	225	75.68	-1	0.85	1.28	0.41	972468	2319	233102	0
205	238	64.99	1	1.04	1.10	0.97	1038784	991	233724	0
205	239	111.98	1	1.48	1.89	1.06	1080979	1490	233358	0
206	224	813.32	-1	6.54	5.98	7.11	881183	119294	233008	2
206	225	2139.30	1	14.05	15.79	12.30	1022223	77679	233043	1
206	232	109.38	1	0.77	0.78	0.77	1076489	7733	233576	0
206	238	69.65	1	0.76	0.48	1.04	1091733	19725	233677	0
206	239	192.99	1	1.62	1.40	1.84	1136478	29289	233313	2
207	221	24.96	1	2.23	1.26	3.19	1193442	168	233408	0
207	223	48.14	1	3.04	2.49	3.59	1072954	213	233380	0
207	224	95.20	-1	2.88	4.97	0.80	982987	19112	232954	0
207	232	32.07	1	0.92	1.64	0.21	1196333	1266	233554	0
207	235	47.70	1	1.47	2.46	0.49	1214270	7913	233246	1
207	237	25.38	1	1.20	1.29	1.11	1205507	1559	233664	0
207	239	56.93	1	1.74	2.95	0.53	1263358	4744	233323	0
208	217	62.15	1	3.58	6.35	0.81	1266663	710	233015	9
208	224	90.48	1	5.00	9.25	0.76	986671	6849	232473	0
209	224	60.71	1	3.80	7.11	0.49	990049	2519	231597	1
211	224	74.04	1	3.55	6.48	0.61	996782	4068	232370	1
212	247	49.50	1	4.21	8.35	0.08	1303024	7213	233239	0
213	224	45.85	1	3.65	6.93	0.36	1011133	5149	233228	1
217	224	116.29	-1	1.26	1.54	0.98	1003472	14701	233857	2
217	225	1259.20	-1	12.01	16.79	7.23	1151050	4965	233912	2
217	238	40.92	-1	0.57	0.53	0.60	1222996	1755	234746	0
217	239	73.82	-1	0.83	0.97	0.69	1272377	2512	234303	2
218	234	31.61	1	3.97	6.26	1.69	1219087	748	234495	0
219	226	138.23	1	9.08	9.98	8.18	1130828	99	234067	3
221	234	39.74	1	3.55	4.97	2.14	1165424	377	234386	1
223	231	38.03	1	2.44	2.86	2.02	1020152	117	235047	0
223	234	74.40	1	4.77	5.48	4.06	1047241	441	234363	0
224	231	202.04	1	6.31	1.74	10.88	936418	11843	234550	0
224	232	294.23	1	2.32	2.55	2.10	945219	10758	234359	0
224	234	241.07	1	7.68	2.08	13.28	957737	52187	233924	0
224	235	1557.39	1	15.23	13.64	16.81	954988	71581	233960	0
224	238	71.68	-1	0.83	0.59	1.07	959006	22187	234447	0
224	247	43.05	1	0.20	0.34	0.06	1003876	105168	233678	1
225	232	1780.24	-1	11.51	10.23	12.79	1132176	2892	234429	0
225	233	64.83	-1	1.73	0.35	3.12	1131132	1694	233901	0
225	234	116.06	-1	3.50	0.64	6.36	1139683	29057	234026	0
225	235	331.11	-1	2.72	1.88	3.55	1131546	36442	234054	3
225	236	53.34	1	3.40	0.28	6.51	1140347	7754	234612	0
225	238	33.11	1	0.32	0.16	0.48	1133417	14362	234506	0
225	247	38.67	1	0.12	0.19	0.05	1185381	62543	233692	0
226	234	68.90	1	3.92	4.09	3.75	1158648	981	233996	0
226	235	54.82	-1	1.91	3.26	0.56	1150250	744	234018	1
226	238	44.45	1	1.65	2.65	0.65	1151845	454	234455	0
226	239	67.67	1	2.32	4.02	0.63	1198878	694	234044	0
229	236	48.55	1	5.05	4.18	5.92	1293648	132	235872	1
229	238	31.96	1	1.63	2.80	0.46	1282071	210	235635	0
230	238	1020.56	1	11.00	6.29	15.72	1249716	1076	235803	0
230	239	1802.63	1	14.21	11.10	17.33	1299566	1802	235360	0
231	238	174.87	-1	6.04	9.41	2.67	1221650	1242	235630	0
231	242	31.02	1	2.00	1.64	2.36	1277201	388	235205	0
232	239	93.21	-1	0.76	0.65	0.87	1282237	1663	235032	0
232	241	69.21	1	2.48	0.48	4.49	1288804	214	234692	0
233	249	45.22	1	2.66	2.18	3.14	1304037	171	234783	0
233	255	39.95	1	1.99	1.93	2.05	1291700	214	234594	0
234	242	29.45	1	1.91	1.57	2.24	1319981	1698	234628	0
234	333	26.45	1	2.89	1.40	4.39	1159696	479	228359	1
235	242	150.61	1	6.53	1.60	11.46	1325831	2564	234711	0
235	243	62.91	1	2.93	0.65	5.22	1319455	1067	234430	2
235	244	49.85	1	1.42	0.51	2.32	1305162	2200	234203	2
235	255	99.27	1	3.07	1.04	5.10	1322361	3232	234862	0
235	256	157.43	1	3.91	1.67	6.15	1315110	3338	234357	1
235	257	70.86	1	2.31	0.74	3.89	1324256	2671	234251	1
235	258	235.65	1	4.82	2.52	7.13	1325334	6854	233597	1
235	259	28.62	1	0.50	0.28	0.72	1330457	8276	233717	1
236	247	75.93	1	4.71	9.29	0.13	1327578	8385	234991	0
237	244	39.70	1	1.80	1.75	1.85	1299914	480	234670	1
237	247	357.50	1	8.34	16.00	0.68	1309513	9295	234773	0
238	255	223.18	-1	7.44	3.41	11.48	1326015	626	235417	0
238	256	44.82	-1	1.20	0.66	1.75	1318490	840	234874	0
238	257	225.29	-1	7.91	3.45	12.37	1327462	486	234767	0
238	258	201.01	-1	4.57	3.07	6.08	1328524	1617	234095	0
239	255	62.33	-1	1.89	0.58	3.20	1389412	1290	234994	0
240	247	231.27	-1	7.51	14.58	0.43	1404730	4621	234370	0
240	285	29.33	1	0.94	1.83	0.04	1395495	2442	234028	0
242	264	26.25	1	1.63	2.00	1.26	1409643	414	232747	3
243	264	26.98	1	1.78	2.26	1.29	1404399	194	232528	10
243	273	29.08	1	1.30	2.43	0.16	1364402	2068	232684	1
243	278	30.71	1	1.84	2.57	1.11	1412616	124	233397	2
243	285	57.37	1	2.43	4.76	0.10	1394944	697	234143	1
244	259	172.04	1	6.29	8.02	4.57	1400180	885	233669	7
244	262	29.58	1	1.61	1.38	1.83	1403927	119	234482	2
244	264	65.88	1	3.14	3.07	3.21	1391302	451	232399	21
244	273	64.57	1	1.70	3.01	0.39	1351224	4730	232493	2
244	274	33.18	1	1.31	1.55	1.06	1387003	460	232668	6
244	285	157.63	1	3.82	7.35	0.30	1381361	1634	233962	0
244	294	25.79	1	2.39	1.20	3.58	1404617	309	233518	0
245	285	34.29	1	2.91	5.76	0.05	1355594	723	233846	1
246	255	25.39	1	1.55	1.80	1.30	1336043	87	234746	0
246	256	113.28	1	6.06	7.69	4.43	1328718	140	234159	0
246	257	36.70	1	2.29	2.56	2.02	1337249	86	234088	1
246	287	27.89	1	2.92	1.97	3.87	1329174	121	233874	0
247	255	89.18	-1	2.37	0.15	4.58	1409017	3420	235171	0
247	256	70.56	-1	1.44	0.12	2.75	1400710	3681	234524	1
247	257	48.87	1	1.38	0.07	2.68	1410246	4052	234493	0
247	264	44.43	-1	1.11	0.07	2.15	1407635	6024	232818	2
247	273	120.89	-1	0.48	0.22	0.74	1367715	93484	232941	0
247	280	119.14	1	5.09	0.21	9.96	1405978	4196	232893	0
247	281	78.79	1	3.04	0.13	5.95	1410638	5348	233667	0
247	282	295.63	1	5.74	0.56	10.91	1408358	4725	233519	1
247	285	8836.92	-1	17.45	17.39	17.51	1398951	13867	234787	0
247	286	1223.13	1	7.83	2.39	13.27	1411145	8176	234508	0
247	288	1370.63	1	8.44	2.68	14.19	1414669	7577	234333	0
247	290	456.09	1	6.03	0.88	11.19	1405266	6530	233638	0
247	291	329.33	1	6.14	0.63	11.66	1408145	3105	233026	0
247	292	176.35	1	6.29	0.33	12.26	1410734	5282	233265	0
247	295	40.32	-1	2.52	0.06	4.98	1420427	404	233686	0
247	298	41.45	-1	0.90	0.06	1.73	1413799	6554	232765	0
249	258	76.16	1	3.78	5.28	2.28	1433292	598	234650	3
249	259	113.84	1	5.45	7.90	3.01	1439239	815	234862	14
249	264	52.89	1	3.12	3.67	2.57	1430646	432	233710	31
249	266	25.36	-1	0.95	1.76	0.14	1419112	852	234547	0
249	268	28.17	1	1.70	1.96	1.45	1408605	231	233875	33
249	271	57.31	1	2.67	3.98	1.36	1312502	537	234397	18
249	273	25.05	1	0.94	1.74	0.14	1389916	4588	233829	0
250	259	45.26	1	2.41	3.66	1.17	1437912	212	234587	2
250	264	30.18	1	1.96	2.47	1.45	1429556	121	233481	3
250	277	32.07	1	2.05	2.62	1.48	1437485	62	235109	0
250	281	45.98	1	3.59	3.71	3.46	1432339	103	234311	1
250	285	29.68	1	1.24	2.43	0.04	1420975	378	235561	0
252	259	67.57	1	3.74	5.72	1.77	1435296	591	234346	5
252	264	87.78	1	5.86	7.42	4.29	1426222	374	233194	14
252	271	30.44	1	1.65	2.59	0.71	1308099	385	233895	8
253	273	69.91	1	3.73	7.04	0.42	1386740	1705	233504	0
253	274	34.99	1	2.35	3.57	1.12	1423417	186	233661	4
255	275	39.67	1	3.17	2.03	4.30	1415705	88	234014	0
256	271	65.41	1	2.06	2.55	1.56	1292317	719	233553	2
256	273	285.48	1	6.48	11.17	1.79	1368410	7156	232968	0
257	273	57.18	-1	1.74	3.14	0.34	1378619	4699	232962	1
258	273	432.35	1	7.91	13.10	2.73	1380423	14985	232468	0
258	291	29.11	1	0.95	0.86	1.04	1420683	415	232363	0
259	266	261.92	-1	4.31	6.98	1.64	1416000	3242	233211	4
259	268	34.51	1	1.33	0.88	1.77	1405198	809	232634	15
259	271	255.93	1	6.51	6.82	6.20	1309184	2192	233175	10
259	272	51.40	1	3.01	1.33	4.69	1251689	179	232744	1
259	273	326.35	1	5.38	8.71	2.05	1386548	19440	232644	1
259	274	86.28	1	2.54	2.27	2.81	1423149	1760	232858	9
259	275	39.35	1	2.64	1.01	4.27	1426378	194	233145	0
259	277	92.76	1	3.35	2.44	4.26	1434871	696	233973	6
259	278	94.33	1	2.94	2.48	3.40	1435418	932	233403	11
259	284	36.06	1	3.00	0.92	5.08	1411204	300	233608	2
259	285	205.71	1	2.93	5.47	0.39	1418226	5725	234231	0
259	287	35.35	1	2.91	0.90	4.92	1420898	1298	233947	1
260	273	81.38	1	4.04	7.58	0.49	1388883	1532	232900	0
261	268	31.83	1	2.03	2.42	1.64	1408229	232	233045	5
261	271	47.19	1	2.35	3.58	1.12	1311560	504	233600	3
261	273	111.41	1	4.56	8.43	0.68	1388763	4679	232991	0
261	274	59.20	1	3.21	4.49	1.92	1425488	481	233195	5
261	278	28.39	1	1.59	2.16	1.02	1437858	232	233819	1
261	285	54.10	1	2.10	4.10	0.09	1420496	1393	234639	0
261	295	27.04	1	2.74	2.06	3.42	1442085	55	233628	1
262	273	117.44	1	3.94	7.16	0.72	1391593	2504	233538	0
262	274	44.80	1	2.10	2.76	1.45	1428084	263	233772	2
262	285	104.09	1	3.27	6.35	0.19	1423915	840	235345	0
264	271	92.80	1	3.38	4.54	2.23	1304152	1190	232259	33
264	274	65.67	1	2.67	3.20	2.14	1416019	993	231850	21
264	276	43.50	1	2.53	2.11	2.96	1419789	124	232324	6
264	278	87.70	1	3.73	4.29	3.17	1428321	553	232499	27
264	282	36.09	1	1.53	1.74	1.33	1420459	491	232199	18
264	285	221.22	1	5.65	10.88	0.42	1410662	3324	233315	1
264	294	25.24	1	2.35	1.21	3.50	1434352	615	232864	2
266	273	2717.55	-1	17.21	17.15	17.26	1371195	25694	232539	0
266	290	56.71	1	0.86	0.34	1.38	1406624	2070	233235	0
266	291	57.49	1	1.19	0.34	2.04	1409443	1000	232584	0
266	292	87.14	1	3.29	0.53	6.06	1411880	1882	232773	0
266	296	34.44	1	2.32	0.20	4.44	1414348	490	233235	0
266	297	46.68	1	3.27	0.28	6.27	1398254	720	233006	0
266	298	250.52	-1	6.09	1.56	10.63	1415455	1727	232411	0
266	303	24.48	1	1.38	0.14	2.63	1391941	555	232548	0
266	309	419.44	-1	1.73	2.63	0.83	1221133	34294	225681	2
266	312	33.80	1	1.30	0.19	2.41	1251958	1760	225056	0
267	285	32.49	1	2.08	4.11	0.05	1398376	384	234212	0
268	278	96.60	1	4.23	4.97	3.49	1407386	342	232757	23
268	280	24.78	1	1.67	1.27	2.07	1397402	260	231958	4
268	282	183.43	1	8.11	9.44	6.77	1399544	408	232458	19
268	285	136.56	1	3.64	7.03	0.25	1390171	1796	233638	4
268	294	24.01	1	2.28	1.23	3.33	1413327	347	233169	2
268	332	31.03	1	3.88	1.59	6.16	1260980	136	227713	5
270	285	28.17	1	1.87	3.70	0.04	1357844	279	234137	0
271	278	203.47	1	6.13	4.92	7.35	1313315	828	233363	15
271	282	38.13	1	1.15	0.89	1.40	1305681	616	233101	10
271	285	556.50	1	7.30	13.51	1.09	1296926	4630	234332	1
271	286	55.12	1	0.95	1.31	0.58	1308168	950	234118	2
271	292	30.89	1	1.43	0.72	2.14	1307273	702	232877	0
271	298	27.72	1	0.89	0.64	1.15	1310577	1076	232449	3
272	291	34.65	1	2.22	3.21	1.24	1247791	51	232351	0
272	292	34.07	1	2.76	3.16	2.36	1250171	78	232555	0
273	280	79.00	-1	3.54	0.48	6.61	1382686	4365	232249	0
273	285	40.89	-1	0.15	0.24	0.06	1374827	34851	233999	0
274	282	89.54	1	3.11	2.92	3.30	1421114	634	232997	4
274	285	448.85	1	7.82	14.76	0.87	1411594	4088	234304	2
274	289	30.35	1	2.01	0.97	3.05	1422906	1467	233835	4
274	292	26.82	1	1.36	0.86	1.86	1422906	631	232883	0
276	285	109.96	1	3.75	7.30	0.20	1415515	438	234774	1
277	285	265.64	1	6.35	12.19	0.51	1425763	1536	235754	1
277	287	36.01	1	3.34	1.66	5.01	1427308	327	235385	1
278	285	268.69	1	5.11	9.70	0.52	1425622	2068	235035	0
278	294	61.76	1	5.42	2.23	8.61	1448299	414	234488	0
281	288	150.47	-1	6.47	11.38	1.55	1437192	154	234639	0
281	290	34.95	1	1.74	2.63	0.85	1427260	482	233997	0
282	289	66.00	1	4.57	2.43	6.71	1431150	833	234460	1
282	293	25.69	1	2.20	0.94	3.46	1434594	103	233883	0
282	294	25.30	1	2.22	0.93	3.51	1442752	369	234427	1
282	298	33.82	1	1.32	1.24	1.41	1434034	522	232892	2
282	308	25.20	1	2.14	0.92	3.36	1190736	64	226372	0
284	309	30.43	1	2.17	4.29	0.04	1224874	2007	227061	0
285	298	160.37	1	3.55	0.30	6.79	1427040	3426	234549	0
285	305	51.84	-1	2.83	0.09	5.58	1334877	692	231145	0
286	309	840.76	1	5.41	9.12	1.69	1243040	11197	227766	0
287	309	39.54	1	2.78	5.51	0.06	1234645	10270	227622	1
288	298	24.56	1	0.63	0.25	1.01	1442565	673	234066	0
288	309	615.26	1	3.80	6.37	1.23	1245409	9758	227482	1
289	298	126.85	1	9.16	12.96	5.36	1438919	1580	234099	0
290	298	159.22	-1	5.32	3.90	6.74	1433183	278	233430	0
290	302	54.83	-1	1.06	1.33	0.78	1414554	1427	233901	0
290	309	379.14	-1	5.02	9.30	0.75	1236778	6930	226764	0
291	298	64.39	-1	2.50	2.29	2.71	1436553	125	232834	0
291	309	66.92	1	1.24	2.38	0.11	1238952	4001	226157	1
291	312	68.63	1	3.69	2.44	4.93	1269992	257	225478	0
293	324	26.82	1	2.43	3.60	1.26	1373316	54	229001	1
298	319	28.17	1	0.92	1.17	0.67	1323969	1142	226810	0
298	323	27.14	1	0.60	1.12	0.07	1366010	6894	226909	0
301	309	2688.86	-1	10.21	14.95	5.47	1241362	3264	226651	1
301	311	37.60	1	1.51	0.21	2.82	1269874	389	226476	0
302	309	1052.67	-1	8.80	15.47	2.13	1238097	34957	226863	0
302	311	58.44	1	2.62	0.83	4.41	1265737	2049	226703	0
302	312	68.49	1	2.95	0.98	4.93	1266293	1834	226138	0
302	316	445.79	-1	3.43	6.54	0.32	1293713	33798	228778	0
302	335	57.13	-1	1.92	0.81	3.04	1341634	15540	228802	1
303	311	49.60	1	4.51	5.29	3.73	1261772	178	226413	3
303	312	49.61	1	4.42	5.29	3.56	1262407	160	225884	0
305	312	47.90	1	4.29	5.15	3.43	1207493	273	224816	0
305	323	37.91	1	2.10	4.08	0.11	1284146	2430	225849	0
308	323	33.18	1	2.23	4.36	0.09	1145557	639	223466	0
309	316	8150.49	-1	11.46	16.64	6.27	1164839	146617	224839	3
310	323	67.23	1	2.94	5.68	0.21	1231570	556	223011	2
310	335	33.87	1	2.35	2.93	1.77	1218462	415	224346	0
311	335	73.71	1	4.76	5.57	3.94	1209442	4046	224797	0
312	319	82.61	-1	4.00	5.95	2.05	1194206	378	223091	0
315	323	31.63	1	2.32	4.55	0.09	1162495	753	225689	0
315	326	24.27	1	2.51	3.51	1.50	1167436	65	226508	0
315	327	31.79	1	2.77	4.57	0.97	1167501	109	224493	1
316	323	5313.24	-1	10.93	4.08	17.78	1268890	75824	225652	2
316	331	195.87	1	5.79	0.13	11.46	1195802	2650	222618	1
316	335	146.65	-1	3.99	0.09	7.89	1245067	74550	226871	1
316	340	495.55	1	7.95	0.36	15.54	1280311	9841	225148	2
317	327	24.39	1	1.14	1.54	0.74	1277113	153	223304	1
317	334	86.69	1	4.20	5.41	2.99	1181200	1180	225259	0
317	335	144.26	1	8.37	8.98	7.77	1252782	1108	225566	1
317	339	24.50	1	3.47	1.55	5.39	1279527	103	223280	2
318	326	68.07	1	4.56	4.91	4.21	1272339	131	225298	0
318	327	68.39	1	3.52	4.93	2.12	1270940	200	223327	1
318	334	109.63	1	5.84	7.90	3.79	1175625	1310	225224	0
318	335	35.43	1	2.21	2.56	1.86	1246464	1021	225528	0
319	326	54.13	1	2.34	1.33	3.35	1293557	618	225315	0
319	327	119.39	1	3.34	2.98	3.71	1291854	1146	223365	0
319	337	26.41	1	0.81	0.63	1.00	1291427	368	226229	0
321	334	33.35	1	2.69	4.27	1.12	1209018	697	226082	0
321	335	40.51	1	3.65	5.16	2.13	1281800	615	226474	0
322	335	36.44	1	3.30	4.68	1.91	1241057	880	226395	0
323	334	33.30	-1	0.61	0.09	1.12	1234480	52423	225388	0
324	334	201.63	1	8.17	9.34	7.00	1245473	1773	226799	1
324	335	157.46	1	7.89	7.30	8.48	1319729	1500	227147	0
325	334	164.25	1	8.29	10.88	5.70	1246619	1853	226749	0
325	335	83.22	1	4.99	5.52	4.45	1320343	1528	227154	3
326	334	47.01	-1	2.25	2.91	1.60	1250714	2902	226566	0
326	337	185.13	1	9.15	11.46	6.84	1349287	270	227638	0
327	334	378.16	-1	12.49	11.81	13.17	1255091	4585	224426	0
327	337	288.11	1	9.81	8.99	10.63	1351799	466	225504	0
328	335	66.56	1	4.51	5.46	3.55	1282426	381	217335	0
334	343	34.37	-1	3.43	1.16	5.70	1273803	479	227640	0
334	344	72.51	-1	5.96	2.49	9.43	1269861	1818	227631	1
335	344	48.83	-1	4.47	2.59	6.36	1350610	1524	228074	0
