Nucleotide	Sequence	Modified_mutations	Modified_read_depth	Modified_effective_depth	Modified_rate	Modified_off_target_mapped_depth	Modified_low_mapq_mapped_depth	Modified_primer_pair_1_mapped_depth	Untreated_mutations	Untreated_read_depth	Untreated_effective_depth	Untreated_rate	Untreated_off_target_mapped_depth	Untreated_low_mapq_mapped_depth	Untreated_primer_pair_1_mapped_depth	Denatured_mutations	Denatured_read_depth	Denatured_effective_depth	Denatured_rate	Denatured_off_target_mapped_depth	Denatured_low_mapq_mapped_depth	Denatured_primer_pair_1_mapped_depth	Reactivity_profile	Std_err	HQ_profile	HQ_stderr	Norm_profile	Norm_stderr
1	G	0	33	0	nan	1	0	33	0	7	0	nan	0	0	7	0	0	0	nan	0	0	0	nan	nan	nan	nan	nan	nan
2	G	0	59	0	nan	1	0	59	0	13	0	nan	0	0	13	0	0	0	nan	0	0	0	nan	nan	nan	nan	nan	nan
3	G	0	2457	0	nan	42	0	2457	0	424	0	nan	0	0	424	0	0	0	nan	0	0	0	nan	nan	nan	nan	nan	nan
4	G	0	3900	0	nan	73	0	3900	0	640	0	nan	0	0	640	0	0	0	nan	0	0	0	nan	nan	nan	nan	nan	nan
5	C	0	8407	0	nan	149	0	8407	0	1418	0	nan	0	0	1418	0	0	0	nan	0	0	0	nan	nan	nan	nan	nan	nan
6	U	0	62966	0	nan	914	3	62966	0	10917	0	nan	2	0	10917	0	0	0	nan	0	0	0	nan	nan	nan	nan	nan	nan
7	G	0	97893	0	nan	1612	8	97893	0	16919	0	nan	5	0	16919	0	0	0	nan	0	0	0	nan	nan	nan	nan	nan	nan
8	A	0	165500	0	nan	2941	19	165500	0	28454	0	nan	5	0	28454	0	0	0	nan	0	0	0	nan	nan	nan	nan	nan	nan
9	U	0	241745	0	nan	4448	33	241745	0	41631	0	nan	9	0	41631	0	0	0	nan	0	0	0	nan	nan	nan	nan	nan	nan
10	U	0	500241	0	nan	9495	84	500241	0	85454	0	nan	18	0	85454	0	0	0	nan	0	0	0	nan	nan	nan	nan	nan	nan
11	C	0	1452203	0	nan	28322	235	1452203	0	247632	0	nan	55	0	247632	0	0	0	nan	0	0	0	nan	nan	nan	nan	nan	nan
12	U	0	1455248	0	nan	28359	235	1455248	0	247942	0	nan	55	0	247942	0	0	0	nan	0	0	0	nan	nan	nan	nan	nan	nan
13	G	0	1457858	0	nan	28384	235	1457858	0	248163	0	nan	55	0	248163	0	0	0	nan	0	0	0	nan	nan	nan	nan	nan	nan
14	G	0	1459132	0	nan	28392	235	1459132	0	248259	0	nan	55	0	248259	0	0	0	nan	0	0	0	nan	nan	nan	nan	nan	nan
15	A	0	1460068	0	nan	28395	235	1460068	0	248280	0	nan	55	0	248280	0	0	0	nan	0	0	0	nan	nan	nan	nan	nan	nan
16	U	0	1461073	0	nan	28398	235	1461073	0	248323	0	nan	55	0	248323	0	0	0	nan	0	0	0	nan	nan	nan	nan	nan	nan
17	U	0	1461955	0	nan	28398	235	1461955	0	248334	0	nan	55	0	248334	0	0	0	nan	0	0	0	nan	nan	nan	nan	nan	nan
18	C	0	1463112	0	nan	28401	235	1463112	0	248348	0	nan	55	0	248348	0	0	0	nan	0	0	0	nan	nan	nan	nan	nan	nan
19	G	0	1463689	0	nan	28402	235	1463689	0	248353	0	nan	55	0	248353	0	0	0	nan	0	0	0	nan	nan	nan	nan	nan	nan
20	A	0	1464244	0	nan	28402	235	1464244	0	248353	0	nan	55	0	248353	0	0	0	nan	0	0	0	nan	nan	nan	nan	nan	nan
21	C	0	1464452	0	nan	28402	235	1464452	0	248359	0	nan	55	0	248359	0	0	0	nan	0	0	0	nan	nan	nan	nan	nan	nan
22	G	0	1464461	0	nan	29015	235	1464460	0	248359	0	nan	55	0	248359	0	0	0	nan	0	0	0	nan	nan	nan	nan	nan	nan
23	G	0	1464472	0	nan	29473	235	1464468	0	248359	0	nan	55	0	248359	0	0	0	nan	0	0	0	nan	nan	nan	nan	nan	nan
24	G	0	1464479	0	nan	29886	235	1464474	0	248359	0	nan	55	0	248359	0	0	0	nan	0	0	0	nan	nan	nan	nan	nan	nan
25	A	0	1464490	0	nan	30405	235	1464484	0	248359	0	nan	55	0	248359	0	0	0	nan	0	0	0	nan	nan	nan	nan	nan	nan
26	U	0	1464497	0	nan	31062	236	1464489	0	248359	0	nan	56	0	248359	0	0	0	nan	0	0	0	nan	nan	nan	nan	nan	nan
27	U	0	1464502	0	nan	31476	238	1464492	0	248359	0	nan	56	0	248359	0	0	0	nan	0	0	0	nan	nan	nan	nan	nan	nan
28	U	0	1464510	0	nan	32062	238	1464496	0	248359	0	nan	56	0	248359	0	0	0	nan	0	0	0	nan	nan	nan	nan	nan	nan
29	G	0	1464518	0	nan	32593	238	1464502	0	248359	0	nan	56	0	248359	0	0	0	nan	0	0	0	nan	nan	nan	nan	nan	nan
30	C	0	1464528	0	nan	33186	239	1464509	0	248359	0	nan	56	0	248359	0	0	0	nan	0	0	0	nan	nan	nan	nan	nan	nan
31	G	1897	1464528	1233844	0.001537	33978	239	1464491	192	248359	241810	0.000794	56	0	248357	0	0	0	nan	0	0	0	0.000743	0.000067	0.000743	0.000067	0.013693	0.001235
32	A	64775	1464530	1182442	0.054781	34351	239	1464476	93	248358	240892	0.000386	56	0	248353	0	0	0	nan	0	0	0	0.054395	0.000219	0.054395	0.000219	1.002493	0.004036
33	A	144539	1464515	1162708	0.124312	34891	240	1464403	75	248356	241112	0.000311	56	0	248348	0	0	0	nan	0	0	0	0.124001	0.000329	0.124001	0.000329	2.285323	0.006063
34	A	113773	1464472	1154828	0.098519	35269	243	1464245	207	248349	242218	0.000855	56	0	248333	0	0	0	nan	0	0	0	0.097665	0.000298	0.097665	0.000298	1.799954	0.005492
35	C	36828	1464441	1167942	0.031532	36420	243	1464079	622	248335	242587	0.002564	56	0	248296	0	0	0	nan	0	0	0	0.028968	0.000194	0.028968	0.000194	0.533877	0.003575
36	C	2094	1464392	1210076	0.001730	37039	243	1463886	208	248323	242683	0.000857	56	0	248262	0	0	0	nan	0	0	0	0.000873	0.000070	0.000873	0.000070	0.016089	0.001290
37	C	5153	1464287	1196981	0.004305	37443	243	1463566	316	248302	242060	0.001305	56	0	248215	0	0	0	nan	0	0	0	0.003000	0.000095	0.003000	0.000095	0.055290	0.001751
38	A	82998	1464226	1187544	0.069890	37743	243	1463339	107	248294	241680	0.000443	56	0	248194	0	0	0	nan	0	0	0	0.069448	0.000246	0.069448	0.000246	1.279918	0.004534
39	A	358727	1464169	1328079	0.270110	38237	244	1463131	133	248277	241629	0.000550	56	0	248154	0	0	0	nan	0	0	0	0.269559	0.000453	0.269559	0.000453	4.967939	0.008349
40	G	8933	1464150	1388324	0.006434	38835	248	1462993	1536	248266	241054	0.006372	57	0	248132	0	0	0	nan	0	0	0	0.000062	0.000176	0.000062	0.000176	0.001143	0.003244
41	G	8000	1464055	1399891	0.005715	39004	249	1462657	1092	248252	242135	0.004510	57	0	248080	0	0	0	nan	0	0	0	0.001205	0.000151	0.001205	0.000151	0.022208	0.002783
42	U	2259	1463980	1396486	0.001618	39171	250	1462407	275	248243	241494	0.001139	57	0	248055	0	0	0	nan	0	0	0	0.000479	0.000077	0.000479	0.000077	0.008828	0.001419
43	G	6293	1463915	1404606	0.004480	39315	250	1462178	696	248235	242443	0.002871	57	0	248031	0	0	0	nan	0	0	0	0.001609	0.000123	0.001609	0.000123	0.029654	0.002267
44	C	1156	1463863	1394387	0.000829	39481	251	1461991	160	248230	241447	0.000663	57	0	248018	0	0	0	nan	0	0	0	0.000166	0.000058	0.000166	0.000058	0.003059	0.001069
45	A	23432	1463811	1418968	0.016513	39568	251	1461840	112	248224	242730	0.000461	57	0	248006	0	0	0	nan	0	0	0	0.016052	0.000116	0.016052	0.000116	0.295836	0.002138
46	U	2756	1463760	1420333	0.001940	39655	252	1461692	273	248218	242790	0.001124	57	0	247988	0	0	0	nan	0	0	0	0.000816	0.000077	0.000816	0.000077	0.015039	0.001419
47	G	10791	1463576	1414167	0.007631	39686	253	1461211	891	248194	242288	0.003677	57	0	247930	0	0	0	nan	0	0	0	0.003953	0.000143	0.003953	0.000143	0.072853	0.002635
48	C	3871	1463436	1405817	0.002754	39718	256	1460767	269	248165	241002	0.001116	57	0	247865	0	0	0	nan	0	0	0	0.001637	0.000081	0.001637	0.000081	0.030170	0.001493
49	C	2061	1463029	1404684	0.001467	39810	257	1460008	200	248098	241026	0.000830	58	0	247756	0	0	0	nan	0	0	0	0.000637	0.000067	0.000637	0.000067	0.011740	0.001235
50	G	5350	1462546	1391848	0.003844	39912	258	1459079	298	248026	239347	0.001245	58	0	247628	0	0	0	nan	0	0	0	0.002599	0.000089	0.002599	0.000089	0.047899	0.001640
51	A	3030	1462254	1387931	0.002183	39984	258	1458226	116	247969	239268	0.000485	58	0	247511	0	0	0	nan	0	0	0	0.001698	0.000060	0.001698	0.000060	0.031294	0.001106
52	G	14273	1462094	1375899	0.010374	40039	258	1457765	1559	247949	238031	0.006550	58	0	247466	0	0	0	nan	0	0	0	0.003824	0.000187	0.003824	0.000187	0.070476	0.003446
53	G	9075	1461980	1379794	0.006577	40092	261	1457447	1176	247929	239309	0.004914	58	0	247421	0	0	0	nan	0	0	0	0.001663	0.000159	0.001663	0.000159	0.030649	0.002930
54	G	4029	1461897	1377198	0.002926	40129	261	1457191	654	247911	239095	0.002735	58	0	247386	0	0	0	nan	0	0	0	0.000190	0.000116	0.000190	0.000116	0.003502	0.002138
55	G	10333	1461863	1382620	0.007473	40223	261	1457049	782	247897	240037	0.003258	60	0	247357	0	0	0	nan	0	0	0	0.004216	0.000138	0.004216	0.000138	0.077700	0.002543
56	C	13779	1461814	1393540	0.009888	40274	259	1456877	240	247883	241554	0.000994	60	0	247322	0	0	0	nan	0	0	0	0.008894	0.000106	0.008894	0.000106	0.163915	0.001954
57	G	9183	1461747	1389963	0.006607	40299	259	1456655	753	247876	242040	0.003111	60	0	247291	0	0	0	nan	0	0	0	0.003496	0.000133	0.003496	0.000133	0.064431	0.002451
58	G	10425	1461636	1363699	0.007645	40310	259	1456233	673	247857	238311	0.002824	60	0	247249	0	0	0	nan	0	0	0	0.004821	0.000132	0.004821	0.000132	0.088850	0.002433
59	U	23413	1461556	1345363	0.017403	40315	260	1455835	307	247831	236944	0.001296	60	0	247192	0	0	0	nan	0	0	0	0.016107	0.000136	0.016107	0.000136	0.296850	0.002506
60	U	51578	1461498	1357884	0.037984	40317	259	1455598	189	247822	235748	0.000802	59	0	247163	0	0	0	nan	0	0	0	0.037182	0.000177	0.037182	0.000177	0.685260	0.003262
61	G	27168	1461441	1362060	0.019946	40370	259	1455288	545	247816	237578	0.002294	59	0	247125	0	0	0	nan	0	0	0	0.017652	0.000156	0.017652	0.000156	0.325324	0.002875
62	G	19455	1461394	1366850	0.014233	40373	259	1455090	857	247812	238278	0.003597	58	0	247109	0	0	0	nan	0	0	0	0.010637	0.000160	0.010637	0.000160	0.196039	0.002949
63	C	3221	1461351	1374357	0.002344	40379	259	1454900	226	247825	239103	0.000945	58	0	247128	0	0	0	nan	0	0	0	0.001398	0.000075	0.001398	0.000075	0.025765	0.001382
64	C	3936	1461294	1383401	0.002845	40378	259	1454668	228	247812	239965	0.000950	58	0	247092	0	0	0	nan	0	0	0	0.001895	0.000078	0.001895	0.000078	0.034925	0.001438
65	U	7991	1461187	1388818	0.005754	40389	260	1454371	938	247804	241144	0.003890	56	0	247072	0	0	0	nan	0	0	0	0.001864	0.000142	0.001864	0.000142	0.034353	0.002617
66	C	3640	1461135	1389117	0.002620	40641	260	1454219	345	247802	241276	0.001430	57	0	247070	0	0	0	nan	0	0	0	0.001190	0.000088	0.001190	0.000088	0.021932	0.001622
67	G	13784	1460711	1390504	0.009913	40648	256	1453515	648	247712	241373	0.002685	57	0	246972	0	0	0	nan	0	0	0	0.007228	0.000135	0.007228	0.000135	0.133211	0.002488
68	U	69706	1459958	1369810	0.050887	40643	256	1452454	5536	247528	240786	0.022991	57	0	246776	0	0	0	nan	0	0	0	0.027896	0.000364	0.027896	0.000364	0.514120	0.006708
69	A	33444	1459054	1338195	0.024992	40715	256	1451089	258	247295	240398	0.001073	59	0	246525	0	0	0	nan	0	0	0	0.023919	0.000152	0.023919	0.000152	0.440824	0.002801
70	A	14352	1458430	1334207	0.010757	40799	256	1450102	100	247164	239833	0.000417	59	0	246359	0	0	0	nan	0	0	0	0.010340	0.000099	0.010340	0.000099	0.190565	0.001825
71	A	6420	1458258	1326677	0.004839	40827	256	1449675	48	247144	239632	0.000200	59	0	246314	0	0	0	nan	0	0	0	0.004639	0.000067	0.004639	0.000067	0.085496	0.001235
72	A	4243	1458170	1314020	0.003229	40839	256	1449367	78	247128	239712	0.000325	59	0	246283	0	0	0	nan	0	0	0	0.002904	0.000062	0.002904	0.000062	0.053520	0.001143
73	A	12775	1458057	1287236	0.009924	40841	255	1448880	70	247115	239016	0.000293	59	0	246245	0	0	0	nan	0	0	0	0.009631	0.000095	0.009631	0.000095	0.177498	0.001751
74	G	2661	1457843	1239056	0.002148	40847	255	1447698	845	247095	238563	0.003542	59	0	246170	0	0	0	nan	0	0	0	-0.001394	0.000129	-0.001394	0.000129	-0.025691	0.002377
75	C	3719	1457754	1186088	0.003136	40846	254	1447399	255	247073	237769	0.001072	59	0	246123	0	0	0	nan	0	0	0	0.002063	0.000085	0.002063	0.000085	0.038021	0.001567
76	C	5774	1457634	1162788	0.004966	41086	251	1446978	215	247048	238881	0.000900	63	0	246078	0	0	0	nan	0	0	0	0.004066	0.000090	0.004066	0.000090	0.074936	0.001659
77	G	38936	1457328	1103478	0.035285	41552	240	1446077	1289	246986	235810	0.005466	63	0	245939	0	0	0	nan	0	0	0	0.029819	0.000235	0.029819	0.000235	0.549560	0.004331
78	C	211066	1456943	989759	0.213250	41560	238	1445129	24156	246832	237599	0.101667	63	0	245630	0	0	0	nan	0	0	0	0.111583	0.000802	nan	nan	nan	nan
79	A	80010	1456700	851223	0.093994	42226	231	1444925	697	246778	235237	0.002963	64	0	245459	0	0	0	nan	0	0	0	0.091031	0.000351	0.091031	0.000351	1.677690	0.006469
80	A	113916	1456551	958853	0.118804	42443	230	1444467	757	246735	234730	0.003225	64	0	245365	0	0	0	nan	0	0	0	0.115579	0.000371	0.115579	0.000371	2.130107	0.006837
81	A	31374	1456457	1007234	0.031149	42724	230	1444167	91	246728	235060	0.000387	64	0	245336	0	0	0	nan	0	0	0	0.030762	0.000180	0.030762	0.000180	0.566940	0.003317
82	A	16190	1456377	1016032	0.015935	42867	230	1443874	59	246719	235550	0.000250	64	0	245321	0	0	0	nan	0	0	0	0.015684	0.000129	0.015684	0.000129	0.289054	0.002377
83	A	47826	1456269	999028	0.047873	42987	225	1443480	71	246710	236242	0.000301	64	0	245284	0	0	0	nan	0	0	0	0.047572	0.000222	0.047572	0.000222	0.876746	0.004091
84	A	112240	1456154	1060559	0.105831	43168	222	1442911	97	246698	237435	0.000409	64	0	245238	0	0	0	nan	0	0	0	0.105422	0.000319	0.105422	0.000319	1.942914	0.005879
85	U	37687	1456029	1066275	0.035345	43285	217	1441581	222	246687	238495	0.000931	64	0	245191	0	0	0	nan	0	0	0	0.034414	0.000192	0.034414	0.000192	0.634246	0.003539
86	A	108954	1455975	1043316	0.104430	43310	216	1441233	112	246675	240480	0.000466	64	0	245149	0	0	0	nan	0	0	0	0.103965	0.000319	0.103965	0.000319	1.916062	0.005879
87	G	2671	1455771	1061662	0.002516	43556	211	1437793	148	246663	240996	0.000614	65	0	245104	0	0	0	nan	0	0	0	0.001902	0.000070	0.001902	0.000070	0.035054	0.001290
88	U	2571	1455730	1030464	0.002495	43568	209	1437443	710	246656	240127	0.002957	65	0	245062	0	0	0	nan	0	0	0	-0.000462	0.000121	-0.000462	0.000121	-0.008515	0.002230
89	C	3454	1455683	997352	0.003463	43681	209	1437063	311	246645	239216	0.001300	65	0	245029	0	0	0	nan	0	0	0	0.002163	0.000094	0.002163	0.000094	0.039864	0.001732
90	G	22244	1455624	969105	0.022953	43735	206	1436693	1301	246628	238467	0.005456	65	0	244992	0	0	0	nan	0	0	0	0.017497	0.000216	0.017497	0.000216	0.322468	0.003981
91	C	168193	1455550	861826	0.195159	43742	205	1436306	635	246619	238278	0.002665	65	0	244978	0	0	0	nan	0	0	0	0.192494	0.000487	0.192494	0.000487	3.547640	0.008975
92	A	104984	1455465	820174	0.128002	43997	190	1435874	116	246612	238685	0.000486	65	0	244960	0	0	0	nan	0	0	0	0.127516	0.000398	0.127516	0.000398	2.350104	0.007335
93	A	187186	1455388	963681	0.194241	44050	190	1435499	105	246602	239194	0.000439	65	0	244928	0	0	0	nan	0	0	0	0.193802	0.000451	0.193802	0.000451	3.571747	0.008312
94	A	131045	1455346	1048768	0.124951	44316	190	1435270	115	246591	239482	0.000480	65	0	244887	0	0	0	nan	0	0	0	0.124471	0.000348	0.124471	0.000348	2.293985	0.006414
95	C	66177	1455313	1085099	0.060987	45485	189	1435071	144	246584	239251	0.000602	65	0	244847	0	0	0	nan	0	0	0	0.060385	0.000242	0.060385	0.000242	1.112888	0.004460
96	G	18177	1455257	1096724	0.016574	45709	189	1434929	416	246564	237312	0.001753	65	0	244787	0	0	0	nan	0	0	0	0.014821	0.000150	0.014821	0.000150	0.273149	0.002764
97	A	9168	1455197	1101360	0.008324	45764	189	1434738	110	246550	237021	0.000464	65	0	244741	0	0	0	nan	0	0	0	0.007860	0.000098	0.007860	0.000098	0.144859	0.001806
98	C	3963	1455168	1096580	0.003614	47295	183	1434596	122	246540	237019	0.000515	64	0	244707	0	0	0	nan	0	0	0	0.003099	0.000074	0.003099	0.000074	0.057114	0.001364
99	G	32707	1455085	948809	0.034472	47324	183	1434328	736	246523	236888	0.003107	64	0	244654	0	0	0	nan	0	0	0	0.031365	0.000222	0.031365	0.000222	0.578053	0.004091
100	A	21373	1455057	913566	0.023395	47974	184	1434499	188	246514	236090	0.000796	64	0	244623	0	0	0	nan	0	0	0	0.022599	0.000170	0.022599	0.000170	0.416497	0.003133
101	A	78566	1454999	898468	0.087444	48255	184	1434263	101	246506	235212	0.000429	64	0	244605	0	0	0	nan	0	0	0	0.087015	0.000315	0.087015	0.000315	1.603676	0.005805
102	A	28122	1454949	897347	0.031339	48343	184	1434031	72	246499	236304	0.000305	64	0	244575	0	0	0	nan	0	0	0	0.031034	0.000190	0.031034	0.000190	0.571953	0.003502
103	A	107378	1454910	893868	0.120127	48378	183	1433760	112	246494	237367	0.000472	64	0	244555	0	0	0	nan	0	0	0	0.119656	0.000369	0.119656	0.000369	2.205245	0.006801
104	C	189939	1454867	930330	0.204163	48508	179	1433248	108	246486	239028	0.000452	63	0	244528	0	0	0	nan	0	0	0	0.203711	0.000470	0.203711	0.000470	3.754368	0.008662
105	U	55159	1454842	1016803	0.054247	48695	178	1433076	158	246480	238833	0.000662	63	0	244493	0	0	0	nan	0	0	0	0.053586	0.000237	0.053586	0.000237	0.987583	0.004368
106	A	168567	1454793	1121631	0.150287	48736	178	1432799	108	246471	238623	0.000453	63	0	244454	0	0	0	nan	0	0	0	0.149835	0.000369	0.149835	0.000369	2.761440	0.006801
107	C	206582	1454776	1281817	0.161163	49083	174	1432658	117	246463	237690	0.000492	63	0	244425	0	0	0	nan	0	0	0	0.160671	0.000357	0.160671	0.000357	2.961147	0.006579
108	G	19824	1454761	1333707	0.014864	49642	172	1432635	716	246452	237643	0.003013	63	0	244400	0	0	0	nan	0	0	0	0.011851	0.000154	0.011851	0.000154	0.218412	0.002838
109	C	5758	1454748	1330773	0.004327	49710	172	1432559	397	246449	235772	0.001684	63	0	244381	0	0	0	nan	0	0	0	0.002643	0.000102	0.002643	0.000102	0.048710	0.001880
110	U	8545	1454711	1333136	0.006410	49727	170	1432424	773	246443	236195	0.003273	63	0	244356	0	0	0	nan	0	0	0	0.003137	0.000137	0.003137	0.000137	0.057815	0.002525
111	U	6043	1454685	1337787	0.004517	49735	169	1432283	193	246434	236868	0.000815	63	0	244325	0	0	0	nan	0	0	0	0.003702	0.000083	0.003702	0.000083	0.068227	0.001530
112	U	6101	1454645	1335292	0.004569	49736	169	1432073	192	246422	238202	0.000806	63	0	244298	0	0	0	nan	0	0	0	0.003763	0.000082	0.003763	0.000082	0.069352	0.001511
113	A	44954	1454572	1351805	0.033255	49748	169	1431764	114	246410	237408	0.000480	63	0	244251	0	0	0	nan	0	0	0	0.032775	0.000163	0.032775	0.000163	0.604039	0.003004
114	G	9775	1454539	1350293	0.007239	49801	167	1431478	650	246398	236909	0.002744	63	0	244197	0	0	0	nan	0	0	0	0.004496	0.000130	0.004496	0.000130	0.082861	0.002396
115	C	4859	1454493	1339206	0.003628	49803	167	1431168	242	246386	236373	0.001024	63	0	244145	0	0	0	nan	0	0	0	0.002604	0.000084	0.002604	0.000084	0.047991	0.001548
116	A	3534	1454414	1327271	0.002663	49804	161	1430739	102	246377	236874	0.000431	63	0	244106	0	0	0	nan	0	0	0	0.002232	0.000062	0.002232	0.000062	0.041135	0.001143
117	G	10528	1454364	1317005	0.007994	49823	159	1430407	693	246369	236748	0.002927	63	0	244059	0	0	0	nan	0	0	0	0.005067	0.000136	0.005067	0.000136	0.093384	0.002506
118	C	28230	1454311	1276355	0.022118	49827	157	1430149	288	246363	236089	0.001220	63	0	244016	0	0	0	nan	0	0	0	0.020898	0.000150	0.020898	0.000150	0.385148	0.002764
119	U	9868	1454253	1141948	0.008641	49808	154	1429866	299	246357	235313	0.001271	63	0	243996	0	0	0	nan	0	0	0	0.007371	0.000114	0.007371	0.000114	0.135847	0.002101
120	U	2250	1454214	992464	0.002267	49802	151	1429658	296	246353	233667	0.001267	59	0	243979	0	0	0	nan	0	0	0	0.001000	0.000088	0.001000	0.000088	0.018430	0.001622
121	A	68411	1454153	857446	0.079785	49811	146	1429457	107	246349	234375	0.000457	59	0	243963	0	0	0	nan	0	0	0	0.079328	0.000308	0.079328	0.000308	1.462005	0.005676
122	A	55974	1454116	856087	0.065384	49840	145	1429221	112	246347	235931	0.000475	59	0	243957	0	0	0	nan	0	0	0	0.064909	0.000280	0.064909	0.000280	1.196265	0.005160
123	U	15577	1454079	800307	0.019464	49853	132	1428939	120	246345	236881	0.000507	58	0	243948	0	0	0	nan	0	0	0	0.018957	0.000163	0.018957	0.000163	0.349375	0.003004
124	A	138700	1454041	790730	0.175408	49870	124	1428790	87	246344	237856	0.000366	58	0	243936	0	0	0	nan	0	0	0	0.175042	0.000473	0.175042	0.000473	3.226002	0.008717
125	A	144925	1454014	867587	0.167044	49878	123	1428635	122	246337	237137	0.000514	58	0	243917	0	0	0	nan	0	0	0	0.166529	0.000441	0.166529	0.000441	3.069109	0.008128
126	C	406967	1453987	1127704	0.360881	49930	108	1428452	110	246333	237412	0.000463	58	0	243903	0	0	0	nan	0	0	0	0.360418	0.000567	0.360418	0.000567	6.642459	0.010450
127	C	3538	1453981	1296272	0.002729	49997	104	1428532	259	246327	237674	0.001090	58	0	243884	0	0	0	nan	0	0	0	0.001640	0.000082	0.001640	0.000082	0.030225	0.001511
128	U	2354	1453961	1296208	0.001816	49998	102	1428390	295	246319	237306	0.001243	57	0	243855	0	0	0	nan	0	0	0	0.000573	0.000081	0.000573	0.000081	0.010560	0.001493
129	G	12476	1453935	1305296	0.009558	49996	92	1428367	1062	246316	237471	0.004472	57	0	243834	0	0	0	nan	0	0	0	0.005086	0.000162	0.005086	0.000162	0.093734	0.002986
130	C	8420	1453907	1309622	0.006429	50108	92	1428384	1615	246308	237126	0.006811	57	0	243798	0	0	0	nan	0	0	0	-0.000381	0.000183	-0.000381	0.000183	-0.007022	0.003373
131	U	14514	1453856	1317769	0.011014	50117	91	1428171	281	246297	237633	0.001182	57	0	243763	0	0	0	nan	0	0	0	0.009832	0.000115	0.009832	0.000115	0.181203	0.002119
132	U	23746	1453706	1324438	0.017929	50120	91	1427810	130	246291	238106	0.000546	57	0	243711	0	0	0	nan	0	0	0	0.017383	0.000126	0.017383	0.000126	0.320367	0.002322
133	A	57524	1453578	1316132	0.043707	50121	90	1427466	153	246276	236084	0.000648	57	0	243653	0	0	0	nan	0	0	0	0.043059	0.000190	0.043059	0.000190	0.793572	0.003502
134	G	16129	1453503	1321725	0.012203	50127	89	1427104	384	246259	235380	0.001631	57	0	243571	0	0	0	nan	0	0	0	0.010572	0.000127	0.010572	0.000127	0.194841	0.002341
135	A	19813	1453444	1317389	0.015040	50144	88	1426818	109	246249	233867	0.000466	57	0	243524	0	0	0	nan	0	0	0	0.014574	0.000116	0.014574	0.000116	0.268597	0.002138
136	G	13930	1453395	1321936	0.010538	50146	88	1426604	1130	246239	234501	0.004819	57	0	243476	0	0	0	nan	0	0	0	0.005719	0.000169	0.005719	0.000169	0.105400	0.003115
137	C	26096	1453339	1322051	0.019739	50143	88	1426433	5233	246234	233822	0.022380	57	0	243449	0	0	0	nan	0	0	0	-0.002641	0.000333	-0.002641	0.000333	-0.048673	0.006137
138	C	28181	1453269	1331668	0.021162	50148	87	1426112	1046	246223	234685	0.004457	57	0	243397	0	0	0	nan	0	0	0	0.016705	0.000187	0.016705	0.000187	0.307871	0.003446
139	C	4051	1453233	1331289	0.003043	50138	87	1425878	677	246211	234895	0.002882	57	0	243347	0	0	0	nan	0	0	0	0.000161	0.000121	0.000161	0.000121	0.002967	0.002230
140	U	20525	1453183	1337950	0.015341	50075	87	1425495	2559	246205	236705	0.010811	56	0	243308	0	0	0	nan	0	0	0	0.004530	0.000239	0.004530	0.000239	0.083487	0.004405
141	C	2104	1453141	1324917	0.001588	46489	87	1425287	236	246201	235525	0.001002	40	0	243284	0	0	0	nan	0	0	0	0.000586	0.000074	0.000586	0.000074	0.010800	0.001364
142	U	11156	1453094	1325494	0.008416	46485	87	1425108	1246	246192	236197	0.005275	40	0	243247	0	0	0	nan	0	0	0	0.003141	0.000169	0.003141	0.000169	0.057888	0.003115
143	C	2887	1453070	1310296	0.002203	46483	85	1425124	216	246189	235134	0.000919	40	0	243235	0	0	0	nan	0	0	0	0.001285	0.000075	0.001285	0.000075	0.023682	0.001382
144	U	15221	1453058	1294527	0.011758	46483	85	1425099	1747	246186	236399	0.007390	40	0	243229	0	0	0	nan	0	0	0	0.004368	0.000201	0.004368	0.000201	0.080502	0.003704
145	C	5785	1453063	1282340	0.004511	46482	85	1425320	730	246184	236025	0.003093	40	0	243226	0	0	0	nan	0	0	0	0.001418	0.000129	0.001418	0.000129	0.026134	0.002377
146	C	2681	1453056	1280903	0.002093	46477	85	1425403	338	246183	237162	0.001425	40	0	243208	0	0	0	nan	0	0	0	0.000668	0.000087	0.000668	0.000087	0.012311	0.001603
147	C	3686	1453028	1267668	0.002908	46478	85	1425403	430	246179	237465	0.001811	39	0	243221	0	0	0	nan	0	0	0	0.001097	0.000100	0.001097	0.000100	0.020218	0.001843
148	U	2387	1452973	1189407	0.002007	44983	85	1425005	406	246177	237022	0.001713	31	0	243210	0	0	0	nan	0	0	0	0.000294	0.000094	0.000294	0.000094	0.005418	0.001732
149	A	262012	1452923	1235989	0.211986	45117	86	1424736	94	246169	235573	0.000399	29	0	243191	0	0	0	nan	0	0	0	0.211587	0.000416	0.211587	0.000416	3.899522	0.007667
150	G	21524	1452934	1239990	0.017358	45256	86	1424864	748	246166	235669	0.003174	29	0	243187	0	0	0	nan	0	0	0	0.014184	0.000166	0.014184	0.000166	0.261409	0.003059
151	C	8387	1452916	1239171	0.006768	45260	86	1424811	304	246162	236223	0.001287	29	0	243184	0	0	0	nan	0	0	0	0.005481	0.000104	0.005481	0.000104	0.101014	0.001917
152	C	5676	1452874	1238664	0.004582	45148	86	1424743	146	246161	236405	0.000618	29	0	243161	0	0	0	nan	0	0	0	0.003965	0.000079	0.003965	0.000079	0.073074	0.001456
153	U	15668	1452855	1231826	0.012719	45143	86	1424673	1771	246157	236509	0.007488	29	0	243145	0	0	0	nan	0	0	0	0.005231	0.000205	0.005231	0.000205	0.096407	0.003778
154	C	65564	1452783	1233734	0.053143	45159	86	1424466	371	246156	236656	0.001568	29	0	243131	0	0	0	nan	0	0	0	0.051575	0.000223	0.051575	0.000223	0.950521	0.004110
155	C	91794	1452737	1287876	0.071275	45160	86	1424282	305	246148	237862	0.001282	29	0	243091	0	0	0	nan	0	0	0	0.069993	0.000246	0.069993	0.000246	1.289962	0.004534
156	G	9847	1452677	1288997	0.007639	45065	86	1424057	985	246130	238457	0.004131	29	0	243054	0	0	0	nan	0	0	0	0.003509	0.000152	0.003509	0.000152	0.064670	0.002801
157	C	9163	1452601	1262586	0.007257	44847	86	1423636	238	246114	234286	0.001016	27	0	243012	0	0	0	nan	0	0	0	0.006241	0.000100	0.006241	0.000100	0.115021	0.001843
158	U	7062	1452494	1259829	0.005606	44699	86	1423161	979	246101	234279	0.004179	27	0	242947	0	0	0	nan	0	0	0	0.001427	0.000149	0.001427	0.000149	0.026299	0.002746
159	C	9062	1452468	1248872	0.007256	44653	86	1423106	335	246095	232788	0.001439	27	0	242939	0	0	0	nan	0	0	0	0.005817	0.000110	0.005817	0.000110	0.107207	0.002027
160	U	1721	1452380	1254807	0.001372	44551	86	1422700	250	246089	235285	0.001063	27	0	242911	0	0	0	nan	0	0	0	0.000309	0.000075	0.000309	0.000075	0.005695	0.001382
161	U	996	1452202	1236262	0.000806	44512	86	1422225	108	246066	235189	0.000459	26	0	242840	0	0	0	nan	0	0	0	0.000346	0.000051	0.000346	0.000051	0.006377	0.000940
162	A	22880	1452077	1220948	0.018740	44425	86	1422048	128	246048	236592	0.000541	25	0	242827	0	0	0	nan	0	0	0	0.018199	0.000133	0.018199	0.000133	0.335405	0.002451
163	G	6768	1451951	1201353	0.005634	44338	86	1421739	517	246036	236151	0.002189	25	0	242804	0	0	0	nan	0	0	0	0.003444	0.000118	0.003444	0.000118	0.063472	0.002175
164	G	4210	1451841	1179339	0.003570	44376	86	1421389	331	246021	235871	0.001403	25	0	242758	0	0	0	nan	0	0	0	0.002166	0.000095	0.002166	0.000095	0.039919	0.001751
165	A	138410	1451701	1156525	0.119677	44323	86	1420878	141	246004	236075	0.000597	25	0	242715	0	0	0	nan	0	0	0	0.119080	0.000326	0.119080	0.000326	2.194630	0.006008
166	C	120120	1451641	1169368	0.102722	44441	86	1420824	140	245995	236592	0.000592	24	0	242679	0	0	0	nan	0	0	0	0.102130	0.000301	0.102130	0.000301	1.882243	0.005547
167	G	9741	1451521	1178486	0.008266	44704	86	1420662	1603	245973	236601	0.006775	24	0	242615	0	0	0	nan	0	0	0	0.001491	0.000189	0.001491	0.000189	0.027479	0.003483
168	G	6397	1451418	1174853	0.005445	44735	86	1420220	1577	245948	236043	0.006681	24	0	242517	0	0	0	nan	0	0	0	-0.001236	0.000181	-0.001236	0.000181	-0.022779	0.003336
169	G	2949	1451335	1190729	0.002477	44746	86	1419872	683	245929	236029	0.002894	24	0	242463	0	0	0	nan	0	0	0	-0.000417	0.000120	-0.000417	0.000120	-0.007685	0.002212
170	G	2724	1451246	1158401	0.002352	44750	86	1419526	455	245919	235645	0.001931	24	0	242429	0	0	0	nan	0	0	0	0.000421	0.000101	0.000421	0.000101	0.007759	0.001861
171	A	109178	1451156	1177966	0.092683	44740	83	1419021	169	245910	234491	0.000721	24	0	242392	0	0	0	nan	0	0	0	0.091963	0.000286	0.091963	0.000286	1.694867	0.005271
172	U	11676	1451130	1183519	0.009865	44816	84	1419024	550	245907	234573	0.002345	23	0	242368	0	0	0	nan	0	0	0	0.007521	0.000135	0.007521	0.000135	0.138611	0.002488
173	C	236656	1451049	1128574	0.209695	44860	83	1418782	195	245905	235121	0.000829	23	0	242364	0	0	0	nan	0	0	0	0.208865	0.000435	0.208865	0.000435	3.849356	0.008017
174	A	222110	1450981	1222946	0.181619	45015	85	1418673	129	245896	237137	0.000544	23	0	242340	0	0	0	nan	0	0	0	0.181075	0.000388	0.181075	0.000388	3.337190	0.007151
175	A	61271	1450903	1263965	0.048475	45195	86	1418545	153	245885	237491	0.000644	23	0	242306	0	0	0	nan	0	0	0	0.047831	0.000203	0.047831	0.000203	0.881519	0.003741
176	G	15704	1450856	1271731	0.012349	45488	88	1418381	371	245875	237129	0.001565	23	0	242279	0	0	0	nan	0	0	0	0.010784	0.000128	0.010784	0.000128	0.198748	0.002359
177	A	18959	1450744	1280877	0.014802	45513	89	1418040	168	245867	236876	0.000709	23	0	242245	0	0	0	nan	0	0	0	0.014092	0.000121	0.014092	0.000121	0.259714	0.002230
178	G	4523	1450695	1280655	0.003532	45586	90	1417914	232	245863	236723	0.000980	23	0	242213	0	0	0	nan	0	0	0	0.002552	0.000083	0.002552	0.000083	0.047033	0.001530
179	A	10514	1450649	1286314	0.008174	45858	96	1417813	152	245849	237117	0.000641	23	0	242169	0	0	0	nan	0	0	0	0.007533	0.000095	0.007533	0.000095	0.138832	0.001751
180	G	12704	1450606	1284593	0.009890	46091	103	1417792	1151	245840	236603	0.004865	23	0	242141	0	0	0	nan	0	0	0	0.005025	0.000168	0.005025	0.000168	0.092610	0.003096
181	G	5556	1450580	1280036	0.004341	47839	133	1417827	585	245826	235088	0.002488	23	0	242100	0	0	0	nan	0	0	0	0.001852	0.000118	0.001852	0.000118	0.034132	0.002175
182	U	8741	1450583	1259401	0.006941	49710	156	1417883	830	245825	233875	0.003549	23	0	242102	0	0	0	nan	0	0	0	0.003392	0.000144	0.003392	0.000144	0.062514	0.002654
183	C	31969	1450582	1092275	0.029268	51397	194	1417917	552	245819	234473	0.002354	22	0	242095	0	0	0	nan	0	0	0	0.026914	0.000192	0.026914	0.000192	0.496022	0.003539
184	A	25596	1450747	1025769	0.024953	63895	279	1418437	107	245812	235441	0.000454	23	0	242103	0	0	0	nan	0	0	0	0.024499	0.000162	0.024499	0.000162	0.451514	0.002986
185	A	66715	1450676	1014022	0.065792	64332	282	1418383	71	245810	237455	0.000299	23	0	242119	0	0	0	nan	0	0	0	0.065493	0.000257	0.065493	0.000257	1.207028	0.004736
186	A	127034	1450643	1010932	0.125660	65382	286	1418383	262	245799	237417	0.001104	22	0	242109	0	0	0	nan	0	0	0	0.124557	0.000359	0.124557	0.000359	2.295570	0.006616
187	C	190841	1450640	995492	0.191705	69189	321	1419048	503	245791	237102	0.002121	22	0	242090	0	0	0	nan	0	0	0	0.189584	0.000449	0.189584	0.000449	3.494010	0.008275
188	C	229407	1450597	1140351	0.201172	69794	322	1419090	290	245770	237032	0.001223	22	0	242048	0	0	0	nan	0	0	0	0.199949	0.000426	0.199949	0.000426	3.685035	0.007851
189	C	212865	1450514	1271916	0.167358	73215	334	1419139	3712	245752	236779	0.015677	22	0	242017	0	0	0	nan	0	0	0	0.151681	0.000445	0.151681	0.000445	2.795462	0.008201
190	A	24628	1450427	1291300	0.019072	75050	353	1419998	235	245728	236160	0.000995	23	0	241921	0	0	0	nan	0	0	0	0.018077	0.000138	0.018077	0.000138	0.333157	0.002543
191	A	38974	1450301	1321089	0.029501	75250	353	1419850	111	245701	235378	0.000472	22	0	241833	0	0	0	nan	0	0	0	0.029030	0.000156	0.029030	0.000156	0.535019	0.002875
192	A	8188	1450224	1324703	0.006181	75891	354	1419739	52	245681	234797	0.000221	22	0	241775	0	0	0	nan	0	0	0	0.005960	0.000075	0.005960	0.000075	0.109842	0.001382
193	A	14808	1450150	1330407	0.011130	76038	355	1419594	161	245667	234897	0.000685	22	0	241729	0	0	0	nan	0	0	0	0.010445	0.000106	0.010445	0.000106	0.192500	0.001954
194	G	14257	1450082	1322663	0.010779	76148	355	1419458	349	245652	233670	0.001494	22	0	241694	0	0	0	nan	0	0	0	0.009285	0.000121	0.009285	0.000121	0.171121	0.002230
195	A	23103	1450036	1330331	0.017366	76165	355	1419362	235	245640	233903	0.001005	22	0	241679	0	0	0	nan	0	0	0	0.016362	0.000132	0.016362	0.000132	0.301550	0.002433
196	G	3962	1450005	1328535	0.002982	76204	356	1419499	240	245642	233943	0.001026	22	0	241710	0	0	0	nan	0	0	0	0.001956	0.000081	0.001956	0.000081	0.036049	0.001493
197	A	32027	1449972	1341510	0.023874	76199	356	1419570	115	245634	235412	0.000489	21	0	241721	0	0	0	nan	0	0	0	0.023385	0.000141	0.023385	0.000141	0.430983	0.002599
198	U	5711	1449966	1342422	0.004254	76203	356	1419819	363	245623	235916	0.001539	21	0	241748	0	0	0	nan	0	0	0	0.002716	0.000098	0.002716	0.000098	0.050056	0.001806
199	C	17107	1449955	1337880	0.012787	76206	356	1420318	241	245617	236086	0.001021	21	0	241792	0	0	0	nan	0	0	0	0.011766	0.000118	0.011766	0.000118	0.216846	0.002175
200	G	8786	1449945	1333252	0.006590	76228	356	1420976	929	245618	236827	0.003923	21	0	241873	0	0	0	nan	0	0	0	0.002667	0.000147	0.002667	0.000147	0.049152	0.002709
201	C	2834	1449907	1309104	0.002165	76229	356	1421210	206	245607	237046	0.000869	21	0	241886	0	0	0	nan	0	0	0	0.001296	0.000073	0.001296	0.000073	0.023885	0.001345
202	G	2978	1449876	1299325	0.002292	76220	356	1421454	228	245602	236732	0.000963	21	0	241921	0	0	0	nan	0	0	0	0.001329	0.000076	0.001329	0.000076	0.024493	0.001401
203	U	3697	1449819	1186341	0.003116	76219	355	1421468	372	245596	236817	0.001571	21	0	241932	0	0	0	nan	0	0	0	0.001545	0.000096	0.001545	0.000096	0.028474	0.001769
204	G	9595	1449742	1120966	0.008560	76205	355	1421425	572	245584	236519	0.002418	21	0	241938	0	0	0	nan	0	0	0	0.006141	0.000134	0.006141	0.000134	0.113178	0.002470
205	G	14651	1449668	1074818	0.013631	76187	355	1421332	241	245568	236272	0.001020	21	0	241931	0	0	0	nan	0	0	0	0.012611	0.000130	0.012611	0.000130	0.232419	0.002396
206	A	352607	1449623	1129143	0.312278	76298	359	1421212	159	245556	236221	0.000673	20	0	241909	0	0	0	nan	0	0	0	0.311605	0.000529	0.311605	0.000529	5.742841	0.009749
207	A	54240	1449610	1255645	0.043197	76306	359	1421613	82	245540	236190	0.000347	20	0	241875	0	0	0	nan	0	0	0	0.042850	0.000189	0.042850	0.000189	0.789720	0.003483
208	G	17206	1449590	1259946	0.013656	76300	359	1421810	761	245529	235694	0.003229	20	0	241861	0	0	0	nan	0	0	0	0.010427	0.000157	0.010427	0.000157	0.192168	0.002893
209	C	6421	1449578	1264293	0.005079	76299	359	1421934	656	245519	234630	0.002796	20	0	241851	0	0	0	nan	0	0	0	0.002283	0.000126	0.002283	0.000126	0.042075	0.002322
210	C	3430	1449554	1265869	0.002710	76293	360	1422150	610	245508	234621	0.002600	20	0	241843	0	0	0	nan	0	0	0	0.000110	0.000115	0.000110	0.000115	0.002027	0.002119
211	C	10362	1449555	1274001	0.008133	76297	360	1422587	1045	245505	235617	0.004435	20	0	241910	0	0	0	nan	0	0	0	0.003698	0.000159	0.003698	0.000159	0.068154	0.002930
212	U	29580	1449533	1289589	0.022938	76312	360	1423082	614	245499	236666	0.002594	20	0	241980	0	0	0	nan	0	0	0	0.020343	0.000170	0.020343	0.000170	0.374919	0.003133
213	G	13485	1449512	1290853	0.010447	76330	365	1423426	915	245487	236585	0.003868	20	0	242018	0	0	0	nan	0	0	0	0.006579	0.000156	0.006579	0.000156	0.121250	0.002875
214	C	3938	1449487	1289649	0.003054	76334	365	1423786	357	245487	236477	0.001510	20	0	242082	0	0	0	nan	0	0	0	0.001544	0.000094	0.001544	0.000094	0.028456	0.001732
215	C	1157	1449450	1285262	0.000900	76333	365	1424119	191	245482	236670	0.000807	20	0	242157	0	0	0	nan	0	0	0	0.000093	0.000064	0.000093	0.000064	0.001714	0.001180
216	U	2298	1449352	1268565	0.001811	76336	366	1424288	232	245472	237115	0.000978	20	0	242202	0	0	0	nan	0	0	0	0.000833	0.000075	0.000833	0.000075	0.015352	0.001382
217	G	38084	1449317	1266210	0.030077	76357	367	1424635	1636	245470	237496	0.006889	21	0	242240	0	0	0	nan	0	0	0	0.023189	0.000230	0.023189	0.000230	0.427370	0.004239
218	G	5759	1449251	1257611	0.004579	76378	367	1424785	1139	245461	237799	0.004790	21	0	242258	0	0	0	nan	0	0	0	-0.000210	0.000154	-0.000210	0.000154	-0.003870	0.002838
219	G	4276	1449196	1235145	0.003462	76561	370	1424930	855	245443	237611	0.003598	21	0	242279	0	0	0	nan	0	0	0	-0.000136	0.000134	-0.000136	0.000134	-0.002506	0.002470
220	G	9102	1449124	1209536	0.007525	76629	381	1424893	1779	245438	237739	0.007483	21	0	242285	0	0	0	nan	0	0	0	0.000042	0.000194	0.000042	0.000194	0.000774	0.003575
221	U	2576	1449046	1199419	0.002148	77004	452	1424775	323	245421	237550	0.001360	21	0	242270	0	0	0	nan	0	0	0	0.000788	0.000087	0.000788	0.000087	0.014523	0.001603
222	U	1650	1448993	1190800	0.001386	77044	454	1424692	237	245411	237578	0.000998	21	0	242248	0	0	0	nan	0	0	0	0.000388	0.000073	0.000388	0.000073	0.007151	0.001345
223	G	3105	1448933	1077433	0.002882	77062	458	1424492	250	245403	237412	0.001053	21	0	242234	0	0	0	nan	0	0	0	0.001829	0.000084	0.001829	0.000084	0.033708	0.001548
224	A	457530	1448899	989199	0.462526	78256	519	1424341	156	245393	236762	0.000659	21	1	242207	0	0	0	nan	0	0	0	0.461867	0.000686	0.461867	0.000686	8.512151	0.012643
225	A	266106	1448914	1165526	0.228314	80577	1321	1424566	109	245385	236807	0.000460	21	1	242187	0	0	0	nan	0	0	0	0.227854	0.000445	0.227854	0.000445	4.199321	0.008201
226	G	6379	1448942	1182260	0.005396	83547	1646	1425296	474	245377	236761	0.002002	24	1	242187	0	0	0	nan	0	0	0	0.003394	0.000114	0.003394	0.000114	0.062551	0.002101
227	C	4053	1448931	1189020	0.003409	84531	1685	1425410	418	245372	236892	0.001765	24	1	242192	0	0	0	nan	0	0	0	0.001644	0.000102	0.001644	0.000102	0.030299	0.001880
228	G	195554	1448908	1303496	0.150023	84551	1686	1425517	41844	245369	238005	0.175811	24	1	242217	0	0	0	nan	0	0	0	-0.025789	0.000924	nan	nan	nan	nan
229	U	2399	1448898	1313908	0.001826	86442	2142	1426003	284	245364	238237	0.001192	24	1	242276	0	0	0	nan	0	0	0	0.000634	0.000080	0.000634	0.000080	0.011685	0.001474
230	U	7384	1448855	1279527	0.005771	86503	2153	1426139	332	245362	238412	0.001393	24	1	242286	0	0	0	nan	0	0	0	0.004378	0.000102	0.004378	0.000102	0.080686	0.001880
231	A	28993	1448832	1246017	0.023269	88567	2701	1426380	147	245350	238153	0.000617	24	1	242298	0	0	0	nan	0	0	0	0.022651	0.000146	0.022651	0.000146	0.417455	0.002691
232	A	26182	1448824	1258362	0.020806	88746	2758	1426461	84	245341	237877	0.000353	24	1	242300	0	0	0	nan	0	0	0	0.020453	0.000134	0.020453	0.000134	0.376946	0.002470
233	A	9538	1448800	1257969	0.007582	88838	2794	1426508	45	245335	237148	0.000190	24	1	242294	0	0	0	nan	0	0	0	0.007392	0.000083	0.007392	0.000083	0.136234	0.001530
234	A	143922	1448770	1283481	0.112134	88878	2801	1426473	129	245331	237351	0.000543	24	1	242292	0	0	0	nan	0	0	0	0.111591	0.000299	0.111591	0.000299	2.056608	0.005511
235	C	188328	1448758	1285578	0.146493	89531	3009	1426610	189	245329	237491	0.000796	24	1	242317	0	0	0	nan	0	0	0	0.145697	0.000342	0.145697	0.000342	2.685178	0.006303
236	U	34136	1448742	1296843	0.026322	89695	3076	1426713	206	245323	238349	0.000864	24	1	242336	0	0	0	nan	0	0	0	0.025458	0.000155	0.025458	0.000155	0.469188	0.002857
237	U	34671	1448732	1278425	0.027120	89736	3090	1426824	278	245322	238054	0.001168	24	1	242365	0	0	0	nan	0	0	0	0.025952	0.000162	0.025952	0.000162	0.478292	0.002986
238	A	72592	1448688	1287908	0.056364	89838	3137	1426868	78	245319	238086	0.000328	24	1	242401	0	0	0	nan	0	0	0	0.056037	0.000212	0.056037	0.000212	1.032755	0.003907
239	A	108932	1448659	1345516	0.080959	89904	3147	1426922	87	245311	237491	0.000366	24	1	242416	0	0	0	nan	0	0	0	0.080593	0.000248	0.080593	0.000248	1.485319	0.004571
240	U	24233	1448626	1361274	0.017802	90399	3294	1427020	261	245300	237406	0.001099	24	1	242424	0	0	0	nan	0	0	0	0.016702	0.000133	0.016702	0.000133	0.307816	0.002451
241	C	5447	1448573	1361904	0.004000	90463	3312	1427128	208	245291	237267	0.000877	24	1	242452	0	0	0	nan	0	0	0	0.003123	0.000081	0.003123	0.000081	0.057557	0.001493
242	A	14021	1448537	1365103	0.010271	90471	3313	1427204	177	245283	237688	0.000745	24	1	242465	0	0	0	nan	0	0	0	0.009526	0.000103	0.009526	0.000103	0.175563	0.001898
243	G	5727	1448454	1359395	0.004213	90497	3324	1427335	431	245267	237386	0.001816	24	1	242477	0	0	0	nan	0	0	0	0.002397	0.000104	0.002397	0.000104	0.044176	0.001917
244	G	13284	1448393	1345595	0.009872	90501	3324	1427526	1117	245252	237181	0.004709	24	1	242506	0	0	0	nan	0	0	0	0.005163	0.000165	0.005163	0.000165	0.095153	0.003041
245	C	6422	1448299	1319528	0.004867	90500	3326	1427582	1015	245244	236863	0.004285	24	1	242538	0	0	0	nan	0	0	0	0.000582	0.000148	0.000582	0.000148	0.010726	0.002728
246	U	3566	1448183	1289996	0.002764	90482	3327	1427654	198	245236	237172	0.000835	24	1	242585	0	0	0	nan	0	0	0	0.001930	0.000075	0.001930	0.000075	0.035570	0.001382
247	A	301620	1448077	1361839	0.221480	90476	3328	1427698	131	245219	237780	0.000551	24	1	242589	0	0	0	nan	0	0	0	0.220929	0.000406	0.220929	0.000406	4.071694	0.007483
248	G	36922	1448066	1378833	0.026778	90641	3336	1428280	6258	245207	238361	0.026254	24	1	242605	0	0	0	nan	0	0	0	0.000523	0.000360	0.000523	0.000360	0.009639	0.006635
249	U	13404	1448030	1384686	0.009680	90654	3341	1428610	1804	245193	238875	0.007552	24	1	242605	0	0	0	nan	0	0	0	0.002128	0.000196	0.002128	0.000196	0.039219	0.003612
250	U	3073	1448002	1382808	0.002222	90659	3341	1428793	204	245190	238478	0.000855	24	1	242614	0	0	0	nan	0	0	0	0.001367	0.000072	0.001367	0.000072	0.025194	0.001327
251	U	2693	1447964	1385215	0.001944	90641	3341	1428875	210	245186	238467	0.000881	24	1	242616	0	0	0	nan	0	0	0	0.001063	0.000071	0.001063	0.000071	0.019591	0.001309
252	G	10002	1447932	1379336	0.007251	90610	3341	1428935	558	245184	237981	0.002345	24	1	242618	0	0	0	nan	0	0	0	0.004907	0.000123	0.004907	0.000123	0.090435	0.002267
253	U	4476	1447910	1380926	0.003241	90608	3341	1428972	312	245177	238290	0.001309	24	1	242606	0	0	0	nan	0	0	0	0.001932	0.000089	0.001932	0.000089	0.035607	0.001640
254	U	2332	1447884	1374831	0.001696	90607	3341	1429037	96	245175	238028	0.000403	24	1	242612	0	0	0	nan	0	0	0	0.001293	0.000054	0.001293	0.000054	0.023830	0.000995
255	A	19098	1447810	1369803	0.013942	90545	3341	1428987	148	245166	238373	0.000621	24	1	242607	0	0	0	nan	0	0	0	0.013321	0.000113	0.013321	0.000113	0.245504	0.002083
256	G	19080	1447780	1361155	0.014018	90545	3340	1429142	213	245159	237601	0.000896	24	1	242605	0	0	0	nan	0	0	0	0.013121	0.000119	0.013121	0.000119	0.241818	0.002193
257	U	16089	1447730	1371899	0.011728	90543	3340	1429175	259	245155	237562	0.001090	24	1	242604	0	0	0	nan	0	0	0	0.010637	0.000115	0.010637	0.000115	0.196039	0.002119
258	G	40681	1447662	1372079	0.029649	90475	3339	1429313	523	245148	236743	0.002209	24	1	242618	0	0	0	nan	0	0	0	0.027440	0.000176	0.027440	0.000176	0.505716	0.003244
259	G	54599	1447582	1378783	0.039599	90470	3341	1429455	967	245131	236967	0.004081	24	1	242624	0	0	0	nan	0	0	0	0.035519	0.000214	0.035519	0.000214	0.654611	0.003944
260	C	3983	1447517	1381429	0.002883	90452	3341	1429621	267	245128	237325	0.001125	24	1	242662	0	0	0	nan	0	0	0	0.001758	0.000083	0.001758	0.000083	0.032400	0.001530
261	G	12931	1447432	1381360	0.009361	90444	3340	1429764	270	245106	237477	0.001137	24	1	242657	0	0	0	nan	0	0	0	0.008224	0.000108	0.008224	0.000108	0.151567	0.001990
262	U	6626	1447347	1385091	0.004784	90442	3341	1429863	388	245095	238260	0.001628	24	1	242672	0	0	0	nan	0	0	0	0.003155	0.000101	0.003155	0.000101	0.058146	0.001861
263	G	2670	1447256	1373771	0.001944	90433	3337	1429859	201	245077	236406	0.000850	24	1	242670	0	0	0	nan	0	0	0	0.001093	0.000071	0.001093	0.000071	0.020144	0.001309
264	U	29315	1447121	1369366	0.021408	90430	3336	1429779	3637	245059	235710	0.015430	24	1	242645	0	0	0	nan	0	0	0	0.005978	0.000285	0.005978	0.000285	0.110174	0.005253
265	C	2465	1447019	1365415	0.001805	90422	3332	1429904	227	245032	235342	0.000965	24	1	242657	0	0	0	nan	0	0	0	0.000841	0.000074	0.000841	0.000074	0.015500	0.001364
266	C	101893	1446933	1360108	0.074915	90417	3330	1430003	328	245020	236734	0.001386	24	1	242670	0	0	0	nan	0	0	0	0.073530	0.000247	0.073530	0.000247	1.355149	0.004552
267	G	3097	1446859	1357939	0.002281	90414	3330	1430320	311	245004	236693	0.001314	24	1	242698	0	0	0	nan	0	0	0	0.000967	0.000085	0.000967	0.000085	0.017822	0.001567
268	U	15505	1446756	1349221	0.011492	90409	3329	1430366	3008	244974	235954	0.012748	25	1	242675	0	0	0	nan	0	0	0	-0.001256	0.000250	-0.001256	0.000250	-0.023148	0.004607
269	C	1675	1446673	1317584	0.001271	90407	3337	1430585	331	244951	235745	0.001404	25	1	242690	0	0	0	nan	0	0	0	-0.000133	0.000083	-0.000133	0.000083	-0.002451	0.001530
270	C	2203	1446580	1318201	0.001671	90411	3337	1430774	262	244930	236482	0.001108	25	1	242703	0	0	0	nan	0	0	0	0.000563	0.000077	0.000563	0.000077	0.010376	0.001419
271	G	37727	1446472	1259772	0.029947	90426	3334	1431038	1691	244911	236709	0.007144	25	1	242717	0	0	0	nan	0	0	0	0.022804	0.000232	0.022804	0.000232	0.420275	0.004276
272	C	2475	1446370	1204308	0.002055	90423	3333	1431168	219	244890	236189	0.000927	25	1	242708	0	0	0	nan	0	0	0	0.001128	0.000075	0.001128	0.000075	0.020789	0.001382
273	A	426930	1446239	1334791	0.319848	90419	3328	1431445	115	244865	236146	0.000487	25	2	242802	0	0	0	nan	0	0	0	0.319361	0.000492	0.319361	0.000492	5.885784	0.009067
274	G	34013	1446233	1370082	0.024826	90436	3330	1432608	1339	244854	236504	0.005662	25	2	242880	0	0	0	nan	0	0	0	0.019164	0.000205	0.019164	0.000205	0.353190	0.003778
275	C	2894	1446185	1373927	0.002106	90436	3329	1432787	145	244843	236955	0.000612	25	2	242888	0	0	0	nan	0	0	0	0.001494	0.000064	0.001494	0.000064	0.027534	0.001180
276	U	2889	1446111	1374414	0.002102	90442	3327	1432932	293	244824	237117	0.001236	25	2	242901	0	0	0	nan	0	0	0	0.000866	0.000082	0.000866	0.000082	0.015960	0.001511
277	G	11451	1446054	1384534	0.008271	90441	3327	1433219	735	244813	238189	0.003086	25	2	242930	0	0	0	nan	0	0	0	0.005185	0.000138	0.005185	0.000138	0.095559	0.002543
278	G	16130	1445970	1383191	0.011661	90451	3328	1433324	1046	244799	237340	0.004407	25	2	242926	0	0	0	nan	0	0	0	0.007254	0.000164	0.007254	0.000164	0.133690	0.003022
279	C	1585	1445856	1377474	0.001151	90453	3326	1433336	203	244782	236904	0.000857	25	2	242914	0	0	0	nan	0	0	0	0.000294	0.000067	0.000294	0.000067	0.005418	0.001235
280	A	15785	1445737	1372679	0.011499	90449	3328	1433461	124	244768	236307	0.000525	25	2	242910	0	0	0	nan	0	0	0	0.010975	0.000103	0.010975	0.000103	0.202268	0.001898
281	A	21093	1445589	1380188	0.015283	90448	3324	1433483	108	244744	237318	0.000455	25	2	242900	0	0	0	nan	0	0	0	0.014828	0.000114	0.014828	0.000114	0.273278	0.002101
282	G	16401	1445464	1377628	0.011905	90577	3321	1433509	729	244728	237086	0.003075	25	2	242888	0	0	0	nan	0	0	0	0.008830	0.000147	0.008830	0.000147	0.162736	0.002709
283	C	4039	1445324	1379636	0.002928	90576	3320	1433527	265	244710	237817	0.001114	25	2	242891	0	0	0	nan	0	0	0	0.001813	0.000083	0.001813	0.000083	0.033413	0.001530
284	G	5073	1445214	1363989	0.003719	90576	3317	1433692	321	244682	238016	0.001349	25	2	242889	0	0	0	nan	0	0	0	0.002371	0.000092	0.002371	0.000092	0.043697	0.001696
285	A	114648	1445076	1373505	0.083471	90565	3318	1433704	91	244656	239188	0.000380	25	2	242878	0	0	0	nan	0	0	0	0.083091	0.000250	0.083091	0.000250	1.531357	0.004607
286	A	25697	1445020	1385311	0.018550	90566	3317	1433846	114	244638	238798	0.000477	25	2	242876	0	0	0	nan	0	0	0	0.018072	0.000124	0.018072	0.000124	0.333065	0.002285
287	U	26668	1444979	1375940	0.019382	90565	3317	1433888	196	244623	238690	0.000821	25	2	242869	0	0	0	nan	0	0	0	0.018561	0.000132	0.018561	0.000132	0.342077	0.002433
288	G	22772	1444946	1387616	0.016411	90562	3319	1433941	185	244619	238462	0.000776	25	2	242867	0	0	0	nan	0	0	0	0.015635	0.000123	0.015635	0.000123	0.288151	0.002267
289	U	49481	1444898	1383812	0.035757	90564	3320	1433957	368	244609	238463	0.001543	25	2	242852	0	0	0	nan	0	0	0	0.034214	0.000180	0.034214	0.000180	0.630560	0.003317
290	A	22769	1444835	1376854	0.016537	90565	3320	1433970	192	244599	237588	0.000808	25	2	242837	0	0	0	nan	0	0	0	0.015729	0.000124	0.015729	0.000124	0.289884	0.002285
291	A	10177	1444739	1379327	0.007378	90564	3321	1433946	81	244576	236800	0.000342	25	2	242806	0	0	0	nan	0	0	0	0.007036	0.000082	0.007036	0.000082	0.129673	0.001511
292	A	19786	1444641	1382762	0.014309	90552	3321	1433919	130	244552	237154	0.000548	25	2	242796	0	0	0	nan	0	0	0	0.013761	0.000113	0.013761	0.000113	0.253614	0.002083
293	G	4714	1444531	1387530	0.003397	90521	3322	1433879	251	244525	237775	0.001056	25	2	242779	0	0	0	nan	0	0	0	0.002342	0.000083	0.002342	0.000083	0.043163	0.001530
294	A	22575	1444478	1396896	0.016161	90518	3322	1433910	120	244516	238598	0.000503	25	2	242787	0	0	0	nan	0	0	0	0.015658	0.000117	0.015658	0.000117	0.288575	0.002156
295	C	2492	1444402	1393589	0.001788	90516	3324	1433967	171	244499	237737	0.000719	25	2	242782	0	0	0	nan	0	0	0	0.001069	0.000066	0.001069	0.000066	0.019702	0.001216
296	U	4839	1444344	1386764	0.003489	90501	3324	1434017	221	244494	237636	0.000930	25	2	242791	0	0	0	nan	0	0	0	0.002559	0.000080	0.002559	0.000080	0.047162	0.001474
297	G	7194	1444293	1371812	0.005244	90455	3324	1434064	429	244487	237329	0.001808	25	2	242791	0	0	0	nan	0	0	0	0.003437	0.000107	0.003437	0.000107	0.063343	0.001972
298	A	31900	1444254	1388230	0.022979	90420	3325	1434129	121	244479	236658	0.000511	25	2	242788	0	0	0	nan	0	0	0	0.022468	0.000137	0.022468	0.000137	0.414082	0.002525
299	C	2938	1444200	1386106	0.002120	90395	3326	1434202	391	244466	236470	0.001653	25	2	242789	0	0	0	nan	0	0	0	0.000466	0.000092	0.000466	0.000092	0.008588	0.001696
300	U	1048	1444142	1383390	0.000758	90363	3327	1434272	95	244452	236775	0.000401	25	2	242792	0	0	0	nan	0	0	0	0.000356	0.000047	0.000356	0.000047	0.006561	0.000866
301	A	15838	1444062	1380235	0.011475	90295	3329	1434333	129	244440	237111	0.000544	25	2	242811	0	0	0	nan	0	0	0	0.010931	0.000103	0.010931	0.000103	0.201457	0.001898
302	A	101811	1443897	1373094	0.074147	90117	3328	1434276	101	244431	237253	0.000426	25	2	242822	0	0	0	nan	0	0	0	0.073721	0.000236	0.073721	0.000236	1.358669	0.004349
303	G	5702	1443794	1368213	0.004167	90046	3335	1434320	472	244431	236920	0.001992	25	2	242848	0	0	0	nan	0	0	0	0.002175	0.000107	0.002175	0.000107	0.040085	0.001972
304	C	981	1443634	1357630	0.000723	89864	3334	1434276	152	244351	236918	0.000642	25	2	242758	0	0	0	nan	0	0	0	0.000081	0.000057	0.000081	0.000057	0.001493	0.001051
305	A	10832	1443431	1301923	0.008320	89778	3335	1434152	72	243708	233083	0.000309	25	2	241951	0	0	0	nan	0	0	0	0.008011	0.000088	0.008011	0.000088	0.147642	0.001622
306	U	1393	1443316	1271011	0.001096	89604	3336	1434156	200	243596	232134	0.000862	25	2	241811	0	0	0	nan	0	0	0	0.000234	0.000068	0.000234	0.000068	0.004313	0.001253
307	G	2116	1442899	1186854	0.001783	88752	3334	1433794	195	241902	230601	0.000846	23	2	239693	0	0	0	nan	0	0	0	0.000937	0.000072	0.000937	0.000072	0.017269	0.001327
308	U	2525	1442432	1157008	0.002182	88540	3331	1433327	317	241811	229737	0.001380	23	2	239624	0	0	0	nan	0	0	0	0.000803	0.000089	0.000803	0.000089	0.014799	0.001640
309	A	490437	1440832	1201968	0.408028	86452	3318	1431415	172	241787	229631	0.000749	23	2	239644	0	0	0	nan	0	0	0	0.407279	0.000585	0.407279	0.000585	7.506101	0.010781
310	G	1941	1440464	1239716	0.001566	85747	3310	1431502	196	241787	229013	0.000856	23	2	239692	0	0	0	nan	0	0	0	0.000710	0.000071	0.000710	0.000071	0.013085	0.001309
311	U	21873	1440178	1230246	0.017779	85186	3309	1431335	354	241787	229590	0.001542	23	2	239738	0	0	0	nan	0	0	0	0.016237	0.000145	0.016237	0.000145	0.299246	0.002672
312	A	19828	1438953	1232179	0.016092	85033	3309	1430053	95	241788	228992	0.000415	23	2	239802	0	0	0	nan	0	0	0	0.015677	0.000122	0.015677	0.000122	0.288925	0.002248
313	C	714	1438392	1244692	0.000574	84724	3310	1429588	94	241792	231248	0.000406	23	2	239871	0	0	0	nan	0	0	0	0.000167	0.000047	0.000167	0.000047	0.003078	0.000866
314	C	875	1437871	1243651	0.000704	84231	3310	1429218	249	241793	232711	0.001070	23	2	239955	0	0	0	nan	0	0	0	-0.000366	0.000072	-0.000366	0.000072	-0.006745	0.001327
315	G	2952	1437753	1165381	0.002533	84099	3310	1429254	264	241793	232316	0.001136	23	2	240012	0	0	0	nan	0	0	0	0.001397	0.000084	0.001397	0.000084	0.025747	0.001548
316	A	479255	1436465	1263781	0.379223	82753	3305	1427856	169	241794	232313	0.000727	23	2	240060	0	0	0	nan	0	0	0	0.378496	0.000551	0.378496	0.000551	6.975634	0.010155
317	G	4897	1436494	1270774	0.003854	82713	3309	1428821	375	241795	230596	0.001626	23	2	240125	0	0	0	nan	0	0	0	0.002227	0.000100	0.002227	0.000100	0.041043	0.001843
318	G	5392	1436312	1263665	0.004267	82486	3310	1428886	234	241796	230446	0.001015	23	2	240165	0	0	0	nan	0	0	0	0.003252	0.000088	0.003252	0.000088	0.059934	0.001622
319	A	40984	1435755	1283307	0.031936	82150	3310	1428433	100	241796	230438	0.000434	23	2	240204	0	0	0	nan	0	0	0	0.031502	0.000164	0.031502	0.000164	0.580578	0.003022
320	U	4327	1435763	1300746	0.003327	81970	3312	1428754	203	241796	231660	0.000876	23	2	240272	0	0	0	nan	0	0	0	0.002450	0.000080	0.002450	0.000080	0.045153	0.001474
321	G	2999	1435627	1300256	0.002306	81762	3314	1428966	282	241796	231613	0.001218	23	2	240350	0	0	0	nan	0	0	0	0.001089	0.000084	0.001089	0.000084	0.020070	0.001548
322	U	4482	1435413	1259330	0.003559	80724	3314	1428894	354	241797	231592	0.001529	22	2	240394	0	0	0	nan	0	0	0	0.002030	0.000097	0.002030	0.000097	0.037413	0.001788
323	A	272261	1435082	1326957	0.205177	80302	3312	1428760	116	241798	230895	0.000502	21	2	240472	0	0	0	nan	0	0	0	0.204675	0.000396	0.204675	0.000396	3.772135	0.007298
324	G	6863	1435102	1338520	0.005127	79944	3316	1429311	526	241799	232619	0.002261	21	2	240519	0	0	0	nan	0	0	0	0.002866	0.000116	0.002866	0.000116	0.052820	0.002138
325	G	7587	1435082	1338826	0.005667	79338	3316	1429589	404	241803	232472	0.001738	21	2	240567	0	0	0	nan	0	0	0	0.003929	0.000108	0.003929	0.000108	0.072411	0.001990
326	A	15905	1434931	1342264	0.011849	79298	3316	1429744	114	241805	232230	0.000491	21	2	240634	0	0	0	nan	0	0	0	0.011358	0.000105	0.011358	0.000105	0.209327	0.001935
327	A	28734	1434856	1341485	0.021420	78647	3316	1430008	491	241805	229756	0.002137	21	2	240696	0	0	0	nan	0	0	0	0.019282	0.000159	0.019282	0.000159	0.355365	0.002930
328	U	1569	1434843	1291239	0.001215	78636	3316	1430185	220	241807	221678	0.000992	21	2	240740	0	0	0	nan	0	0	0	0.000223	0.000074	0.000223	0.000074	0.004110	0.001364
329	U	1541	1434760	1267778	0.001216	78225	3316	1430237	132	241807	217853	0.000606	21	2	240777	0	0	0	nan	0	0	0	0.000610	0.000061	0.000610	0.000061	0.011242	0.001124
330	U	2090	1434662	1275579	0.001638	77032	3316	1430341	214	241808	219778	0.000974	20	2	240839	0	0	0	nan	0	0	0	0.000665	0.000076	0.000665	0.000076	0.012256	0.001401
331	C	6384	1434487	1265803	0.005043	76837	3318	1430613	363	241811	228117	0.001591	20	2	240961	0	0	0	nan	0	0	0	0.003452	0.000105	0.003452	0.000105	0.063620	0.001935
332	G	7309	1434491	1270315	0.005754	76728	3322	1431498	429	241815	233941	0.001834	21	2	241191	0	0	0	nan	0	0	0	0.003920	0.000111	0.003920	0.000111	0.072245	0.002046
333	G	4107	1434401	1241007	0.003309	76061	3325	1432318	325	241822	234933	0.001383	21	2	241463	0	0	0	nan	0	0	0	0.001926	0.000092	0.001926	0.000092	0.035496	0.001696
334	A	278707	1434166	1260750	0.221064	74437	3324	1432575	106	241826	232752	0.000455	21	2	241659	0	0	0	nan	0	0	0	0.220609	0.000421	0.220609	0.000421	4.065796	0.007759
335	C	230695	1434111	1353782	0.170408	74061	3324	1433359	99	241827	233183	0.000425	21	2	241737	0	0	0	nan	0	0	0	0.169983	0.000357	0.169983	0.000357	3.132766	0.006579
336	G	14020	1434132	1368139	0.010247	74040	3324	1433956	622	241831	232913	0.002671	21	2	241800	0	0	0	nan	0	0	0	0.007577	0.000138	0.007577	0.000138	0.139643	0.002543
337	C	0	1433926	1371771	0.000000	73520	3324	1433860	0	241835	234064	0.000000	21	2	241825	0	0	0	nan	0	0	0	0.000000	0.000000	0.000000	0.000000	0.000000	0.000000
338	G	0	1433921	0	nan	73512	3324	1433892	0	241835	0	nan	21	2	241831	0	0	0	nan	0	0	0	nan	nan	nan	nan	nan	nan
339	G	0	1433797	0	nan	73238	3324	1433778	0	241834	0	nan	21	2	241834	0	0	0	nan	0	0	0	nan	nan	nan	nan	nan	nan
340	G	0	1433655	0	nan	72631	3321	1433640	0	241834	0	nan	21	2	241834	0	0	0	nan	0	0	0	nan	nan	nan	nan	nan	nan
341	U	0	1433463	0	nan	72624	3320	1433451	0	241834	0	nan	21	2	241834	0	0	0	nan	0	0	0	nan	nan	nan	nan	nan	nan
342	U	0	1433399	0	nan	71969	3320	1433389	0	241833	0	nan	21	2	241833	0	0	0	nan	0	0	0	nan	nan	nan	nan	nan	nan
343	C	0	1433228	0	nan	71938	3320	1433218	0	241833	0	nan	21	2	241833	0	0	0	nan	0	0	0	nan	nan	nan	nan	nan	nan
344	A	0	1433153	0	nan	71647	3320	1433143	0	241833	0	nan	21	2	241833	0	0	0	nan	0	0	0	nan	nan	nan	nan	nan	nan
345	A	0	1433099	0	nan	70859	3320	1433092	0	241833	0	nan	21	2	241833	0	0	0	nan	0	0	0	nan	nan	nan	nan	nan	nan
346	C	0	1433023	0	nan	70855	3320	1433021	0	241833	0	nan	21	2	241833	0	0	0	nan	0	0	0	nan	nan	nan	nan	nan	nan
347	U	0	1433010	0	nan	69749	3320	1433009	0	241833	0	nan	21	2	241833	0	0	0	nan	0	0	0	nan	nan	nan	nan	nan	nan
348	C	0	1432980	0	nan	69745	3320	1432980	0	241833	0	nan	21	2	241833	0	0	0	nan	0	0	0	nan	nan	nan	nan	nan	nan
349	C	0	1432339	0	nan	69745	3319	1432339	0	241833	0	nan	21	2	241833	0	0	0	nan	0	0	0	nan	nan	nan	nan	nan	nan
350	C	0	1431714	0	nan	69744	3318	1431714	0	241833	0	nan	21	2	241833	0	0	0	nan	0	0	0	nan	nan	nan	nan	nan	nan
351	G	0	1430388	0	nan	69743	3317	1430388	0	241832	0	nan	21	2	241832	0	0	0	nan	0	0	0	nan	nan	nan	nan	nan	nan
352	C	0	1430343	0	nan	69742	3317	1430343	0	241830	0	nan	21	2	241830	0	0	0	nan	0	0	0	nan	nan	nan	nan	nan	nan
353	C	0	1429441	0	nan	69737	3317	1429441	0	241825	0	nan	21	2	241825	0	0	0	nan	0	0	0	nan	nan	nan	nan	nan	nan
354	A	0	1427389	0	nan	69732	3317	1427389	0	241815	0	nan	21	2	241815	0	0	0	nan	0	0	0	nan	nan	nan	nan	nan	nan
355	G	0	1427055	0	nan	69729	3317	1427055	0	241809	0	nan	21	2	241809	0	0	0	nan	0	0	0	nan	nan	nan	nan	nan	nan
356	C	0	1426266	0	nan	69696	3316	1426266	0	241709	0	nan	21	2	241709	0	0	0	nan	0	0	0	nan	nan	nan	nan	nan	nan
357	U	0	1424685	0	nan	69662	3313	1424685	0	241627	0	nan	21	2	241627	0	0	0	nan	0	0	0	nan	nan	nan	nan	nan	nan
358	C	0	1422834	0	nan	69566	3303	1422834	0	241429	0	nan	21	2	241429	0	0	0	nan	0	0	0	nan	nan	nan	nan	nan	nan
359	C	0	795923	0	nan	30814	1471	795923	0	135135	0	nan	11	1	135135	0	0	0	nan	0	0	0	nan	nan	nan	nan	nan	nan
360	A	0	585612	0	nan	17682	868	585612	0	100340	0	nan	9	1	100340	0	0	0	nan	0	0	0	nan	nan	nan	nan	nan	nan
361	C	0	398908	0	nan	13075	632	398908	0	68396	0	nan	8	0	68396	0	0	0	nan	0	0	0	nan	nan	nan	nan	nan	nan
362	C	0	283546	0	nan	8103	403	283546	0	48972	0	nan	6	0	48972	0	0	0	nan	0	0	0	nan	nan	nan	nan	nan	nan
363	A	0	120451	0	nan	3658	195	120451	0	20542	0	nan	1	0	20542	0	0	0	nan	0	0	0	nan	nan	nan	nan	nan	nan