363	Window=3	Metric=PAIRMAPPER	
i	j	Sig.	Class	Zij	Zi	Zj	Mod_Depth	Mod_Comuts	Unt_Depth	Unt_Comuts
42	55	67.50	1	5.96	6.11	5.80	1388564	353	241596	16
87	96	503.53	1	11.34	12.64	10.03	938108	590	238184	4
108	135	975.45	1	10.01	11.43	8.60	1299505	2707	235413	69
115	127	189.57	1	2.61	0.82	4.39	1280129	478	237107	14
141	176	125.52	1	6.76	5.66	7.85	1257836	705	234854	5
151	162	1618.52	1	8.83	6.55	11.12	1174759	2070	236582	19
157	194	1444.07	1	6.32	3.76	8.87	1221008	1903	231121	11
267	293	47.16	1	2.18	1.66	2.69	1356654	572	236480	11
53	63	24.65	2	2.12	2.63	1.62	1377476	323	239793	23
55	66	28.42	2	2.25	2.45	2.04	1392075	2247	241693	56
56	75	47.24	2	3.45	4.26	2.65	1192007	1309	239949	11
88	98	69.42	2	3.50	6.71	0.28	925770	1576	238272	17
109	134	422.45	2	6.27	4.03	8.50	1293237	1288	234146	11
110	133	1183.27	2	9.21	12.25	6.18	1298133	2687	235276	4
110	134	245.78	2	3.75	2.54	4.95	1297870	1169	235510	10
111	132	1254.44	2	6.77	8.21	5.34	1333194	6035	238683	2
112	131	1089.68	2	7.40	6.50	8.30	1329609	6134	237583	6
141	167	46.20	2	3.41	2.09	4.74	1180207	340	234729	43
141	168	82.90	2	5.99	3.74	8.23	1175802	267	234588	29
142	175	133.77	2	6.09	3.98	8.20	1265214	2513	236568	12
142	177	116.39	2	2.65	3.46	1.84	1270323	1014	236291	12
143	176	96.73	2	5.04	4.02	6.05	1250483	933	235324	11
146	162	137.51	2	3.66	6.37	0.94	1181134	385	236741	12
153	163	141.77	2	2.97	5.53	0.42	1204089	21502	236100	20
158	167	38.16	2	2.07	0.22	3.91	1184655	381	235395	37
158	193	911.30	2	4.99	5.40	4.59	1242407	1508	234589	6
158	195	1106.07	2	5.41	6.55	4.27	1243112	1767	234562	10
159	192	796.01	2	4.32	3.34	5.31	1227470	881	233557	0
159	194	887.95	2	4.59	3.72	5.46	1221132	984	232446	1
243	263	90.82	2	2.16	2.10	2.22	1346438	872	235661	63
306	321	80.54	2	5.00	6.33	3.67	1237159	1465	230782	3
318	327	169.62	2	5.93	4.07	7.79	1274331	1525	228427	2
40	74	26.70	0	1.86	2.29	1.42	1234359	235	239411	22
41	66	22.09	0	1.69	1.78	1.59	1391603	1146	242331	52
43	306	28.51	0	1.47	0.69	2.25	1265905	197	233137	3
88	276	21.00	0	1.18	2.03	0.33	1023867	716	236911	20
99	110	27.82	0	0.20	0.11	0.29	951272	2304	236340	4
100	110	32.24	0	0.39	0.45	0.33	957201	2234	236394	2
101	110	79.45	0	0.80	0.78	0.82	959693	3859	236565	2
108	149	56.39	0	0.46	0.66	0.25	1214221	7798	235575	12
114	128	38.49	0	0.66	0.93	0.39	1293401	408	236823	18
116	129	94.03	0	1.04	0.49	1.58	1280263	1374	237107	14
119	148	46.61	0	1.04	1.59	0.49	1075328	17043	235123	3
131	148	33.75	0	0.31	0.26	0.35	1264921	20785	236544	9
134	157	94.38	0	1.07	1.91	0.24	1240001	1285	232169	12
134	159	28.96	0	0.35	0.59	0.12	1239473	589	233628	6
140	162	24.85	0	0.53	0.89	0.17	1214465	1021	236344	23
140	163	48.31	0	0.93	1.72	0.14	1204742	4212	235903	20
141	178	25.69	0	0.97	1.16	0.78	1265928	415	235137	20
142	162	31.38	0	0.58	0.94	0.21	1211167	911	236166	18
142	179	38.90	0	1.10	1.16	1.04	1268059	751	236134	39
143	178	42.49	0	1.52	1.77	1.28	1258415	620	235569	19
152	194	64.92	0	1.43	2.47	0.40	1213458	2897	233138	13
156	207	41.48	0	1.31	0.27	2.35	1180475	1687	236043	25
158	168	20.69	0	1.09	0.12	2.07	1180060	240	235276	27
159	206	110.19	0	0.61	0.46	0.77	1153621	4154	234270	1
159	224	27.61	0	0.21	0.11	0.32	1083947	6332	234004	3
160	230	41.94	0	0.27	0.22	0.32	1170734	1420	236577	0
182	203	32.37	0	0.45	0.15	0.75	1090486	1478	234519	13
198	222	138.57	0	0.91	1.34	0.48	1226814	12023	236686	11
200	212	20.59	0	0.64	1.23	0.04	1278993	638	236484	14
211	246	20.02	0	0.72	1.40	0.04	1288992	13535	236832	72
221	230	28.75	0	1.18	2.14	0.22	1138185	423	237809	3
224	235	535.68	0	4.87	6.18	3.56	1140811	140573	236754	4
234	247	47.86	0	0.16	0.22	0.09	1333620	93034	238265	25
234	255	319.06	0	3.68	1.52	5.83	1330348	15869	238026	2
236	246	197.20	0	3.12	5.88	0.36	1310755	36302	238056	21
241	250	25.16	0	1.17	1.30	1.03	1364084	372	237484	5
243	252	22.42	0	0.88	0.52	1.24	1351775	394	237410	20
244	255	40.85	0	0.92	1.09	0.75	1338090	1074	237424	6
244	258	206.04	0	3.66	5.51	1.80	1340437	2227	236691	25
244	273	79.78	0	1.25	2.13	0.36	1330866	8302	236487	24
244	277	21.18	0	0.56	0.57	0.56	1341087	590	236967	29
248	258	213.09	0	4.27	6.68	1.86	1377220	4622	237597	78
249	280	39.11	0	1.13	1.52	0.74	1377132	894	237694	13
249	284	54.58	0	1.13	2.12	0.14	1378215	2329	238549	3
250	272	34.99	0	0.85	1.43	0.26	1372475	5534	236758	14
250	276	36.23	0	1.03	1.49	0.57	1380818	459	237796	11
250	279	41.12	0	1.59	1.69	1.50	1377525	567	237148	3
250	283	27.59	0	0.58	1.13	0.04	1378617	1651	238040	4
251	261	29.43	0	1.01	1.40	0.63	1381430	367	238006	6
251	271	107.46	0	3.07	5.12	1.02	1344216	6291	236896	16
251	278	35.38	0	1.46	1.68	1.25	1376797	533	236870	11
252	273	82.00	0	2.46	4.54	0.37	1364129	6062	237194	12
252	277	32.83	0	1.34	1.81	0.86	1374613	459	237707	14
252	285	21.22	0	0.61	1.17	0.05	1372134	2236	237808	1
254	275	44.39	0	0.94	1.00	0.89	1372567	651	237296	4
257	269	70.97	0	0.87	0.83	0.92	1325757	3761	236931	25
257	275	75.61	0	1.20	0.88	1.52	1374694	1684	237173	12
258	274	115.58	0	1.37	1.01	1.73	1365171	3364	236320	20
259	270	328.64	0	3.69	3.34	4.03	1321595	3003	236730	16
259	335	20.06	0	0.61	0.21	1.01	1365756	12776	233541	5
260	282	43.51	0	1.17	0.88	1.47	1372015	568	237278	6
261	270	87.66	0	1.47	1.87	1.08	1323287	930	237230	12
262	271	212.95	0	2.78	3.55	2.01	1341829	14336	236654	46
262	278	66.08	0	1.72	1.10	2.33	1374135	1172	236645	32
262	282	49.40	0	1.25	0.83	1.67	1369149	891	237064	30
263	277	78.00	0	1.97	1.91	2.04	1372112	957	236166	42
263	293	27.05	0	1.10	0.66	1.55	1373192	869	235894	12
267	297	20.28	0	0.82	0.72	0.92	1353328	718	235946	21
270	282	39.58	0	0.92	0.49	1.34	1316846	951	236927	22
274	302	32.97	0	0.74	0.50	0.98	1354144	3364	236599	6
276	295	31.46	0	1.33	0.49	2.16	1388125	417	237674	12
282	306	22.51	0	1.27	0.76	1.78	1258036	161	233051	4
306	319	22.00	0	1.11	1.74	0.49	1198126	270	232158	4
314	330	118.74	0	3.70	0.05	7.35	1301783	6075	233609	4
315	329	171.90	0	4.01	0.07	7.95	1285424	4078	226031	2
317	329	24.19	0	0.82	0.51	1.13	1250581	449	226077	0
320	334	145.15	0	7.24	8.91	5.58	1295851	4974	232265	1
