Nucleotide	Sequence	Modified_mutations	Modified_read_depth	Modified_effective_depth	Modified_rate	Modified_off_target_mapped_depth	Modified_low_mapq_mapped_depth	Modified_primer_pair_1_mapped_depth	Untreated_mutations	Untreated_read_depth	Untreated_effective_depth	Untreated_rate	Untreated_off_target_mapped_depth	Untreated_low_mapq_mapped_depth	Untreated_primer_pair_1_mapped_depth	Denatured_mutations	Denatured_read_depth	Denatured_effective_depth	Denatured_rate	Denatured_off_target_mapped_depth	Denatured_low_mapq_mapped_depth	Denatured_primer_pair_1_mapped_depth	Reactivity_profile	Std_err	HQ_profile	HQ_stderr	Norm_profile	Norm_stderr
1	G	0	57	0	nan	2	0	57	0	1	0	nan	0	0	1	0	0	0	nan	0	0	0	nan	nan	nan	nan	nan	nan
2	G	0	109	0	nan	2	0	109	0	5	0	nan	0	0	5	0	0	0	nan	0	0	0	nan	nan	nan	nan	nan	nan
3	G	0	4965	0	nan	43	0	4965	0	445	0	nan	0	0	445	0	0	0	nan	0	0	0	nan	nan	nan	nan	nan	nan
4	G	0	7964	0	nan	68	0	7964	0	746	0	nan	0	0	746	0	0	0	nan	0	0	0	nan	nan	nan	nan	nan	nan
5	C	0	16389	0	nan	118	4	16389	0	1582	0	nan	0	0	1582	0	0	0	nan	0	0	0	nan	nan	nan	nan	nan	nan
6	U	0	122020	0	nan	1020	23	122020	0	11848	0	nan	8	0	11848	0	0	0	nan	0	0	0	nan	nan	nan	nan	nan	nan
7	G	0	189567	0	nan	1614	33	189567	0	18448	0	nan	9	0	18448	0	0	0	nan	0	0	0	nan	nan	nan	nan	nan	nan
8	A	0	315079	0	nan	2739	47	315079	0	30691	0	nan	18	0	30691	0	0	0	nan	0	0	0	nan	nan	nan	nan	nan	nan
9	U	0	454814	0	nan	4016	62	454814	0	44401	0	nan	26	0	44401	0	0	0	nan	0	0	0	nan	nan	nan	nan	nan	nan
10	U	0	938979	0	nan	8323	123	938979	0	92159	0	nan	58	0	92159	0	0	0	nan	0	0	0	nan	nan	nan	nan	nan	nan
11	C	0	2800852	0	nan	25026	297	2800852	0	274961	0	nan	159	0	274961	0	0	0	nan	0	0	0	nan	nan	nan	nan	nan	nan
12	U	0	2804969	0	nan	25062	297	2804969	0	275265	0	nan	159	0	275265	0	0	0	nan	0	0	0	nan	nan	nan	nan	nan	nan
13	G	0	2808648	0	nan	25081	298	2808648	0	275490	0	nan	159	0	275490	0	0	0	nan	0	0	0	nan	nan	nan	nan	nan	nan
14	G	0	2810307	0	nan	25085	298	2810307	0	275572	0	nan	159	0	275572	0	0	0	nan	0	0	0	nan	nan	nan	nan	nan	nan
15	A	0	2811374	0	nan	25087	298	2811374	0	275587	0	nan	159	0	275587	0	0	0	nan	0	0	0	nan	nan	nan	nan	nan	nan
16	U	0	2812440	0	nan	25087	298	2812440	0	275605	0	nan	159	0	275605	0	0	0	nan	0	0	0	nan	nan	nan	nan	nan	nan
17	U	0	2813378	0	nan	25087	298	2813378	0	275610	0	nan	159	0	275610	0	0	0	nan	0	0	0	nan	nan	nan	nan	nan	nan
18	C	0	2814747	0	nan	25088	298	2814747	0	275620	0	nan	159	0	275620	0	0	0	nan	0	0	0	nan	nan	nan	nan	nan	nan
19	G	0	2815409	0	nan	25089	298	2815409	0	275621	0	nan	159	0	275621	0	0	0	nan	0	0	0	nan	nan	nan	nan	nan	nan
20	A	0	2816084	0	nan	25089	298	2816084	0	275621	0	nan	159	0	275621	0	0	0	nan	0	0	0	nan	nan	nan	nan	nan	nan
21	C	0	2816283	0	nan	25089	298	2816283	0	275623	0	nan	159	0	275623	0	0	0	nan	0	0	0	nan	nan	nan	nan	nan	nan
22	G	0	2816293	0	nan	25749	298	2816288	0	275623	0	nan	159	0	275623	0	0	0	nan	0	0	0	nan	nan	nan	nan	nan	nan
23	G	0	2816297	0	nan	26216	298	2816292	0	275623	0	nan	160	0	275623	0	0	0	nan	0	0	0	nan	nan	nan	nan	nan	nan
24	G	0	2816309	0	nan	26677	298	2816297	0	275623	0	nan	160	0	275623	0	0	0	nan	0	0	0	nan	nan	nan	nan	nan	nan
25	A	0	2816320	0	nan	27146	298	2816301	0	275623	0	nan	162	0	275623	0	0	0	nan	0	0	0	nan	nan	nan	nan	nan	nan
26	U	0	2816337	0	nan	27996	298	2816310	0	275623	0	nan	165	0	275623	0	0	0	nan	0	0	0	nan	nan	nan	nan	nan	nan
27	U	0	2816355	0	nan	28701	298	2816316	0	275623	0	nan	165	0	275623	0	0	0	nan	0	0	0	nan	nan	nan	nan	nan	nan
28	U	0	2816383	0	nan	29823	298	2816325	0	275623	0	nan	165	0	275623	0	0	0	nan	0	0	0	nan	nan	nan	nan	nan	nan
29	G	0	2816408	0	nan	31000	298	2816337	0	275623	0	nan	165	0	275623	0	0	0	nan	0	0	0	nan	nan	nan	nan	nan	nan
30	C	0	2816436	0	nan	32024	299	2816346	0	275623	0	nan	166	0	275623	0	0	0	nan	0	0	0	nan	nan	nan	nan	nan	nan
31	G	1994	2816430	2472919	0.000806	33415	299	2816263	224	275621	262231	0.000854	166	0	275619	0	0	0	nan	0	0	0	-0.000048	0.000060	-0.000048	0.000060	-0.001237	0.001547
32	A	68705	2816405	2410546	0.028502	34081	300	2816170	124	275620	260751	0.000476	166	0	275613	0	0	0	nan	0	0	0	0.028026	0.000117	0.028026	0.000117	0.722398	0.003016
33	A	229130	2816309	2389840	0.095877	35066	300	2815893	65	275614	260518	0.000250	166	0	275597	0	0	0	nan	0	0	0	0.095627	0.000203	0.095627	0.000203	2.464880	0.005233
34	A	161177	2815972	2362411	0.068226	35619	300	2815136	142	275590	260997	0.000544	166	0	275520	0	0	0	nan	0	0	0	0.067682	0.000176	0.067682	0.000176	1.744570	0.004537
35	C	43498	2815648	2360659	0.018426	37131	300	2814309	554	275568	260326	0.002128	166	0	275418	0	0	0	nan	0	0	0	0.016298	0.000126	0.016298	0.000126	0.420097	0.003248
36	C	3071	2815322	2408662	0.001275	37885	300	2813468	113	275540	260464	0.000434	166	0	275334	0	0	0	nan	0	0	0	0.000841	0.000047	0.000841	0.000047	0.021678	0.001211
37	C	5094	2814770	2381635	0.002139	38446	301	2812325	206	275503	258903	0.000796	166	0	275227	0	0	0	nan	0	0	0	0.001343	0.000063	0.001343	0.000063	0.034617	0.001624
38	A	135313	2814436	2372887	0.057025	38847	301	2811608	122	275474	258947	0.000471	166	0	275143	0	0	0	nan	0	0	0	0.056553	0.000161	0.056553	0.000161	1.457709	0.004150
39	A	569979	2814131	2541612	0.224259	39452	303	2810809	176	275445	258962	0.000680	166	0	275075	0	0	0	nan	0	0	0	0.223579	0.000301	0.223579	0.000301	5.762968	0.007759
40	G	14928	2813918	2622264	0.005693	40211	303	2810239	1472	275426	258840	0.005687	166	0	275006	0	0	0	nan	0	0	0	0.000006	0.000155	0.000006	0.000155	0.000155	0.003995
41	G	11266	2813280	2649269	0.004252	40384	303	2808764	906	275377	261044	0.003471	166	0	274852	0	0	0	nan	0	0	0	0.000782	0.000122	0.000782	0.000122	0.020157	0.003145
42	U	3287	2812756	2636703	0.001247	40546	303	2807538	271	275332	259464	0.001044	166	0	274727	0	0	0	nan	0	0	0	0.000202	0.000067	0.000202	0.000067	0.005207	0.001727
43	G	7816	2812428	2654990	0.002944	40664	303	2806713	623	275308	261098	0.002386	166	0	274649	0	0	0	nan	0	0	0	0.000558	0.000101	0.000558	0.000101	0.014383	0.002603
44	C	1617	2812172	2636037	0.000613	40815	303	2806062	104	275292	259860	0.000400	167	0	274599	0	0	0	nan	0	0	0	0.000213	0.000042	0.000213	0.000042	0.005490	0.001083
45	A	26977	2811891	2678046	0.010073	40877	303	2805443	98	275270	262302	0.000374	167	0	274544	0	0	0	nan	0	0	0	0.009700	0.000072	0.009700	0.000072	0.250027	0.001856
46	U	3214	2811564	2681942	0.001198	40967	304	2804739	273	275251	262631	0.001039	167	0	274468	0	0	0	nan	0	0	0	0.000159	0.000066	0.000159	0.000066	0.004098	0.001701
47	G	12723	2810752	2650415	0.004800	41001	304	2803088	857	275184	259184	0.003307	167	0	274278	0	0	0	nan	0	0	0	0.001494	0.000121	0.001494	0.000121	0.038509	0.003119
48	C	6271	2810092	2620544	0.002393	41066	305	2801471	264	275120	256183	0.001031	167	0	274062	0	0	0	nan	0	0	0	0.001363	0.000070	0.001363	0.000070	0.035133	0.001804
49	C	4281	2809260	2613865	0.001638	41205	307	2799574	141	275042	255384	0.000552	167	0	273852	0	0	0	nan	0	0	0	0.001086	0.000053	0.001086	0.000053	0.027993	0.001366
50	G	5133	2808184	2604676	0.001971	41327	305	2797312	190	274900	256030	0.000742	167	0	273560	0	0	0	nan	0	0	0	0.001229	0.000060	0.001229	0.000060	0.031679	0.001547
51	A	4738	2807008	2603134	0.001820	41423	304	2794600	139	274727	256159	0.000543	167	0	273183	0	0	0	nan	0	0	0	0.001277	0.000053	0.001277	0.000053	0.032916	0.001366
52	G	26104	2806405	2567925	0.010165	41497	304	2792977	1419	274675	253094	0.005607	167	0	272994	0	0	0	nan	0	0	0	0.004559	0.000162	0.004559	0.000162	0.117513	0.004176
53	G	11754	2806021	2578502	0.004558	41569	305	2792019	865	274642	253687	0.003410	167	0	272886	0	0	0	nan	0	0	0	0.001149	0.000123	0.001149	0.000123	0.029617	0.003170
54	G	5839	2805720	2573609	0.002269	41625	305	2791159	595	274623	253248	0.002349	167	0	272806	0	0	0	nan	0	0	0	-0.000081	0.000101	-0.000081	0.000101	-0.002088	0.002603
55	G	11037	2805509	2597211	0.004250	41821	306	2790559	605	274601	256318	0.002360	167	0	272742	0	0	0	nan	0	0	0	0.001889	0.000104	0.001889	0.000104	0.048691	0.002681
56	C	20262	2805231	2632632	0.007696	41879	305	2789868	182	274584	259981	0.000700	167	0	272664	0	0	0	nan	0	0	0	0.006996	0.000075	0.006996	0.000075	0.180329	0.001933
57	G	13993	2804934	2631412	0.005318	41931	304	2789016	630	274563	261299	0.002411	167	0	272590	0	0	0	nan	0	0	0	0.002907	0.000106	0.002907	0.000106	0.074931	0.002732
58	G	15085	2804450	2562136	0.005888	41955	304	2787459	668	274528	254976	0.002620	167	0	272459	0	0	0	nan	0	0	0	0.003268	0.000112	0.003268	0.000112	0.084236	0.002887
59	U	45128	2803877	2511832	0.017966	41991	302	2785887	298	274493	252419	0.001181	167	0	272312	0	0	0	nan	0	0	0	0.016786	0.000109	0.016786	0.000109	0.432676	0.002810
60	U	100596	2803571	2495044	0.040318	41994	302	2784876	195	274480	245258	0.000795	167	0	272231	0	0	0	nan	0	0	0	0.039523	0.000139	0.039523	0.000139	1.018744	0.003583
61	G	38340	2803217	2501631	0.015326	42077	301	2783717	435	274456	246619	0.001764	167	0	272116	0	0	0	nan	0	0	0	0.013562	0.000115	0.013562	0.000115	0.349574	0.002964
62	G	25463	2802974	2516789	0.010117	42082	301	2782966	633	274439	248240	0.002550	167	0	272064	0	0	0	nan	0	0	0	0.007567	0.000120	0.007567	0.000120	0.195047	0.003093
63	C	6431	2802772	2546912	0.002525	42102	301	2782392	210	274424	250675	0.000838	167	0	272016	0	0	0	nan	0	0	0	0.001687	0.000066	0.001687	0.000066	0.043484	0.001701
64	C	7016	2802490	2589394	0.002710	42101	301	2781511	242	274405	254716	0.000950	167	0	271943	0	0	0	nan	0	0	0	0.001759	0.000069	0.001759	0.000069	0.045340	0.001779
65	U	10408	2802114	2615152	0.003980	42124	301	2780557	834	274383	257655	0.003237	167	0	271869	0	0	0	nan	0	0	0	0.000743	0.000119	0.000743	0.000119	0.019152	0.003067
66	C	4066	2801938	2620182	0.001552	42457	301	2780134	233	274372	258280	0.000902	167	0	271829	0	0	0	nan	0	0	0	0.000650	0.000064	0.000650	0.000064	0.016754	0.001650
67	G	12254	2801688	2624383	0.004669	42456	299	2779426	536	274357	258850	0.002071	167	0	271770	0	0	0	nan	0	0	0	0.002599	0.000099	0.002599	0.000099	0.066992	0.002552
68	U	111294	2801496	2592645	0.042927	42460	299	2778820	5015	274348	257013	0.019513	167	0	271736	0	0	0	nan	0	0	0	0.023414	0.000304	0.023414	0.000304	0.603519	0.007836
69	A	43705	2801298	2560410	0.017070	42532	299	2777996	257	274326	257035	0.001000	167	0	271684	0	0	0	nan	0	0	0	0.016070	0.000103	0.016070	0.000103	0.414220	0.002655
70	A	23084	2801072	2575814	0.008962	42599	299	2777258	119	274314	257136	0.000463	167	0	271614	0	0	0	nan	0	0	0	0.008499	0.000073	0.008499	0.000073	0.219070	0.001882
71	A	8829	2800821	2581984	0.003419	42626	299	2776527	45	274299	257688	0.000175	167	0	271539	0	0	0	nan	0	0	0	0.003245	0.000045	0.003245	0.000045	0.083643	0.001160
72	A	4456	2800537	2567371	0.001736	42639	299	2775757	79	274284	257176	0.000307	167	0	271489	0	0	0	nan	0	0	0	0.001428	0.000043	0.001428	0.000043	0.036808	0.001108
73	A	19537	2800146	2511843	0.007778	42651	298	2774448	64	274259	253807	0.000252	167	0	271396	0	0	0	nan	0	0	0	0.007526	0.000064	0.007526	0.000064	0.193990	0.001650
74	G	4223	2799442	2444699	0.001727	42665	295	2771964	776	274225	252190	0.003077	166	0	271231	0	0	0	nan	0	0	0	-0.001350	0.000114	-0.001350	0.000114	-0.034798	0.002938
75	C	5979	2798953	2379486	0.002513	42665	293	2770847	159	274187	251296	0.000633	166	0	271088	0	0	0	nan	0	0	0	0.001880	0.000060	0.001880	0.000060	0.048459	0.001547
76	C	9833	2798365	2355646	0.004174	42932	290	2769417	125	274140	254857	0.000490	171	0	270930	0	0	0	nan	0	0	0	0.003684	0.000061	0.003684	0.000061	0.094959	0.001572
77	G	76742	2797560	2287135	0.033554	43427	288	2767303	1182	274083	250609	0.004717	170	0	270735	0	0	0	nan	0	0	0	0.028837	0.000183	0.028837	0.000183	0.743302	0.004717
78	C	377543	2796867	2160136	0.174777	43440	288	2765714	29757	274022	251954	0.118105	169	0	270540	0	0	0	nan	0	0	0	0.056673	0.000741	nan	nan	nan	nan
79	A	147659	2796238	1846938	0.079948	44106	279	2764042	745	273962	248237	0.003001	172	0	270334	0	0	0	nan	0	0	0	0.076947	0.000235	0.076947	0.000235	1.983384	0.006057
80	A	255634	2795781	2090908	0.122260	44299	276	2762901	532	273916	247196	0.002152	172	0	270147	0	0	0	nan	0	0	0	0.120108	0.000259	0.120108	0.000259	3.095902	0.006676
81	A	56810	2795395	2172055	0.026155	44499	275	2761899	98	273878	247527	0.000396	172	0	270018	0	0	0	nan	0	0	0	0.025759	0.000117	0.025759	0.000117	0.663964	0.003016
82	A	21969	2794968	2185461	0.010052	44632	272	2760750	77	273852	247483	0.000311	172	0	269917	0	0	0	nan	0	0	0	0.009741	0.000077	0.009741	0.000077	0.251084	0.001985
83	A	58406	2794295	2146537	0.027209	44726	270	2758921	67	273802	248194	0.000270	172	0	269740	0	0	0	nan	0	0	0	0.026939	0.000117	0.026939	0.000117	0.694379	0.003016
84	A	164733	2793657	2211325	0.074495	44851	261	2756676	124	273772	249332	0.000497	171	0	269595	0	0	0	nan	0	0	0	0.073998	0.000189	0.073998	0.000189	1.907371	0.004872
85	U	90083	2792793	2207985	0.040799	44956	245	2752433	210	273729	251455	0.000835	171	0	269388	0	0	0	nan	0	0	0	0.039964	0.000148	0.039964	0.000148	1.030111	0.003815
86	A	157147	2792408	2208176	0.071166	44990	243	2751065	132	273695	255452	0.000517	170	0	269249	0	0	0	nan	0	0	0	0.070649	0.000185	0.070649	0.000185	1.821047	0.004769
87	G	8175	2791736	2228011	0.003669	45150	236	2742475	119	273652	257914	0.000461	171	0	269076	0	0	0	nan	0	0	0	0.003208	0.000059	0.003208	0.000059	0.082689	0.001521
88	U	11213	2791435	2167086	0.005174	45168	236	2741229	704	273624	255904	0.002751	171	0	268939	0	0	0	nan	0	0	0	0.002423	0.000115	0.002423	0.000115	0.062455	0.002964
89	C	31802	2791057	2104058	0.015115	45351	235	2739775	222	273608	254524	0.000872	171	0	268848	0	0	0	nan	0	0	0	0.014242	0.000103	0.014242	0.000103	0.367102	0.002655
90	G	44838	2790674	2069994	0.021661	45477	231	2738429	1221	273597	252337	0.004839	171	0	268796	0	0	0	nan	0	0	0	0.016822	0.000172	0.016822	0.000172	0.433604	0.004433
91	C	258471	2790343	1951387	0.132455	45494	230	2737238	865	273582	252177	0.003430	171	0	268739	0	0	0	nan	0	0	0	0.129025	0.000285	0.129025	0.000285	3.325746	0.007346
92	A	122662	2789979	1830957	0.066993	45790	194	2735884	113	273557	253502	0.000446	170	0	268670	0	0	0	nan	0	0	0	0.066548	0.000196	0.066548	0.000196	1.715340	0.005052
93	A	263218	2789456	2029945	0.129668	45843	193	2734104	97	273521	255234	0.000380	170	0	268557	0	0	0	nan	0	0	0	0.129288	0.000256	0.129288	0.000256	3.332525	0.006599
94	A	181405	2789056	2101711	0.086313	46174	193	2732631	98	273491	255395	0.000384	170	0	268416	0	0	0	nan	0	0	0	0.085929	0.000206	0.085929	0.000206	2.214904	0.005310
95	C	133930	2788701	2133645	0.062771	47625	192	2731113	104	273459	253614	0.000410	169	0	268224	0	0	0	nan	0	0	0	0.062360	0.000176	0.062360	0.000176	1.607390	0.004537
96	G	60972	2788335	2153355	0.028315	47995	187	2729815	359	273428	251261	0.001429	168	0	268091	0	0	0	nan	0	0	0	0.026886	0.000137	0.026886	0.000137	0.693013	0.003531
97	A	27283	2787999	2157863	0.012644	48094	187	2728785	120	273400	250871	0.000478	168	0	267965	0	0	0	nan	0	0	0	0.012165	0.000088	0.012165	0.000088	0.313565	0.002268
98	C	36915	2787698	2144602	0.017213	49639	172	2727773	102	273373	251080	0.000406	167	0	267836	0	0	0	nan	0	0	0	0.016807	0.000098	0.016807	0.000098	0.433217	0.002526
99	G	111111	2787348	2015879	0.055118	49726	171	2726804	811	273323	248413	0.003265	166	0	267684	0	0	0	nan	0	0	0	0.051853	0.000201	0.051853	0.000201	1.336562	0.005181
100	A	48123	2787040	1964715	0.024494	50347	172	2726111	218	273296	246545	0.000884	166	0	267563	0	0	0	nan	0	0	0	0.023609	0.000127	0.023609	0.000127	0.608545	0.003274
101	A	133060	2786753	2001621	0.066476	50653	172	2725209	83	273275	243869	0.000340	166	0	267472	0	0	0	nan	0	0	0	0.066136	0.000186	0.066136	0.000186	1.704720	0.004794
102	A	37508	2786429	2018645	0.018581	50750	172	2724054	80	273251	246500	0.000325	166	0	267381	0	0	0	nan	0	0	0	0.018256	0.000103	0.018256	0.000103	0.470566	0.002655
103	A	172248	2786163	2025806	0.085027	50789	172	2722825	122	273232	248638	0.000491	164	0	267280	0	0	0	nan	0	0	0	0.084536	0.000210	0.084536	0.000210	2.178998	0.005413
104	C	267261	2785786	2054428	0.130090	50877	160	2720742	106	273207	252055	0.000421	163	0	267146	0	0	0	nan	0	0	0	0.129670	0.000255	0.129670	0.000255	3.342372	0.006573
105	U	159368	2785483	2181610	0.073051	50973	157	2719435	110	273182	250818	0.000439	163	0	266988	0	0	0	nan	0	0	0	0.072612	0.000188	0.072612	0.000188	1.871646	0.004846
106	A	198251	2785101	2275351	0.087130	51020	151	2717921	133	273142	249987	0.000532	163	0	266766	0	0	0	nan	0	0	0	0.086598	0.000201	0.086598	0.000201	2.232148	0.005181
107	C	289520	2784712	2410142	0.120126	51168	146	2716399	101	273110	247628	0.000408	163	0	266577	0	0	0	nan	0	0	0	0.119718	0.000227	0.119718	0.000227	3.085849	0.005851
108	G	21905	2784449	2453247	0.008929	51400	144	2715460	563	273092	247718	0.002273	163	0	266496	0	0	0	nan	0	0	0	0.006656	0.000113	0.006656	0.000113	0.171565	0.002913
109	C	26440	2784171	2428857	0.010886	51410	144	2714533	375	273078	242573	0.001546	163	0	266392	0	0	0	nan	0	0	0	0.009340	0.000104	0.009340	0.000104	0.240748	0.002681
110	U	18019	2783857	2438965	0.007388	51433	144	2713389	769	273052	244165	0.003150	164	0	266263	0	0	0	nan	0	0	0	0.004238	0.000126	0.004238	0.000126	0.109239	0.003248
111	U	19438	2783625	2459454	0.007903	51445	144	2712402	173	273040	246190	0.000703	164	0	266189	0	0	0	nan	0	0	0	0.007201	0.000078	0.007201	0.000078	0.185613	0.002011
112	U	13112	2783303	2466882	0.005315	51440	144	2711033	183	273018	249820	0.000733	164	0	266082	0	0	0	nan	0	0	0	0.004583	0.000071	0.004583	0.000071	0.118131	0.001830
113	A	60445	2782880	2470271	0.024469	51454	144	2709028	98	272978	246257	0.000398	164	0	265905	0	0	0	nan	0	0	0	0.024071	0.000107	0.024071	0.000107	0.620454	0.002758
114	G	8653	2782512	2454926	0.003525	51486	144	2707222	491	272953	244963	0.002004	163	0	265741	0	0	0	nan	0	0	0	0.001520	0.000098	0.001520	0.000098	0.039179	0.002526
115	C	17071	2782173	2442794	0.006988	51487	144	2705625	159	272937	244809	0.000649	163	0	265622	0	0	0	nan	0	0	0	0.006339	0.000074	0.006339	0.000074	0.163394	0.001907
116	A	7576	2781757	2434474	0.003112	51489	137	2703786	117	272909	246630	0.000474	163	0	265429	0	0	0	nan	0	0	0	0.002638	0.000057	0.002638	0.000057	0.067997	0.001469
117	G	10025	2781401	2424527	0.004135	51511	130	2702259	581	272871	246316	0.002359	162	0	265225	0	0	0	nan	0	0	0	0.001776	0.000106	0.001776	0.000106	0.045778	0.002732
118	C	51719	2781072	2370388	0.021819	51516	130	2701062	226	272845	243249	0.000929	162	0	265103	0	0	0	nan	0	0	0	0.020890	0.000114	0.020890	0.000114	0.538460	0.002938
119	U	17507	2780794	2204956	0.007940	51490	128	2699900	317	272830	241944	0.001310	162	0	265015	0	0	0	nan	0	0	0	0.006630	0.000095	0.006630	0.000095	0.170895	0.002449
120	U	13482	2780519	2038491	0.006614	51492	121	2699111	242	272787	240209	0.001007	160	0	264897	0	0	0	nan	0	0	0	0.005606	0.000086	0.005606	0.000086	0.144500	0.002217
121	A	133064	2780191	1920696	0.069279	51511	118	2698355	102	272693	241976	0.000422	159	0	264766	0	0	0	nan	0	0	0	0.068858	0.000194	0.068858	0.000194	1.774883	0.005001
122	A	115811	2779871	1968927	0.058819	51562	119	2697309	107	272672	244991	0.000437	159	0	264693	0	0	0	nan	0	0	0	0.058383	0.000178	0.058383	0.000178	1.504879	0.004588
123	U	64866	2779532	1920031	0.033784	51579	116	2695929	96	272657	245329	0.000391	159	0	264626	0	0	0	nan	0	0	0	0.033393	0.000139	0.033393	0.000139	0.860737	0.003583
124	A	217439	2779281	1943193	0.111898	51689	103	2695043	88	272636	247805	0.000355	159	0	264553	0	0	0	nan	0	0	0	0.111543	0.000243	0.111543	0.000243	2.875130	0.006264
125	A	214227	2779052	1995962	0.107330	51700	101	2694161	118	272620	244757	0.000482	159	0	264481	0	0	0	nan	0	0	0	0.106848	0.000236	0.106848	0.000236	2.754112	0.006083
126	C	482146	2778810	2207394	0.218423	51762	93	2692984	112	272601	246015	0.000455	159	0	264388	0	0	0	nan	0	0	0	0.217968	0.000317	0.217968	0.000317	5.618339	0.008171
127	C	15432	2778624	2374081	0.006500	51805	88	2692429	138	272581	245938	0.000561	159	0	264291	0	0	0	nan	0	0	0	0.005939	0.000071	0.005939	0.000071	0.153084	0.001830
128	U	8813	2778291	2361552	0.003732	51841	88	2691186	228	272562	245128	0.000930	157	0	264170	0	0	0	nan	0	0	0	0.002802	0.000073	0.002802	0.000073	0.072224	0.001882
129	G	23643	2778018	2378144	0.009942	51845	80	2690377	999	272544	245253	0.004073	157	0	264074	0	0	0	nan	0	0	0	0.005868	0.000144	0.005868	0.000144	0.151253	0.003712
130	C	15237	2777765	2362288	0.006450	52032	79	2689533	1983	272525	244257	0.008118	157	0	263960	0	0	0	nan	0	0	0	-0.001668	0.000190	-0.001668	0.000190	-0.042994	0.004897
131	U	40663	2777245	2376124	0.017113	52041	79	2687921	230	272497	245806	0.000936	156	0	263815	0	0	0	nan	0	0	0	0.016177	0.000105	0.016177	0.000105	0.416978	0.002706
132	U	57003	2776421	2387649	0.023874	52056	79	2685719	116	272465	246860	0.000470	156	0	263585	0	0	0	nan	0	0	0	0.023404	0.000109	0.023404	0.000109	0.603261	0.002810
133	A	87590	2775675	2339463	0.037440	52062	78	2683498	101	272418	240863	0.000419	156	0	263355	0	0	0	nan	0	0	0	0.037021	0.000133	0.037021	0.000133	0.954253	0.003428
134	G	34045	2775025	2350769	0.014482	52101	77	2681117	289	272383	239547	0.001206	156	0	263077	0	0	0	nan	0	0	0	0.013276	0.000106	0.013276	0.000106	0.342202	0.002732
135	A	36117	2774586	2320192	0.015566	52121	60	2679454	70	272360	235177	0.000298	156	0	262911	0	0	0	nan	0	0	0	0.015269	0.000089	0.015269	0.000089	0.393573	0.002294
136	G	18968	2774285	2342271	0.008098	52142	60	2678192	996	272337	236679	0.004208	156	0	262758	0	0	0	nan	0	0	0	0.003890	0.000146	0.003890	0.000146	0.100269	0.003763
137	C	44471	2774008	2336560	0.019033	52155	58	2677117	5522	272318	234241	0.023574	156	0	262648	0	0	0	nan	0	0	0	-0.004541	0.000330	-0.004541	0.000330	-0.117049	0.008506
138	C	34312	2773590	2374651	0.014449	52162	57	2675516	1328	272295	236677	0.005611	156	0	262497	0	0	0	nan	0	0	0	0.008838	0.000173	0.008838	0.000173	0.227808	0.004459
139	C	4948	2773257	2386626	0.002073	52160	57	2673898	705	272266	238221	0.002959	156	0	262317	0	0	0	nan	0	0	0	-0.000886	0.000115	-0.000886	0.000115	-0.022838	0.002964
140	U	23428	2772855	2426285	0.009656	52128	57	2671605	2230	272230	243199	0.009169	154	0	262104	0	0	0	nan	0	0	0	0.000486	0.000204	0.000486	0.000204	0.012527	0.005258
141	C	1911	2772557	2379204	0.000803	50946	56	2670209	134	272214	240497	0.000557	103	0	262019	0	0	0	nan	0	0	0	0.000246	0.000052	0.000246	0.000052	0.006341	0.001340
142	U	10712	2772223	2384572	0.004492	50946	56	2668916	1139	272196	242765	0.004692	103	0	261906	0	0	0	nan	0	0	0	-0.000200	0.000146	-0.000200	0.000146	-0.005155	0.003763
143	C	2782	2772042	2352134	0.001183	50945	56	2668549	86	272191	240854	0.000357	103	0	261890	0	0	0	nan	0	0	0	0.000826	0.000045	0.000826	0.000045	0.021291	0.001160
144	U	15802	2771863	2365602	0.006680	50942	56	2668166	1426	272188	244338	0.005836	104	0	261858	0	0	0	nan	0	0	0	0.000844	0.000163	0.000844	0.000163	0.021755	0.004201
145	C	9874	2771734	2343839	0.004213	50946	56	2668280	605	272176	243311	0.002487	105	0	261838	0	0	0	nan	0	0	0	0.001726	0.000110	0.001726	0.000110	0.044489	0.002835
146	C	3905	2771489	2358764	0.001656	50949	56	2667946	213	272159	245606	0.000867	105	0	261751	0	0	0	nan	0	0	0	0.000788	0.000065	0.000788	0.000065	0.020311	0.001675
147	C	5163	2771313	2348960	0.002198	50954	56	2667496	227	272155	245662	0.000924	105	0	261705	0	0	0	nan	0	0	0	0.001274	0.000069	0.001274	0.000069	0.032839	0.001779
148	U	3430	2771019	2241046	0.001531	50466	56	2666282	328	272141	241654	0.001357	87	0	261603	0	0	0	nan	0	0	0	0.000173	0.000079	0.000173	0.000079	0.004459	0.002036
149	A	362113	2770610	2269651	0.159546	50602	58	2664668	115	272123	236648	0.000486	87	0	261486	0	0	0	nan	0	0	0	0.159060	0.000269	0.159060	0.000269	4.099928	0.006934
150	G	29473	2770474	2275327	0.012953	50768	60	2664475	558	272114	236647	0.002358	86	0	261437	0	0	0	nan	0	0	0	0.010595	0.000125	0.010595	0.000125	0.273097	0.003222
151	C	9219	2770300	2282143	0.004040	50773	60	2663959	248	272113	239105	0.001037	86	0	261397	0	0	0	nan	0	0	0	0.003002	0.000078	0.003002	0.000078	0.077379	0.002011
152	C	5920	2770101	2298546	0.002576	50728	60	2663318	77	272110	242439	0.000318	84	0	261312	0	0	0	nan	0	0	0	0.002258	0.000049	0.002258	0.000049	0.058202	0.001263
153	U	19264	2769868	2285954	0.008427	50724	62	2662563	1704	272100	243289	0.007004	84	0	261227	0	0	0	nan	0	0	0	0.001423	0.000180	0.001423	0.000180	0.036679	0.004640
154	C	83890	2769426	2274268	0.036887	50732	61	2660891	253	272066	243135	0.001041	84	0	261043	0	0	0	nan	0	0	0	0.035846	0.000143	0.035846	0.000143	0.923966	0.003686
155	C	123975	2768980	2339330	0.052996	50733	61	2659390	180	272029	244356	0.000737	84	0	260794	0	0	0	nan	0	0	0	0.052259	0.000160	0.052259	0.000160	1.347027	0.004124
156	G	10733	2768448	2348173	0.004571	50691	61	2657411	777	271978	245004	0.003171	82	0	260533	0	0	0	nan	0	0	0	0.001399	0.000122	0.001399	0.000122	0.036061	0.003145
157	C	13733	2767920	2232549	0.006151	50630	61	2655147	124	271947	231264	0.000536	77	0	260277	0	0	0	nan	0	0	0	0.005615	0.000071	0.005615	0.000071	0.144732	0.001830
158	U	9102	2767314	2232350	0.004077	50573	61	2652729	911	271904	231183	0.003941	75	0	260031	0	0	0	nan	0	0	0	0.000137	0.000137	0.000137	0.000137	0.003531	0.003531
159	C	12344	2767070	2202232	0.005605	50548	61	2652242	207	271889	227828	0.000909	75	0	259981	0	0	0	nan	0	0	0	0.004697	0.000081	0.004697	0.000081	0.121070	0.002088
160	U	2547	2766526	2267976	0.001123	50511	61	2650441	195	271827	236876	0.000823	74	0	259766	0	0	0	nan	0	0	0	0.000300	0.000063	0.000300	0.000063	0.007733	0.001624
161	U	1778	2765456	2248263	0.000791	50494	61	2647897	82	271733	237265	0.000346	73	0	259522	0	0	0	nan	0	0	0	0.000445	0.000043	0.000445	0.000043	0.011470	0.001108
162	A	30665	2764676	2236378	0.013712	50458	61	2646092	107	271678	239981	0.000446	71	0	259389	0	0	0	nan	0	0	0	0.013266	0.000089	0.013266	0.000089	0.341944	0.002294
163	G	10315	2763912	2193868	0.004702	50451	61	2644098	381	271633	237683	0.001603	70	0	259254	0	0	0	nan	0	0	0	0.003099	0.000094	0.003099	0.000094	0.079880	0.002423
164	G	4849	2763166	2154341	0.002251	50509	62	2641741	214	271581	236874	0.000903	69	0	259072	0	0	0	nan	0	0	0	0.001347	0.000070	0.001347	0.000070	0.034720	0.001804
165	A	173112	2762510	2151994	0.080443	50502	62	2639241	142	271536	237873	0.000597	68	0	258920	0	0	0	nan	0	0	0	0.079846	0.000200	0.079846	0.000200	2.058109	0.005155
166	C	145217	2762105	2179829	0.066619	51018	62	2638186	135	271501	240672	0.000561	68	0	258832	0	0	0	nan	0	0	0	0.066058	0.000181	0.066058	0.000181	1.702710	0.004665
167	G	17251	2761374	2193533	0.007864	51758	65	2635946	1456	271441	240987	0.006042	68	0	258651	0	0	0	nan	0	0	0	0.001823	0.000169	0.001823	0.000169	0.046990	0.004356
168	G	7238	2760545	2170419	0.003335	51854	65	2632446	1219	271387	239921	0.005081	68	0	258357	0	0	0	nan	0	0	0	-0.001746	0.000151	-0.001746	0.000151	-0.045005	0.003892
169	G	3281	2759945	2193682	0.001496	51867	65	2629860	517	271362	240160	0.002153	68	0	258190	0	0	0	nan	0	0	0	-0.000657	0.000098	-0.000657	0.000098	-0.016935	0.002526
170	G	3775	2759323	2131681	0.001771	51862	65	2627102	371	271354	238577	0.001555	68	0	258076	0	0	0	nan	0	0	0	0.000216	0.000086	0.000216	0.000086	0.005568	0.002217
171	A	163514	2758734	2142698	0.076312	51861	65	2624286	161	271333	234853	0.000686	68	0	257946	0	0	0	nan	0	0	0	0.075627	0.000196	0.075627	0.000196	1.949360	0.005052
172	U	22271	2758439	2149931	0.010359	51935	65	2623071	425	271326	234835	0.001810	68	0	257872	0	0	0	nan	0	0	0	0.008549	0.000112	0.008549	0.000112	0.220359	0.002887
173	C	280535	2758108	2126602	0.131917	52026	67	2621693	161	271312	237242	0.000679	67	0	257852	0	0	0	nan	0	0	0	0.131238	0.000255	0.131238	0.000255	3.382788	0.006573
174	A	309045	2757723	2267817	0.136274	52218	72	2620361	130	271291	242116	0.000537	66	0	257734	0	0	0	nan	0	0	0	0.135737	0.000250	0.135737	0.000250	3.498754	0.006444
175	A	51563	2757280	2304538	0.022375	52326	73	2618543	154	271265	242888	0.000634	66	0	257541	0	0	0	nan	0	0	0	0.021741	0.000111	0.021741	0.000111	0.560396	0.002861
176	G	23857	2756810	2307787	0.010338	52429	73	2616794	251	271228	240317	0.001044	67	0	257352	0	0	0	nan	0	0	0	0.009293	0.000094	0.009293	0.000094	0.239536	0.002423
177	A	17635	2756212	2303349	0.007656	52457	74	2614277	157	271181	239404	0.000656	66	0	257120	0	0	0	nan	0	0	0	0.007000	0.000078	0.007000	0.000078	0.180432	0.002011
178	G	4748	2755810	2296400	0.002068	52497	75	2612697	149	271138	238636	0.000624	66	0	256937	0	0	0	nan	0	0	0	0.001443	0.000059	0.001443	0.000059	0.037195	0.001521
179	A	11731	2755415	2303274	0.005093	52663	78	2611160	135	271098	239340	0.000564	66	0	256776	0	0	0	nan	0	0	0	0.004529	0.000068	0.004529	0.000068	0.116739	0.001753
180	G	15795	2755092	2297033	0.006876	52821	80	2610026	977	271070	238904	0.004090	66	0	256689	0	0	0	nan	0	0	0	0.002787	0.000142	0.002787	0.000142	0.071838	0.003660
181	G	5919	2754779	2270172	0.002607	54794	105	2609115	640	271030	235276	0.002720	66	0	256622	0	0	0	nan	0	0	0	-0.000113	0.000113	-0.000113	0.000113	-0.002913	0.002913
182	U	23481	2754567	2231227	0.010524	55754	118	2608517	749	271022	232680	0.003219	68	0	256624	0	0	0	nan	0	0	0	0.007305	0.000136	0.007305	0.000136	0.188294	0.003506
183	C	50044	2754394	2063255	0.024255	57631	144	2608096	402	271017	235040	0.001710	67	0	256625	0	0	0	nan	0	0	0	0.022545	0.000138	0.022545	0.000138	0.581120	0.003557
184	A	37661	2754257	1988399	0.018940	66278	262	2608017	123	271007	238605	0.000515	67	0	256705	0	0	0	nan	0	0	0	0.018425	0.000108	0.018425	0.000108	0.474922	0.002784
185	A	179413	2753869	2020186	0.088810	66628	269	2607175	68	271001	244316	0.000278	67	0	256781	0	0	0	nan	0	0	0	0.088532	0.000212	0.088532	0.000212	2.281999	0.005465
186	A	218509	2753644	2040609	0.107080	67880	281	2606811	244	270989	243628	0.001002	67	0	256801	0	0	0	nan	0	0	0	0.106079	0.000238	0.106079	0.000238	2.734290	0.006135
187	C	272848	2753440	2027672	0.134562	70863	302	2606640	428	270976	241703	0.001771	66	0	256802	0	0	0	nan	0	0	0	0.132791	0.000271	0.132791	0.000271	3.422818	0.006985
188	C	282734	2752925	2184701	0.129415	71381	305	2605646	187	270957	241223	0.000775	65	0	256770	0	0	0	nan	0	0	0	0.128640	0.000250	0.128640	0.000250	3.315822	0.006444
189	C	249560	2752135	2309867	0.108041	73626	317	2604184	6307	270912	240633	0.026210	64	0	256612	0	0	0	nan	0	0	0	0.081831	0.000395	0.081831	0.000395	2.109274	0.010182
190	A	36591	2751199	2307361	0.015858	74939	325	2602677	220	270860	239132	0.000920	62	0	256378	0	0	0	nan	0	0	0	0.014938	0.000104	0.014938	0.000104	0.385042	0.002681
191	A	44427	2750475	2324565	0.019112	75060	329	2600268	86	270791	235919	0.000365	60	0	256115	0	0	0	nan	0	0	0	0.018747	0.000099	0.018747	0.000099	0.483222	0.002552
192	A	7775	2749841	2306762	0.003371	75455	329	2597915	81	270740	234156	0.000346	60	0	255937	0	0	0	nan	0	0	0	0.003025	0.000054	0.003025	0.000054	0.077972	0.001392
193	A	16088	2749297	2301372	0.006991	75516	330	2595619	134	270695	234797	0.000571	58	0	255813	0	0	0	nan	0	0	0	0.006420	0.000074	0.006420	0.000074	0.165482	0.001907
194	G	19101	2748821	2282789	0.008367	75551	329	2593563	286	270671	232924	0.001228	51	0	255736	0	0	0	nan	0	0	0	0.007140	0.000095	0.007140	0.000095	0.184041	0.002449
195	A	20356	2748499	2292404	0.008880	75562	329	2592280	151	270641	234076	0.000645	51	0	255679	0	0	0	nan	0	0	0	0.008235	0.000081	0.008235	0.000081	0.212265	0.002088
196	G	3456	2748210	2301799	0.001501	75571	329	2591784	181	270629	234760	0.000771	51	0	255768	0	0	0	nan	0	0	0	0.000730	0.000063	0.000730	0.000063	0.018816	0.001624
197	A	37892	2747956	2323363	0.016309	75550	329	2591200	84	270622	238130	0.000353	50	0	255854	0	0	0	nan	0	0	0	0.015956	0.000092	0.015956	0.000092	0.411282	0.002371
198	U	6990	2747717	2338704	0.002989	75545	329	2590927	278	270612	239370	0.001161	48	0	255917	0	0	0	nan	0	0	0	0.001827	0.000078	0.001827	0.000078	0.047093	0.002011
199	C	20949	2747438	2332586	0.008981	75549	329	2591145	237	270602	239156	0.000991	48	0	256133	0	0	0	nan	0	0	0	0.007990	0.000089	0.007990	0.000089	0.205950	0.002294
200	G	10259	2747153	2347739	0.004370	75557	329	2592166	760	270567	240684	0.003158	48	0	256387	0	0	0	nan	0	0	0	0.001212	0.000122	0.001212	0.000122	0.031240	0.003145
201	C	3597	2746823	2324909	0.001547	75552	329	2591832	153	270529	241064	0.000635	45	0	256413	0	0	0	nan	0	0	0	0.000912	0.000057	0.000912	0.000057	0.023508	0.001469
202	G	4017	2746345	2305061	0.001743	75548	329	2591636	171	270497	240714	0.000710	45	0	256469	0	0	0	nan	0	0	0	0.001032	0.000061	0.001032	0.000061	0.026601	0.001572
203	U	3616	2745886	2190652	0.001651	75538	329	2590697	263	270483	240819	0.001092	45	0	256530	0	0	0	nan	0	0	0	0.000559	0.000073	0.000559	0.000073	0.014409	0.001882
204	G	12469	2745339	2122204	0.005875	75527	329	2589435	506	270456	239406	0.002114	45	0	256519	0	0	0	nan	0	0	0	0.003762	0.000108	0.003762	0.000108	0.096969	0.002784
205	G	23895	2744920	2050438	0.011654	75517	329	2588184	158	270444	238027	0.000664	46	0	256512	0	0	0	nan	0	0	0	0.010990	0.000092	0.010990	0.000092	0.283278	0.002371
206	A	399347	2744486	2107026	0.189531	75566	334	2586674	132	270422	238355	0.000554	44	0	256505	0	0	0	nan	0	0	0	0.188977	0.000304	0.188977	0.000304	4.871068	0.007836
207	A	42990	2744173	2227500	0.019300	75561	334	2586688	77	270402	238206	0.000323	44	0	256498	0	0	0	nan	0	0	0	0.018976	0.000100	0.018976	0.000100	0.489125	0.002578
208	G	16172	2743908	2230018	0.007252	75564	334	2586690	606	270382	237237	0.002554	44	0	256537	0	0	0	nan	0	0	0	0.004698	0.000118	0.004698	0.000118	0.121096	0.003042
209	C	7305	2743638	2216398	0.003296	75569	334	2586403	473	270353	234866	0.002014	44	0	256528	0	0	0	nan	0	0	0	0.001282	0.000100	0.001282	0.000100	0.033045	0.002578
210	C	4019	2743309	2218081	0.001812	75573	335	2586408	502	270339	235629	0.002130	44	0	256627	0	0	0	nan	0	0	0	-0.000319	0.000099	-0.000319	0.000099	-0.008223	0.002552
211	C	10196	2743158	2248365	0.004535	75577	335	2588052	726	270335	239173	0.003035	44	0	256986	0	0	0	nan	0	0	0	0.001499	0.000121	0.001499	0.000121	0.038638	0.003119
212	U	53364	2742935	2286163	0.023342	75589	336	2589410	472	270334	241979	0.001951	44	0	257323	0	0	0	nan	0	0	0	0.021392	0.000135	0.021392	0.000135	0.551400	0.003480
213	G	12280	2742632	2283895	0.005377	75597	336	2590513	707	270322	240871	0.002935	45	0	257560	0	0	0	nan	0	0	0	0.002442	0.000121	0.002442	0.000121	0.062945	0.003119
214	C	5291	2742369	2273956	0.002327	75602	337	2591164	276	270318	240234	0.001149	45	0	257813	0	0	0	nan	0	0	0	0.001178	0.000076	0.001178	0.000076	0.030364	0.001959
215	C	2961	2742005	2262554	0.001309	75606	340	2592024	103	270299	240132	0.000429	45	0	258006	0	0	0	nan	0	0	0	0.000880	0.000049	0.000880	0.000049	0.022683	0.001263
216	U	2572	2741402	2268250	0.001134	75607	339	2592400	197	270278	243024	0.000811	45	0	258198	0	0	0	nan	0	0	0	0.000323	0.000062	0.000323	0.000062	0.008326	0.001598
217	G	42546	2740952	2266972	0.018768	75615	339	2593235	1310	270273	244037	0.005368	47	0	258444	0	0	0	nan	0	0	0	0.013400	0.000174	0.013400	0.000174	0.345398	0.004485
218	G	8627	2740392	2269447	0.003801	75634	339	2592883	905	270261	245607	0.003685	47	0	258622	0	0	0	nan	0	0	0	0.000117	0.000129	0.000117	0.000129	0.003016	0.003325
219	G	7224	2739823	2230263	0.003239	75701	339	2592436	1010	270255	244697	0.004128	47	0	258759	0	0	0	nan	0	0	0	-0.000888	0.000135	-0.000888	0.000135	-0.022889	0.003480
220	G	14987	2739324	2187591	0.006851	75754	352	2591359	2113	270240	245186	0.008618	47	0	258828	0	0	0	nan	0	0	0	-0.001767	0.000196	-0.001767	0.000196	-0.045546	0.005052
221	U	6753	2738810	2162774	0.003122	75966	407	2589840	304	270227	245026	0.001241	46	0	258828	0	0	0	nan	0	0	0	0.001882	0.000081	0.001882	0.000081	0.048510	0.002088
222	U	3714	2738415	2149604	0.001728	75979	411	2588818	209	270217	245465	0.000851	46	0	258802	0	0	0	nan	0	0	0	0.000876	0.000065	0.000876	0.000065	0.022580	0.001675
223	G	9795	2738024	2034355	0.004815	75990	415	2587458	187	270188	243915	0.000767	46	0	258707	0	0	0	nan	0	0	0	0.004048	0.000074	0.004048	0.000074	0.104341	0.001907
224	A	714241	2737598	2009444	0.355442	76813	481	2585759	161	270164	241391	0.000667	46	0	258579	0	0	0	nan	0	0	0	0.354775	0.000424	0.354775	0.000424	9.144674	0.010929
225	A	302191	2737399	2192337	0.137840	78661	1182	2586112	99	270142	241137	0.000411	46	0	258490	0	0	0	nan	0	0	0	0.137429	0.000254	0.137429	0.000254	3.542367	0.006547
226	G	5920	2737306	2226469	0.002659	79954	1339	2587835	461	270135	241821	0.001906	46	0	258576	0	0	0	nan	0	0	0	0.000753	0.000095	0.000753	0.000095	0.019409	0.002449
227	C	6259	2737081	2255088	0.002776	80591	1355	2587979	449	270127	243395	0.001845	46	0	258621	0	0	0	nan	0	0	0	0.000931	0.000094	0.000931	0.000094	0.023997	0.002423
228	G	233596	2736857	2340514	0.099805	80599	1357	2588353	43649	270113	245230	0.177992	46	0	258687	0	0	0	nan	0	0	0	-0.078187	0.000877	nan	nan	nan	nan
229	U	3049	2736608	2352292	0.001296	82075	1790	2589814	277	270107	245693	0.001127	46	0	258920	0	0	0	nan	0	0	0	0.000169	0.000072	0.000169	0.000072	0.004356	0.001856
230	U	14259	2736308	2316217	0.006156	82132	1792	2590312	326	270104	246392	0.001323	46	0	259027	0	0	0	nan	0	0	0	0.004833	0.000090	0.004833	0.000090	0.124575	0.002320
231	A	32919	2736050	2285198	0.014405	84249	2339	2590653	154	270097	245686	0.000627	46	0	259042	0	0	0	nan	0	0	0	0.013778	0.000094	0.013778	0.000094	0.355141	0.002423
232	A	33046	2735890	2305977	0.014331	84453	2395	2590698	74	270087	244343	0.000303	46	0	259062	0	0	0	nan	0	0	0	0.014028	0.000086	0.014028	0.000086	0.361585	0.002217
233	A	8547	2735633	2297510	0.003720	84527	2428	2590285	47	270078	242323	0.000194	46	0	259076	0	0	0	nan	0	0	0	0.003526	0.000049	0.003526	0.000049	0.090886	0.001263
234	A	158327	2735418	2323686	0.068136	84546	2434	2589692	109	270066	242021	0.000450	46	0	259080	0	0	0	nan	0	0	0	0.067686	0.000177	0.067686	0.000177	1.744673	0.004562
235	C	227325	2735228	2311621	0.098340	85168	2638	2589805	171	270045	241842	0.000707	46	0	259114	0	0	0	nan	0	0	0	0.097633	0.000213	0.097633	0.000213	2.516586	0.005490
236	U	76908	2735050	2326921	0.033051	85230	2689	2589858	198	270036	243883	0.000812	46	0	259170	0	0	0	nan	0	0	0	0.032240	0.000132	0.032240	0.000132	0.831018	0.003402
237	U	94156	2734841	2306540	0.040821	85268	2702	2590083	291	270029	243901	0.001193	46	0	259285	0	0	0	nan	0	0	0	0.039628	0.000150	0.039628	0.000150	1.021451	0.003866
238	A	81084	2734543	2325396	0.034869	85383	2753	2590080	70	270016	245168	0.000286	45	0	259389	0	0	0	nan	0	0	0	0.034583	0.000127	0.034583	0.000127	0.891411	0.003274
239	A	118538	2734241	2362068	0.050184	85425	2762	2589917	75	270006	242652	0.000309	45	0	259447	0	0	0	nan	0	0	0	0.049875	0.000150	0.049875	0.000150	1.285577	0.003866
240	U	51638	2733917	2373502	0.021756	85676	2841	2589726	260	269986	242433	0.001072	44	0	259445	0	0	0	nan	0	0	0	0.020684	0.000117	0.020684	0.000117	0.533150	0.003016
241	C	8354	2733557	2374218	0.003519	85701	2853	2589831	143	269960	241283	0.000593	44	0	259483	0	0	0	nan	0	0	0	0.002926	0.000063	0.002926	0.000063	0.075421	0.001624
242	A	17692	2733147	2388813	0.007406	85712	2854	2589381	139	269945	243271	0.000571	43	0	259500	0	0	0	nan	0	0	0	0.006835	0.000074	0.006835	0.000074	0.176179	0.001907
243	G	6142	2732606	2365893	0.002596	85730	2863	2588685	387	269912	241747	0.001601	43	0	259567	0	0	0	nan	0	0	0	0.000995	0.000088	0.000995	0.000088	0.025647	0.002268
244	G	14654	2731968	2337279	0.006270	85727	2863	2588076	1223	269874	241006	0.005075	43	0	259619	0	0	0	nan	0	0	0	0.001195	0.000154	0.001195	0.000154	0.030802	0.003970
245	C	9400	2731360	2297630	0.004091	85720	2865	2587901	1148	269827	240730	0.004769	43	0	259701	0	0	0	nan	0	0	0	-0.000678	0.000147	-0.000678	0.000147	-0.017476	0.003789
246	U	4068	2730710	2275663	0.001788	85715	2865	2587548	163	269778	241986	0.000674	42	0	259790	0	0	0	nan	0	0	0	0.001114	0.000060	0.001114	0.000060	0.028714	0.001547
247	A	358903	2730152	2367436	0.151600	85709	2866	2587663	135	269758	244246	0.000553	41	0	259970	0	0	0	nan	0	0	0	0.151047	0.000257	0.151047	0.000257	3.893385	0.006624
248	G	62275	2729920	2396024	0.025991	85837	2872	2590524	6919	269739	246218	0.028101	40	0	260063	0	0	0	nan	0	0	0	-0.002110	0.000354	-0.002110	0.000354	-0.054387	0.009125
249	U	20965	2729502	2414462	0.008683	85846	2873	2592010	1988	269715	248261	0.008008	40	0	260246	0	0	0	nan	0	0	0	0.000675	0.000189	0.000675	0.000189	0.017399	0.004872
250	U	3447	2729231	2407140	0.001432	85849	2873	2593119	208	269702	247538	0.000840	40	0	260351	0	0	0	nan	0	0	0	0.000592	0.000063	0.000592	0.000063	0.015259	0.001624
251	U	3018	2728966	2421752	0.001246	85844	2873	2593283	192	269686	246885	0.000778	40	0	260350	0	0	0	nan	0	0	0	0.000469	0.000061	0.000469	0.000061	0.012089	0.001572
252	G	11863	2728691	2406073	0.004930	85829	2873	2593187	618	269677	245301	0.002519	40	0	260351	0	0	0	nan	0	0	0	0.002411	0.000111	0.002411	0.000111	0.062146	0.002861
253	U	4603	2728493	2409775	0.001910	85825	2873	2593232	337	269667	245692	0.001372	39	0	260362	0	0	0	nan	0	0	0	0.000539	0.000080	0.000539	0.000080	0.013893	0.002062
254	U	4420	2728181	2389605	0.001850	85829	2873	2592984	97	269652	244283	0.000397	39	0	260344	0	0	0	nan	0	0	0	0.001453	0.000049	0.001453	0.000049	0.037453	0.001263
255	A	21858	2727732	2389730	0.009147	85771	2873	2592278	137	269626	244876	0.000559	39	0	260315	0	0	0	nan	0	0	0	0.008587	0.000078	0.008587	0.000078	0.221338	0.002011
256	G	19757	2727358	2365748	0.008351	85767	2873	2592455	169	269609	242735	0.000696	39	0	260323	0	0	0	nan	0	0	0	0.007655	0.000080	0.007655	0.000080	0.197315	0.002062
257	U	42150	2726974	2391890	0.017622	85764	2873	2592041	228	269597	243612	0.000936	39	0	260334	0	0	0	nan	0	0	0	0.016686	0.000106	0.016686	0.000106	0.430098	0.002732
258	G	46563	2726514	2376586	0.019592	85700	2873	2592287	439	269563	241563	0.001817	39	0	260376	0	0	0	nan	0	0	0	0.017775	0.000126	0.017775	0.000126	0.458168	0.003248
259	G	47487	2725969	2375726	0.019988	85695	2873	2592329	920	269543	241542	0.003809	39	0	260409	0	0	0	nan	0	0	0	0.016180	0.000156	0.016180	0.000156	0.417055	0.004021
260	C	4189	2725428	2388400	0.001754	85678	2877	2592220	200	269512	243128	0.000823	52	1	260459	0	0	0	nan	0	0	0	0.000931	0.000064	0.000931	0.000064	0.023997	0.001650
261	G	10848	2724731	2388108	0.004543	85670	2875	2592042	235	269481	242802	0.000968	52	1	260548	0	0	0	nan	0	0	0	0.003575	0.000077	0.003575	0.000077	0.092149	0.001985
262	U	8004	2724035	2411960	0.003318	85659	2873	2591612	354	269445	246018	0.001439	52	1	260580	0	0	0	nan	0	0	0	0.001880	0.000085	0.001880	0.000085	0.048459	0.002191
263	G	2853	2723339	2353015	0.001212	85651	2868	2590627	209	269410	240292	0.000870	52	1	260567	0	0	0	nan	0	0	0	0.000343	0.000064	0.000343	0.000064	0.008841	0.001650
264	U	32957	2722421	2317889	0.014219	85631	2861	2589111	3973	269357	238433	0.016663	52	1	260532	0	0	0	nan	0	0	0	-0.002444	0.000276	-0.002444	0.000276	-0.062996	0.007114
265	C	4173	2721824	2303716	0.001811	85618	2859	2589618	138	269319	237815	0.000580	52	1	260642	0	0	0	nan	0	0	0	0.001231	0.000057	0.001231	0.000057	0.031730	0.001469
266	C	118766	2721344	2332012	0.050929	85614	2856	2590023	204	269297	241467	0.000845	52	1	260727	0	0	0	nan	0	0	0	0.050084	0.000159	0.050084	0.000159	1.290964	0.004098
267	G	3752	2720818	2324168	0.001614	85609	2850	2591653	350	269268	239857	0.001459	52	1	260908	0	0	0	nan	0	0	0	0.000155	0.000082	0.000155	0.000082	0.003995	0.002114
268	U	21239	2720246	2296141	0.009250	85603	2844	2591822	3321	269229	237114	0.014006	52	1	260950	0	0	0	nan	0	0	0	-0.004756	0.000251	-0.004756	0.000251	-0.122591	0.006470
269	C	2782	2719773	2255865	0.001233	85608	2854	2593444	280	269210	236446	0.001184	51	2	261154	0	0	0	nan	0	0	0	0.000049	0.000075	0.000049	0.000075	0.001263	0.001933
270	C	2770	2719273	2292900	0.001208	85615	2851	2595436	177	269149	241378	0.000733	52	2	261329	0	0	0	nan	0	0	0	0.000475	0.000060	0.000475	0.000060	0.012244	0.001547
271	G	42908	2718704	2237693	0.019175	85645	2844	2597286	1731	269101	243217	0.007117	52	2	261485	0	0	0	nan	0	0	0	0.012058	0.000195	0.012058	0.000195	0.310807	0.005026
272	C	2214	2718205	2190156	0.001011	85642	2842	2598446	161	269069	242227	0.000665	52	2	261624	0	0	0	nan	0	0	0	0.000346	0.000057	0.000346	0.000057	0.008918	0.001469
273	A	532863	2717543	2332435	0.228458	85649	2833	2600714	136	269040	242016	0.000562	52	2	262088	0	0	0	nan	0	0	0	0.227896	0.000317	0.227896	0.000317	5.874243	0.008171
274	G	32314	2717417	2356419	0.013713	85675	2831	2608017	1437	269021	242120	0.005935	52	2	262337	0	0	0	nan	0	0	0	0.007778	0.000174	0.007778	0.000174	0.200486	0.004485
275	C	1654	2717144	2365341	0.000699	85683	2828	2609473	76	269004	242796	0.000313	52	2	262405	0	0	0	nan	0	0	0	0.000386	0.000040	0.000386	0.000040	0.009950	0.001031
276	U	3032	2716813	2361115	0.001284	85685	2825	2610836	321	268963	242401	0.001324	52	2	262470	0	0	0	nan	0	0	0	-0.000040	0.000078	-0.000040	0.000078	-0.001031	0.002011
277	G	12546	2716476	2398151	0.005232	85686	2815	2612879	709	268953	245153	0.002892	52	2	262672	0	0	0	nan	0	0	0	0.002339	0.000118	0.002339	0.000118	0.060290	0.003042
278	G	16107	2715954	2367888	0.006802	85685	2803	2613577	1034	268919	242711	0.004260	52	2	262743	0	0	0	nan	0	0	0	0.002542	0.000143	0.002542	0.000143	0.065523	0.003686
279	C	2044	2715419	2356224	0.000867	85672	2797	2613738	117	268889	241984	0.000484	52	3	262782	0	0	0	nan	0	0	0	0.000384	0.000049	0.000384	0.000049	0.009898	0.001263
280	A	19611	2714925	2350457	0.008343	85672	2795	2615142	137	268859	241808	0.000567	52	3	262843	0	0	0	nan	0	0	0	0.007777	0.000077	0.007777	0.000077	0.200460	0.001985
281	A	26078	2714214	2398898	0.010871	85668	2785	2615801	90	268806	246840	0.000365	52	3	262872	0	0	0	nan	0	0	0	0.010506	0.000078	0.010506	0.000078	0.270802	0.002011
282	G	17769	2713707	2389465	0.007436	85768	2778	2616206	740	268764	246325	0.003004	52	3	262892	0	0	0	nan	0	0	0	0.004432	0.000124	0.004432	0.000124	0.114239	0.003196
283	C	4200	2713045	2390789	0.001757	85766	2770	2616694	198	268714	246874	0.000802	52	3	262941	0	0	0	nan	0	0	0	0.000955	0.000063	0.000955	0.000063	0.024616	0.001624
284	G	8143	2712459	2375336	0.003428	85765	2770	2617988	315	268675	247911	0.001271	52	3	263055	0	0	0	nan	0	0	0	0.002158	0.000081	0.002158	0.000081	0.055625	0.002088
285	A	109126	2711822	2409042	0.045299	85763	2765	2618591	88	268625	250935	0.000351	52	3	263094	0	0	0	nan	0	0	0	0.044948	0.000142	0.044948	0.000142	1.158579	0.003660
286	A	24731	2711447	2425149	0.010198	85769	2767	2619605	127	268593	252325	0.000503	52	3	263131	0	0	0	nan	0	0	0	0.009694	0.000079	0.009694	0.000079	0.249872	0.002036
287	U	60488	2711186	2401136	0.025191	85773	2771	2620270	213	268568	251437	0.000847	51	3	263147	0	0	0	nan	0	0	0	0.024344	0.000118	0.024344	0.000118	0.627491	0.003042
288	G	46423	2711007	2413222	0.019237	85777	2773	2620984	204	268546	249577	0.000817	51	3	263163	0	0	0	nan	0	0	0	0.018420	0.000106	0.018420	0.000106	0.474794	0.002732
289	U	112302	2710718	2397659	0.046838	85769	2770	2621195	351	268520	246744	0.001423	51	3	263156	0	0	0	nan	0	0	0	0.045416	0.000159	0.045416	0.000159	1.170642	0.004098
290	A	29811	2710372	2361915	0.012622	85777	2769	2621431	222	268491	243402	0.000912	51	3	263152	0	0	0	nan	0	0	0	0.011709	0.000095	0.011709	0.000095	0.301811	0.002449
291	A	14938	2709894	2374882	0.006290	85778	2764	2621607	61	268455	243171	0.000251	51	3	263147	0	0	0	nan	0	0	0	0.006039	0.000061	0.006039	0.000061	0.155661	0.001572
292	A	35113	2709301	2394122	0.014666	85774	2761	2621643	107	268424	245206	0.000436	51	3	263139	0	0	0	nan	0	0	0	0.014230	0.000089	0.014230	0.000089	0.366792	0.002294
293	G	4891	2708725	2410696	0.002029	85748	2759	2621710	211	268398	247436	0.000853	51	3	263148	0	0	0	nan	0	0	0	0.001176	0.000065	0.001176	0.000065	0.030313	0.001675
294	A	24654	2708375	2431129	0.010141	85745	2755	2622276	130	268385	249907	0.000520	51	3	263210	0	0	0	nan	0	0	0	0.009621	0.000079	0.009621	0.000079	0.247991	0.002036
295	C	4453	2708014	2412645	0.001846	85749	2756	2623049	182	268374	247652	0.000735	51	3	263268	0	0	0	nan	0	0	0	0.001111	0.000061	0.001111	0.000061	0.028637	0.001572
296	U	6461	2707814	2410712	0.002680	85747	2755	2624029	248	268371	248570	0.000998	51	3	263336	0	0	0	nan	0	0	0	0.001682	0.000072	0.001682	0.000072	0.043355	0.001856
297	G	7500	2707577	2394091	0.003133	85729	2756	2624683	379	268355	247263	0.001533	51	3	263374	0	0	0	nan	0	0	0	0.001600	0.000087	0.001600	0.000087	0.041242	0.002243
298	A	31817	2707385	2405122	0.013229	85702	2758	2625502	169	268349	247200	0.000684	51	3	263410	0	0	0	nan	0	0	0	0.012545	0.000091	0.012545	0.000091	0.323360	0.002346
299	C	6005	2707098	2399818	0.002502	85680	2757	2626372	452	268332	246565	0.001833	51	3	263458	0	0	0	nan	0	0	0	0.000669	0.000092	0.000669	0.000092	0.017244	0.002371
300	U	2937	2706843	2394982	0.001226	85656	2757	2627297	84	268320	246764	0.000340	51	3	263531	0	0	0	nan	0	0	0	0.000886	0.000043	0.000886	0.000043	0.022838	0.001108
301	A	27900	2706454	2387320	0.011687	85623	2757	2628510	130	268312	246789	0.000527	51	3	263642	0	0	0	nan	0	0	0	0.011160	0.000084	0.011160	0.000084	0.287660	0.002165
302	A	142492	2705991	2389603	0.059630	85501	2756	2629035	122	268306	247811	0.000492	51	3	263702	0	0	0	nan	0	0	0	0.059138	0.000164	0.059138	0.000164	1.524340	0.004227
303	G	7670	2705636	2401672	0.003194	85444	2770	2629892	499	268303	249869	0.001997	51	3	263765	0	0	0	nan	0	0	0	0.001197	0.000097	0.001197	0.000097	0.030854	0.002500
304	C	1448	2705325	2389234	0.000606	85294	2771	2630638	106	268267	249140	0.000425	51	3	263781	0	0	0	nan	0	0	0	0.000181	0.000044	0.000181	0.000044	0.004665	0.001134
305	A	16226	2704908	2303359	0.007044	85252	2775	2630922	101	268030	243971	0.000414	51	3	263519	0	0	0	nan	0	0	0	0.006631	0.000069	0.006631	0.000069	0.170921	0.001779
306	U	2040	2704657	2258888	0.000903	85099	2777	2631821	197	267945	242071	0.000814	50	3	263477	0	0	0	nan	0	0	0	0.000089	0.000061	0.000089	0.000061	0.002294	0.001572
307	G	2925	2703971	2117221	0.001382	84537	2776	2632063	183	267420	239283	0.000765	49	3	262846	0	0	0	nan	0	0	0	0.000617	0.000062	0.000617	0.000062	0.015904	0.001598
308	U	3577	2703115	2106995	0.001698	84391	2776	2631882	322	267390	240104	0.001341	49	3	262899	0	0	0	nan	0	0	0	0.000357	0.000080	0.000357	0.000080	0.009202	0.002062
309	A	624456	2700286	2194129	0.284603	83454	2773	2629027	177	267385	238466	0.000742	48	3	262977	0	0	0	nan	0	0	0	0.283861	0.000364	0.283861	0.000364	7.316796	0.009382
310	G	3081	2699940	2257979	0.001364	82769	2766	2632787	250	267387	242243	0.001032	47	3	263120	0	0	0	nan	0	0	0	0.000332	0.000070	0.000332	0.000070	0.008558	0.001804
311	U	54555	2699705	2238764	0.024368	82078	2767	2634067	342	267392	243045	0.001407	45	3	263228	0	0	0	nan	0	0	0	0.022961	0.000129	0.022961	0.000129	0.591842	0.003325
312	A	29599	2698260	2212543	0.013378	82022	2769	2633718	108	267396	240334	0.000449	45	3	263373	0	0	0	nan	0	0	0	0.012928	0.000089	0.012928	0.000089	0.333232	0.002294
313	C	1057	2697610	2254001	0.000469	81681	2769	2634458	55	267403	244689	0.000225	45	3	263485	0	0	0	nan	0	0	0	0.000244	0.000034	0.000244	0.000034	0.006289	0.000876
314	C	1651	2697146	2267657	0.000728	81012	2770	2636313	106	267412	244880	0.000433	45	3	263670	0	0	0	nan	0	0	0	0.000295	0.000046	0.000295	0.000046	0.007604	0.001186
315	G	4589	2697025	2187373	0.002098	80951	2772	2637911	195	267415	247471	0.000788	45	3	263805	0	0	0	nan	0	0	0	0.001310	0.000064	0.001310	0.000064	0.033767	0.001650
316	A	590823	2695977	2313394	0.255392	80033	2772	2638075	187	267421	246098	0.000760	45	3	263940	0	0	0	nan	0	0	0	0.254632	0.000337	0.254632	0.000337	6.563390	0.008687
317	G	5965	2696144	2310342	0.002582	79990	2778	2645038	366	267425	244212	0.001499	45	3	264147	0	0	0	nan	0	0	0	0.001083	0.000085	0.001083	0.000085	0.027915	0.002191
318	G	7083	2696035	2299076	0.003081	79756	2781	2647273	237	267432	243688	0.000973	45	3	264307	0	0	0	nan	0	0	0	0.002108	0.000073	0.002108	0.000073	0.054336	0.001882
319	A	35997	2695629	2297698	0.015667	79486	2783	2647983	116	267434	242520	0.000478	45	3	264379	0	0	0	nan	0	0	0	0.015188	0.000094	0.015188	0.000094	0.391486	0.002423
320	U	7140	2695649	2334971	0.003058	79319	2784	2650374	211	267444	244853	0.000862	45	3	264596	0	0	0	nan	0	0	0	0.002196	0.000069	0.002196	0.000069	0.056604	0.001779
321	G	4855	2695620	2320347	0.002092	79122	2788	2652967	314	267453	245195	0.001281	45	3	264843	0	0	0	nan	0	0	0	0.000812	0.000078	0.000812	0.000078	0.020930	0.002011
322	U	7706	2695520	2264522	0.003403	77935	2794	2654274	370	267463	245507	0.001507	45	3	264971	0	0	0	nan	0	0	0	0.001896	0.000087	0.001896	0.000087	0.048871	0.002243
323	A	342057	2695422	2344721	0.145884	77622	2798	2656064	137	267471	244648	0.000560	45	3	265123	0	0	0	nan	0	0	0	0.145324	0.000254	0.145324	0.000254	3.745869	0.006547
324	G	8464	2695534	2389778	0.003542	77205	2803	2659767	463	267478	247285	0.001872	45	3	265271	0	0	0	nan	0	0	0	0.001669	0.000095	0.001669	0.000095	0.043020	0.002449
325	G	14055	2695574	2388538	0.005884	76548	2804	2661833	430	267484	246565	0.001744	45	3	265388	0	0	0	nan	0	0	0	0.004140	0.000098	0.004140	0.000098	0.106713	0.002526
326	A	10763	2695538	2346088	0.004588	76533	2810	2663542	106	267486	241445	0.000439	45	3	265487	0	0	0	nan	0	0	0	0.004149	0.000061	0.004149	0.000061	0.106945	0.001572
327	A	20338	2695547	2279234	0.008923	75676	2811	2665893	545	267490	235138	0.002318	45	3	265604	0	0	0	nan	0	0	0	0.006605	0.000117	0.006605	0.000117	0.170250	0.003016
328	U	2796	2695572	2225489	0.001256	75674	2811	2667380	269	267492	230590	0.001167	44	3	265699	0	0	0	nan	0	0	0	0.000090	0.000075	0.000090	0.000075	0.002320	0.001933
329	U	3182	2695562	2213282	0.001438	75161	2814	2668937	157	267498	230944	0.000680	44	3	265779	0	0	0	nan	0	0	0	0.000758	0.000060	0.000758	0.000060	0.019538	0.001547
330	U	2888	2695525	2296581	0.001258	73416	2818	2670992	241	267502	238164	0.001012	44	3	265940	0	0	0	nan	0	0	0	0.000246	0.000069	0.000246	0.000069	0.006341	0.001779
331	C	4045	2695475	2362192	0.001712	73385	2822	2674826	425	267512	246121	0.001727	44	3	266215	0	0	0	nan	0	0	0	-0.000014	0.000088	-0.000014	0.000088	-0.000361	0.002268
332	G	4081	2695643	2439340	0.001673	73345	2830	2682769	385	267532	254364	0.001514	44	3	266765	0	0	0	nan	0	0	0	0.000159	0.000081	0.000159	0.000081	0.004098	0.002088
333	G	2008	2695670	2439282	0.000823	72619	2843	2687266	275	267547	254433	0.001081	44	3	267037	0	0	0	nan	0	0	0	-0.000258	0.000068	-0.000258	0.000068	-0.006650	0.001753
334	A	8709	2695621	2398127	0.003632	70893	2851	2690135	96	267561	252826	0.000380	44	3	267252	0	0	0	nan	0	0	0	0.003252	0.000055	0.003252	0.000055	0.083823	0.001418
335	C	458795	2695603	2452492	0.187073	70058	2856	2692124	109	267570	253434	0.000430	44	3	267419	0	0	0	nan	0	0	0	0.186643	0.000279	0.186643	0.000279	4.810907	0.007191
336	G	23063	2695705	2472881	0.009326	70030	2858	2694657	718	267578	254188	0.002825	44	3	267517	0	0	0	nan	0	0	0	0.006502	0.000122	0.006502	0.000122	0.167595	0.003145
337	C	0	2695563	2495465	0.000000	68985	2858	2695217	0	267582	255139	0.000000	44	3	267564	0	0	0	nan	0	0	0	0.000000	0.000000	0.000000	0.000000	0.000000	0.000000
338	G	0	2695548	0	nan	68961	2859	2695397	0	267583	0	nan	44	3	267575	0	0	0	nan	0	0	0	nan	nan	nan	nan	nan	nan
339	G	0	2695466	0	nan	68479	2857	2695412	0	267583	0	nan	44	3	267583	0	0	0	nan	0	0	0	nan	nan	nan	nan	nan	nan
340	G	0	2695379	0	nan	67422	2855	2695333	0	267583	0	nan	43	3	267583	0	0	0	nan	0	0	0	nan	nan	nan	nan	nan	nan
341	U	0	2695266	0	nan	67419	2854	2695232	0	267583	0	nan	42	3	267583	0	0	0	nan	0	0	0	nan	nan	nan	nan	nan	nan
342	U	0	2695222	0	nan	66436	2853	2695194	0	267583	0	nan	42	3	267583	0	0	0	nan	0	0	0	nan	nan	nan	nan	nan	nan
343	C	0	2695147	0	nan	66418	2852	2695121	0	267582	0	nan	42	3	267582	0	0	0	nan	0	0	0	nan	nan	nan	nan	nan	nan
344	A	0	2695111	0	nan	66030	2851	2695088	0	267582	0	nan	42	3	267582	0	0	0	nan	0	0	0	nan	nan	nan	nan	nan	nan
345	A	0	2695059	0	nan	65096	2851	2695043	0	267582	0	nan	41	3	267582	0	0	0	nan	0	0	0	nan	nan	nan	nan	nan	nan
346	C	0	2695024	0	nan	65087	2850	2695013	0	267582	0	nan	40	3	267582	0	0	0	nan	0	0	0	nan	nan	nan	nan	nan	nan
347	U	0	2695000	0	nan	64113	2850	2694994	0	267582	0	nan	40	3	267582	0	0	0	nan	0	0	0	nan	nan	nan	nan	nan	nan
348	C	0	2694973	0	nan	64109	2850	2694973	0	267582	0	nan	40	3	267582	0	0	0	nan	0	0	0	nan	nan	nan	nan	nan	nan
349	C	0	2694262	0	nan	64109	2849	2694262	0	267582	0	nan	40	3	267582	0	0	0	nan	0	0	0	nan	nan	nan	nan	nan	nan
350	C	0	2693618	0	nan	64108	2849	2693618	0	267582	0	nan	40	3	267582	0	0	0	nan	0	0	0	nan	nan	nan	nan	nan	nan
351	G	0	2692104	0	nan	64107	2849	2692104	0	267582	0	nan	40	3	267582	0	0	0	nan	0	0	0	nan	nan	nan	nan	nan	nan
352	C	0	2692062	0	nan	64107	2849	2692062	0	267580	0	nan	40	3	267580	0	0	0	nan	0	0	0	nan	nan	nan	nan	nan	nan
353	C	0	2691091	0	nan	64103	2849	2691091	0	267579	0	nan	40	3	267579	0	0	0	nan	0	0	0	nan	nan	nan	nan	nan	nan
354	A	0	2688401	0	nan	64098	2848	2688401	0	267564	0	nan	40	3	267564	0	0	0	nan	0	0	0	nan	nan	nan	nan	nan	nan
355	G	0	2687959	0	nan	64096	2848	2687959	0	267562	0	nan	40	3	267562	0	0	0	nan	0	0	0	nan	nan	nan	nan	nan	nan
356	C	0	2686838	0	nan	64077	2846	2686838	0	267485	0	nan	40	3	267485	0	0	0	nan	0	0	0	nan	nan	nan	nan	nan	nan
357	U	0	2684685	0	nan	64045	2843	2684685	0	267397	0	nan	40	3	267397	0	0	0	nan	0	0	0	nan	nan	nan	nan	nan	nan
358	C	0	2682369	0	nan	63994	2842	2682369	0	267235	0	nan	40	3	267235	0	0	0	nan	0	0	0	nan	nan	nan	nan	nan	nan
359	C	0	1514503	0	nan	30422	1298	1514503	0	151688	0	nan	17	1	151688	0	0	0	nan	0	0	0	nan	nan	nan	nan	nan	nan
360	A	0	1114071	0	nan	18686	779	1114071	0	111891	0	nan	11	0	111891	0	0	0	nan	0	0	0	nan	nan	nan	nan	nan	nan
361	C	0	771969	0	nan	13434	540	771969	0	78147	0	nan	9	0	78147	0	0	0	nan	0	0	0	nan	nan	nan	nan	nan	nan
362	C	0	551488	0	nan	8747	354	551488	0	56130	0	nan	5	0	56130	0	0	0	nan	0	0	0	nan	nan	nan	nan	nan	nan
363	A	0	229447	0	nan	3899	151	229447	0	22759	0	nan	1	0	22759	0	0	0	nan	0	0	0	nan	nan	nan	nan	nan	nan