363	Window=1	Metric=APC
i	j	Statistic	+/-	Zij	Zi	Zj	Mod_Depth	Mod_Comuts	Unt_Depth	Unt_Comuts
25	33	24.18	-1	1.23	2.11	0.35	2295949	148	248719	0
25	34	38.96	-1	2.34	3.31	1.38	2307209	103	249086	1
25	39	64.18	1	2.74	5.35	0.14	2501341	705	247736	1
26	33	82.23	-1	3.31	5.35	1.26	2292339	212	248029	0
26	34	111.63	-1	5.63	7.24	4.02	2301025	142	248075	0
30	323	79.78	1	4.51	8.80	0.23	2064770	668	217707	0
31	38	236.76	1	5.19	9.51	0.88	2201933	2509	250889	1
31	39	234.94	1	4.99	9.44	0.54	2343783	8772	250955	1
31	319	139.69	1	5.16	5.61	4.72	1879773	673	217715	2
31	321	48.33	1	4.07	1.93	6.21	1887710	116	218826	2
31	322	125.45	1	6.70	5.03	8.36	1839757	208	218935	1
32	39	276.77	-1	7.52	14.40	0.64	2307951	15551	250397	3
32	45	68.57	1	2.15	3.54	0.75	2357976	1059	252709	7
32	63	84.57	1	4.89	4.38	5.40	2249640	288	242502	0
32	91	30.29	1	0.86	1.54	0.18	1721334	7988	244442	4
32	319	47.91	1	2.03	2.46	1.60	1852081	1171	217669	0
32	320	53.64	1	5.15	2.76	7.53	1872285	286	218885	0
32	322	90.52	1	5.36	4.69	6.04	1812226	343	218826	0
33	41	26.85	1	2.94	0.39	5.48	2318841	1190	251569	1
33	48	37.61	-1	4.48	0.56	8.41	2298028	407	247961	0
33	59	38.34	-1	2.14	0.57	3.71	2203692	3618	244863	2
33	63	54.26	1	2.16	0.82	3.49	2230980	672	242358	0
33	174	41.88	-1	0.61	0.63	0.58	1963447	25984	234376	1
33	316	173.22	1	1.44	2.68	0.20	1850223	50989	219907	0
33	320	48.19	1	3.75	0.73	6.77	1858904	713	218861	0
33	322	40.61	1	1.67	0.61	2.73	1799363	758	218816	0
33	323	1112.92	1	10.36	17.35	3.37	1870530	32664	218553	0
34	41	26.75	1	3.19	0.93	5.46	2330840	1042	251870	1
34	59	124.46	-1	8.30	4.49	12.11	2213760	2793	245015	3
34	63	112.29	1	5.59	4.05	7.14	2240078	662	242390	0
34	64	149.41	1	5.96	5.40	6.52	2279783	710	246257	0
34	65	66.36	1	6.02	2.37	9.67	2297987	996	248615	1
34	260	24.51	1	2.19	0.85	3.52	2019662	385	224618	0
34	316	260.07	1	4.87	9.43	0.31	1859343	44797	220236	1
34	319	51.27	-1	1.77	1.82	1.72	1847861	2143	217996	0
34	323	293.03	-1	5.75	10.63	0.88	1879990	21345	218822	2
35	58	68.70	1	7.01	2.47	11.56	2238513	378	245723	1
35	59	24.33	-1	1.61	0.87	2.35	2199399	598	243995	0
35	79	52.25	-1	2.28	1.88	2.68	1619853	2102	240820	4
35	319	428.33	1	15.02	15.52	14.51	1835982	1061	216792	0
35	321	51.00	1	4.19	1.83	6.55	1844093	142	217978	2
35	322	61.38	1	3.16	2.21	4.11	1797620	207	218072	1
37	316	466.36	1	5.42	10.25	0.59	1837999	1702	218286	0
37	319	36.04	1	1.02	0.83	1.20	1826507	118	216011	0
38	45	1390.03	-1	10.31	5.24	15.38	2337283	311	251501	1
38	52	43.33	-1	2.79	0.15	5.44	2256856	1142	243855	2
38	59	45.15	1	2.26	0.15	4.38	2202238	2754	243768	0
38	60	111.25	1	4.45	0.40	8.49	2185152	6172	236789	2
38	64	60.46	1	1.44	0.21	2.68	2269594	483	245279	0
38	312	36.57	1	2.03	0.12	3.94	1794562	1766	216361	0
38	316	4453.95	-1	11.36	16.83	5.89	1852069	20634	219285	1
39	60	32.17	-1	1.24	0.06	2.43	2391012	22400	236788	2
39	64	194.02	1	4.45	0.44	8.45	2479146	2122	245255	1
39	95	61.65	1	1.31	0.13	2.49	2035289	31942	244583	1
39	309	103.14	1	0.21	0.23	0.19	1953493	139047	215017	5
39	311	40.01	1	1.25	0.08	2.43	1983337	12553	218007	0
39	316	7557.49	-1	13.94	17.87	10.01	2030313	103676	219331	2
41	55	25.37	1	6.65	5.18	8.12	2532033	85	247705	3
42	312	25.20	1	4.15	5.59	2.70	1994235	68	216416	0
45	302	128.19	-1	1.43	1.41	1.45	2176363	961	223089	0
45	304	84.82	1	3.80	0.93	6.67	2165288	60	223223	0
45	306	52.71	1	3.67	0.58	6.76	2058058	60	218882	0
45	309	156.83	-1	1.02	1.73	0.30	1998806	5053	216270	0
46	305	60.45	1	6.70	8.77	4.64	2099635	60	220207	0
49	67	38.39	1	6.76	7.40	6.11	2538391	52	246292	0
51	69	33.63	1	3.18	3.97	2.39	2473993	128	246071	0
51	70	60.54	1	5.49	7.06	3.92	2488373	97	246236	0
52	59	45.12	-1	5.02	5.66	4.37	2408179	314	240120	2
52	60	66.82	-1	6.73	8.38	5.08	2392264	756	233263	1
52	71	26.44	1	2.73	3.32	2.13	2463373	137	244131	0
52	73	32.64	1	5.30	4.10	6.51	2402844	274	241308	1
53	60	162.93	-1	12.39	12.32	12.46	2396876	206	233179	2
53	63	36.88	1	2.61	2.81	2.40	2448230	66	238326	1
56	76	54.17	1	5.73	2.58	8.88	2293315	134	246805	0
56	77	288.79	1	11.32	13.69	8.95	2226717	932	242787	0
59	98	53.92	-1	2.70	5.23	0.16	2002663	441	238793	0
60	97	25.67	-1	1.29	1.93	0.65	2002481	879	231738	0
60	185	27.56	-1	1.15	2.07	0.23	1859046	6245	225316	1
61	79	33.09	-1	3.75	5.82	1.68	1728525	1928	231166	1
61	81	35.26	-1	5.05	6.20	3.90	2033976	673	231000	0
61	98	47.28	-1	4.23	8.32	0.14	1999655	379	233181	0
62	70	119.91	1	8.89	10.01	7.76	2419211	396	239281	0
62	71	31.01	1	2.54	2.59	2.49	2420998	140	239594	0
62	77	43.81	-1	2.50	3.66	1.33	2144978	553	233152	3
62	79	52.54	-1	3.54	4.39	2.70	1737187	1203	232036	2
62	81	75.29	-1	7.34	6.29	8.38	2043223	373	231799	0
62	82	31.22	-1	2.41	2.61	2.20	2054218	139	231787	0
64	80	26.08	-1	1.11	1.19	1.03	2022892	464	237321	1
65	80	28.55	-1	2.67	4.21	1.13	2037914	796	239178	0
67	80	54.14	1	5.39	8.59	2.19	2044046	1411	240282	0
68	81	79.96	1	10.04	11.18	8.91	2106045	2864	239930	0
68	82	39.87	1	4.18	5.55	2.81	2118120	1135	240067	1
68	84	45.25	-1	4.08	6.30	1.86	2138524	6546	241274	2
68	85	33.16	-1	3.02	4.61	1.44	2132118	3471	242678	6
68	86	38.89	-1	2.72	5.41	0.02	2128691	6182	245669	1
69	76	25.28	-1	2.99	1.79	4.18	2268443	111	245588	0
69	79	206.63	1	12.76	14.78	10.73	1771030	3111	240467	1
69	80	54.17	1	3.02	3.86	2.19	2005184	4750	239782	0
70	77	159.00	-1	7.61	10.29	4.92	2221582	414	241366	1
70	79	24.26	1	1.40	1.58	1.22	1783368	1488	240616	1
70	82	25.15	1	1.71	1.63	1.78	2111962	275	240742	0
70	84	31.03	-1	1.64	2.01	1.26	2130354	1286	241830	2
70	86	36.62	-1	1.20	2.38	0.02	2119580	1118	245832	0
71	79	121.65	1	7.95	9.59	6.30	1786959	717	240732	1
71	80	47.77	1	2.86	3.80	1.92	2026484	1049	240220	0
71	81	41.56	1	3.96	3.32	4.60	2105799	287	240702	0
72	80	43.16	1	4.17	6.61	1.73	2017894	570	239758	0
73	85	24.67	1	2.99	4.93	1.06	2081584	805	240448	0
75	85	74.50	1	4.12	4.95	3.29	2018453	272	238754	0
75	94	24.31	1	1.01	1.69	0.33	1913429	435	241583	0
75	96	88.97	1	3.76	5.89	1.64	1960621	237	238700	0
75	99	71.60	1	2.63	4.76	0.49	1833799	377	236519	0
77	84	281.78	-1	10.31	8.74	11.89	1973287	4329	235706	2
77	85	317.38	-1	12.00	9.84	14.16	1968674	1818	237373	1
77	91	71.64	-1	1.34	2.20	0.48	1746066	7155	238203	6
77	94	27.89	-1	0.61	0.84	0.38	1861767	5001	240342	1
79	87	125.46	-1	4.24	6.50	1.98	1597304	352	241285	2
79	89	120.07	-1	3.33	6.22	0.44	1504882	1638	238999	1
79	91	26.74	-1	0.75	1.35	0.15	1404297	14994	237521	1
79	99	99.08	-1	2.91	5.12	0.69	1441748	5755	234725	2
80	87	391.17	-1	11.07	16.06	6.08	1843442	470	240516	0
80	89	58.93	-1	1.30	2.38	0.21	1730493	3235	238122	0
80	99	85.04	-1	2.02	3.46	0.59	1639349	10209	234192	4
80	105	38.71	-1	2.07	1.55	2.59	1741933	15033	235437	1
81	89	25.00	-1	1.41	2.75	0.08	1810142	660	238438	0
81	105	34.00	-1	3.01	3.76	2.27	1811639	3170	235908	0
82	91	163.14	1	6.32	11.49	1.15	1695286	2964	237204	0
82	94	25.71	-1	1.08	1.82	0.35	1808117	1379	239367	0
82	99	33.56	-1	1.29	2.37	0.22	1720453	764	234794	0
82	101	72.03	-1	2.91	5.08	0.74	1709713	894	232252	0
83	90	724.57	-1	16.16	16.64	15.68	1784088	421	237864	1
83	91	86.58	1	1.28	1.97	0.59	1673790	7160	237935	0
83	92	38.51	1	0.56	0.86	0.27	1561015	3291	238889	0
83	93	101.43	1	1.20	2.31	0.08	1729301	7156	240159	0
83	94	33.65	1	0.61	0.75	0.47	1782541	4643	240270	0
84	91	51.95	1	1.24	2.15	0.33	1738215	20081	238798	4
84	92	53.55	1	1.30	2.21	0.38	1615636	9267	239686	0
84	93	102.38	1	2.19	4.29	0.09	1789698	19772	240934	1
84	96	98.66	-1	2.97	4.13	1.82	1878694	3371	238287	2
84	97	145.75	-1	4.96	6.12	3.80	1881148	1294	238109	0
84	98	131.01	-1	2.96	5.50	0.43	1869103	1830	238329	0
84	101	67.31	-1	1.74	2.80	0.69	1734083	8054	233228	0
84	104	52.01	-1	2.12	2.15	2.09	1751864	16716	239021	3
84	105	36.57	-1	1.97	1.50	2.44	1850448	9615	237913	0
84	106	65.85	1	2.01	2.74	1.29	1912034	12390	237176	4
85	94	140.31	-1	4.14	6.24	2.05	1859789	5164	243019	0
85	95	125.81	1	5.37	5.59	5.15	1878057	5093	241689	0
85	96	31.17	1	0.95	1.35	0.54	1891616	2150	239944	0
85	99	25.69	1	0.63	1.11	0.16	1753495	3537	237859	3
86	93	17676.12	-1	17.73	17.65	17.82	1826775	4565	245859	1
86	94	459.88	-1	3.62	0.45	6.80	1871174	10067	246100	0
86	96	58.09	1	0.55	0.04	1.05	1896402	4520	242855	1
87	94	61.74	-1	0.94	1.00	0.88	1895804	412	248191	0
87	95	27.02	1	0.76	0.46	1.06	1907167	540	246727	0
87	96	453.04	1	7.78	7.03	8.54	1919365	539	244734	0
87	97	212.62	1	4.44	3.32	5.55	1920233	247	244533	0
87	98	330.74	1	3.12	5.14	1.11	1905587	370	244795	0
87	185	33.60	1	0.43	0.56	0.30	1674850	732	237130	0
88	95	331.67	1	9.36	5.03	13.69	1868388	1101	245300	0
88	96	396.93	1	6.74	6.01	7.47	1877275	643	243399	3
88	97	50.89	1	1.05	0.79	1.31	1877024	207	243223	0
88	98	633.55	1	5.86	9.58	2.13	1861204	563	243535	1
88	185	113.05	1	1.43	1.73	1.13	1633301	1097	236138	0
88	188	27.85	-1	0.52	0.45	0.59	1784494	1004	233708	1
89	96	401.56	1	4.53	1.50	7.56	1828312	1436	242523	0
89	97	35.04	1	0.51	0.12	0.90	1825464	464	242394	0
89	98	4012.84	1	14.38	15.14	13.62	1808844	2298	242668	0
89	99	32.33	1	0.16	0.11	0.21	1681493	1517	240418	2
89	105	54.45	1	1.93	0.19	3.67	1775931	2242	242213	0
89	109	80.57	1	0.30	0.29	0.31	1933994	626	235522	0
89	110	26.08	1	0.29	0.08	0.51	1939601	336	236828	0
89	111	30.51	1	0.31	0.10	0.51	1952809	370	238458	0
89	135	29.95	1	0.14	0.10	0.19	1842742	677	229100	0
89	155	27.99	1	1.50	0.09	2.91	1843486	1739	236546	0
89	185	799.74	1	5.67	3.01	8.34	1589386	3585	235390	0
89	188	61.03	-1	0.80	0.22	1.38	1737106	2898	233065	0
89	257	28.12	1	0.15	0.09	0.20	1839688	714	225035	1
89	292	104.28	1	3.01	0.38	5.64	1777179	649	220575	0
90	97	158.00	-1	3.76	3.40	4.12	1811637	225	241101	3
90	100	129.28	1	2.01	2.78	1.24	1611257	1216	237331	0
90	101	76.57	1	1.21	1.63	0.78	1644516	2775	235177	0
90	187	28.34	1	0.53	0.59	0.48	1588846	4965	232612	1
91	98	2165.73	-1	11.56	15.78	7.34	1718439	1565	241453	0
91	99	76.55	-1	0.52	0.51	0.53	1577351	10296	239324	9
91	100	116.88	1	0.96	0.81	1.12	1520661	6309	237561	3
91	101	70.53	1	0.59	0.47	0.72	1553156	15569	235387	1
91	102	149.37	-1	2.51	1.05	3.97	1559787	3344	237528	1
91	103	276.33	-1	5.13	1.97	8.28	1553076	15390	239367	2
91	104	47.83	1	1.11	0.30	1.92	1563528	28599	241894	4
91	107	72.69	-1	0.56	0.49	0.64	1792267	26951	238555	1
91	138	97.00	-1	1.56	0.66	2.45	1749325	2852	229206	10
91	139	51.82	-1	3.56	0.33	6.80	1757039	346	230611	3
91	140	36.64	-1	3.41	0.22	6.60	1782926	2041	234971	8
91	183	61.67	-1	0.35	0.41	0.29	1518906	4490	227230	3
91	185	805.28	-1	7.12	5.84	8.40	1479725	14263	234451	0
91	186	173.21	-1	1.91	1.22	2.61	1502285	20130	234030	2
91	187	351.95	1	4.54	2.53	6.55	1498563	28938	232595	2
91	188	376.47	1	5.76	2.71	8.81	1616861	30362	232115	2
91	292	49.76	-1	1.50	0.32	2.67	1655833	2807	219899	1
91	335	91.15	1	2.64	0.62	4.65	1617229	41051	221772	0
92	99	2284.85	-1	16.90	17.33	16.48	1473915	2577	240125	0
92	100	113.72	-1	0.96	0.84	1.09	1417941	2105	238363	1
92	101	140.27	-1	1.25	1.04	1.46	1452203	6127	236143	0
92	102	104.19	-1	1.76	0.76	2.76	1458473	1549	238315	0
92	103	50.02	-1	0.91	0.35	1.46	1451564	7743	240157	0
92	105	42.32	-1	1.57	0.29	2.84	1547250	7072	241780	1
92	124	25.81	-1	0.39	0.17	0.62	1343126	9470	239225	1
92	185	252.53	-1	2.24	1.89	2.59	1385446	7032	235164	2
92	187	37.88	1	0.46	0.26	0.66	1403007	13256	233169	2
92	188	41.49	1	0.60	0.29	0.92	1513393	13856	232682	0
93	101	1256.49	1	7.26	1.25	13.27	1622853	18784	237432	0
93	103	108.74	-1	1.66	0.09	3.23	1617880	15875	241365	1
93	104	51.35	1	1.05	0.03	2.06	1624642	29523	244053	0
93	105	35.66	-1	1.20	0.02	2.38	1717588	15194	242951	1
93	107	309.65	-1	1.55	0.29	2.82	1860335	25787	240354	2
94	101	1058.12	-1	13.43	15.69	11.17	1694232	8368	237463	1
94	103	111.06	-1	2.46	1.62	3.30	1684619	11993	241543	0
94	104	67.72	-1	1.86	0.97	2.75	1686160	19373	244290	2
94	106	27.57	1	0.45	0.38	0.53	1837132	13690	242396	2
94	107	149.46	1	1.76	2.19	1.34	1926986	21726	240499	1
95	103	49.56	-1	1.72	1.99	1.45	1726329	9028	240356	0
95	105	61.00	1	3.29	2.47	4.12	1811778	9132	242026	1
95	107	127.34	1	3.18	5.22	1.14	1959756	16133	239337	2
95	185	130.17	1	3.32	5.33	1.31	1615838	10023	235275	0
96	104	106.96	-1	3.18	1.98	4.38	1757808	6244	241405	0
96	106	48.11	-1	0.90	0.86	0.94	1901073	4001	239526	0
96	131	34.13	1	2.26	0.60	3.93	1931782	1113	236088	0
96	185	454.05	1	6.63	8.55	4.71	1638004	5416	233928	0
96	188	75.04	-1	1.54	1.37	1.71	1785670	5798	231390	0
96	247	81.31	1	0.87	1.49	0.24	1881126	8950	224324	0
96	292	37.60	1	1.34	0.66	2.01	1829049	936	219405	1
97	104	151.07	-1	5.08	3.94	6.22	1769660	2659	241327	0
97	105	54.96	1	2.56	1.42	3.71	1854079	2102	240302	0
97	107	71.34	1	1.24	1.85	0.62	1995792	3568	237668	0
97	185	412.10	1	7.52	10.78	4.27	1643546	2765	233963	0
97	187	40.44	-1	0.87	1.04	0.71	1661200	2505	231913	0
97	188	34.05	-1	0.81	0.87	0.74	1791569	2640	231400	2
97	257	38.49	1	0.63	0.99	0.28	1898918	587	223912	0
97	292	45.41	1	1.80	1.17	2.44	1835441	487	219420	0
97	335	31.53	-1	1.19	0.81	1.57	1794256	3894	221196	0
98	107	41.66	1	0.24	0.12	0.35	1986188	4809	237943	0
98	131	47.13	1	2.79	0.14	5.45	1928625	766	236298	0
98	185	854.33	1	5.90	2.88	8.91	1635664	4089	234228	1
98	188	44.17	-1	0.55	0.13	0.98	1782720	3468	231670	0
98	247	60.44	1	0.18	0.19	0.17	1878426	6079	224619	0
98	292	79.24	1	2.26	0.25	4.28	1826568	708	219709	0
99	107	773.62	1	6.32	5.56	7.08	1883806	16280	235999	0
99	108	58.98	1	1.40	0.40	2.39	1887339	1215	236136	4
99	121	60.17	1	1.16	0.41	1.90	1486414	5946	231946	1
99	122	25.84	1	0.72	0.16	1.27	1518252	5096	234141	3
99	187	63.11	1	0.78	0.43	1.13	1555327	12184	230525	1
99	188	44.06	1	0.63	0.29	0.98	1676796	12562	230086	1
100	107	1692.62	1	15.99	16.45	15.54	1837323	9077	234703	2
100	108	133.67	1	3.36	1.28	5.44	1839199	681	234732	0
100	109	76.34	1	0.51	0.73	0.29	1822947	800	230797	2
100	121	169.08	1	3.53	1.63	5.44	1450134	2902	230601	2
100	124	65.57	1	1.13	0.62	1.64	1459133	4235	234564	1
101	118	24.20	-1	0.37	0.23	0.52	1810381	2374	229428	1
101	121	35.32	-1	0.72	0.35	1.09	1478084	6138	228716	0
101	123	24.19	1	1.76	0.23	3.30	1471993	3621	230806	1
102	109	488.13	1	7.50	13.03	1.96	1875299	963	230972	0
102	110	78.79	1	1.80	2.09	1.51	1876247	443	231932	1
102	118	50.28	-1	1.22	1.32	1.11	1820684	552	231195	1
102	124	250.92	1	6.56	6.69	6.44	1496493	3676	234574	0
102	125	30.97	1	0.85	0.81	0.90	1537197	3177	232199	0
102	174	30.79	-1	0.61	0.80	0.42	1731163	4097	229946	0
103	121	171.20	1	5.31	5.11	5.51	1485884	9472	232157	2
103	122	35.52	1	1.40	1.02	1.77	1519088	7843	234398	1
103	124	419.79	1	11.70	12.60	10.80	1497923	15765	236304	1
103	125	129.39	1	3.86	3.85	3.87	1539352	14687	233844	0
103	126	31.89	1	0.51	0.91	0.10	1697135	32228	234746	0
104	111	125.62	-1	3.63	5.16	2.11	1922671	1684	237510	0
104	113	174.39	-1	4.51	7.20	1.82	1926723	5216	238121	1
104	125	55.41	1	1.93	2.23	1.64	1557085	22580	236169	1
104	126	95.50	1	2.12	3.90	0.34	1719466	50940	237211	5
104	138	30.96	-1	0.99	1.21	0.77	1844995	3194	229688	2
104	185	114.47	-1	2.92	4.70	1.14	1561352	17052	234966	1
104	186	33.94	-1	0.91	1.34	0.49	1582395	21664	234543	3
104	187	122.95	1	3.65	5.05	2.26	1575353	29067	233036	0
104	188	179.56	1	5.79	7.41	4.17	1697685	30555	232520	2
105	113	204.34	-1	8.05	13.96	2.14	2049952	2749	236983	0
106	113	869.26	-1	13.35	17.42	9.27	2145363	2616	236436	0
106	185	73.60	-1	1.08	1.45	0.72	1732620	12773	233247	2
106	186	26.58	-1	0.44	0.51	0.37	1753444	16075	232812	0
107	115	261.28	-1	1.82	2.37	1.27	2258377	1138	233975	0
107	116	28.60	-1	0.33	0.23	0.42	2247803	610	235268	1
107	124	24.78	-1	0.39	0.20	0.59	1785021	23531	235427	4
107	125	34.23	1	0.64	0.28	1.00	1836659	24802	233126	1
107	135	155.20	-1	1.24	1.39	1.08	2142347	3048	226022	0
108	120	58.47	1	1.44	2.37	0.50	1920517	208	230122	2
108	121	99.89	1	3.63	4.06	3.19	1805397	1426	231546	0
108	127	41.72	1	0.94	1.69	0.19	2223491	229	234124	0
108	128	41.14	1	1.07	1.67	0.47	2212655	140	233782	2
108	133	232.26	1	5.23	9.45	1.01	2195708	1117	230484	0
108	135	134.69	1	3.21	5.48	0.93	2182949	512	226146	0
108	136	70.20	1	2.13	2.85	1.41	2199790	268	227391	4
108	144	31.36	1	1.55	1.27	1.83	2208283	205	233208	9
109	120	621.35	1	3.78	2.50	5.07	1910045	547	226782	1
109	123	31.45	-1	2.21	0.11	4.31	1784912	492	229797	1
109	124	64.98	-1	0.94	0.24	1.63	1804459	1753	231600	0
109	127	787.20	1	3.27	3.18	3.37	2208666	654	230163	0
109	128	594.60	1	4.26	2.39	6.12	2198255	410	230041	1
109	129	99.49	1	2.60	0.38	4.81	2211945	399	230291	0
109	130	464.02	1	5.40	1.86	8.94	2199847	479	229800	5
109	133	2978.87	1	12.72	12.07	13.38	2182664	2673	227129	0
109	134	299.20	1	5.77	1.20	10.35	2193978	671	226055	1
109	135	1762.50	1	9.82	7.13	12.51	2171213	1368	222897	0
109	136	663.31	1	7.96	2.67	13.25	2187522	627	224044	3
109	155	31.70	1	1.71	0.11	3.30	2167199	1514	229466	0
109	292	54.25	1	1.56	0.20	2.92	2085756	533	215584	1
110	120	45.16	1	0.63	0.87	0.39	1918946	179	227897	0
110	127	49.58	1	0.59	0.95	0.22	2216437	211	231383	0
110	128	71.48	1	1.08	1.37	0.78	2205421	143	231161	0
110	130	53.63	1	1.04	1.03	1.04	2207302	189	230945	4
110	133	583.16	1	6.87	11.16	2.59	2188756	1209	228209	0
110	134	103.75	1	2.78	1.99	3.57	2199215	392	227017	0
110	135	385.35	1	5.04	7.37	2.72	2175677	603	223720	1
110	136	52.40	1	1.03	1.01	1.05	2192869	222	224896	2
111	120	34.92	1	0.44	0.58	0.31	1933217	195	229116	0
111	127	104.52	1	1.10	1.75	0.46	2231650	260	232711	0
111	128	37.74	1	0.53	0.63	0.44	2220441	135	232398	0
111	133	607.58	1	6.45	10.20	2.70	2203426	1307	229490	0
111	134	207.83	1	5.33	3.49	7.18	2213332	499	228199	0
111	135	523.02	1	6.24	8.78	3.69	2188861	711	224783	0
111	136	55.28	1	1.02	0.93	1.11	2206254	242	225997	0
112	120	70.38	1	0.60	0.61	0.59	1936637	161	231904	0
112	121	122.69	1	2.49	1.05	3.93	1819385	881	233176	0
112	122	117.93	1	3.51	1.01	6.00	1858865	794	235356	1
112	127	102.06	1	0.66	0.88	0.45	2235068	211	235749	0
112	133	1527.76	1	9.92	12.99	6.84	2206991	1383	232346	0
112	134	170.39	1	3.67	1.46	5.88	2217740	358	231176	0
112	135	263.40	1	2.05	2.25	1.85	2192504	448	227626	0
113	120	71.84	1	0.66	0.72	0.61	1948143	576	229610	1
113	121	366.74	-1	7.87	3.89	11.86	1829999	2383	231144	0
113	122	158.64	-1	4.87	1.65	8.09	1868918	2263	233240	0
113	124	201.72	-1	3.64	2.12	5.16	1838804	4326	234876	0
113	125	79.69	-1	1.59	0.81	2.37	1891017	4445	232444	0
113	126	65.08	-1	0.44	0.65	0.23	2089865	10076	233370	1
113	127	259.12	1	1.92	2.73	1.12	2243199	705	233283	0
113	128	184.63	1	1.94	1.93	1.94	2233888	426	233288	0
113	130	25.64	1	0.37	0.23	0.51	2234866	465	232865	0
113	131	42.80	1	2.68	0.41	4.94	2244633	1124	233875	0
113	132	106.83	1	3.27	1.10	5.44	2255659	1652	234803	0
113	133	1039.83	1	7.87	11.10	4.64	2217902	3445	230433	1
113	134	43.57	1	0.95	0.42	1.48	2230227	954	229529	0
113	135	485.51	1	4.29	5.16	3.43	2206448	1514	226298	0
113	136	70.48	1	1.06	0.71	1.41	2222069	624	227273	0
114	121	155.74	-1	6.50	7.99	5.01	1825362	254	230477	0
114	122	138.88	-1	7.11	7.13	7.08	1863306	207	232504	1
114	126	32.75	1	0.91	1.72	0.10	2082627	1818	232650	1
114	133	46.17	1	1.29	2.40	0.17	2208844	419	229548	0
115	122	170.08	-1	4.75	0.83	8.68	1863166	520	232563	0
115	123	67.17	-1	4.81	0.33	9.29	1813103	307	232363	0
115	124	259.67	-1	3.96	1.26	6.66	1830589	939	233799	0
115	127	2488.77	1	11.35	12.07	10.63	2225948	900	232504	0
115	128	690.87	1	5.23	3.35	7.10	2215498	354	232338	1
115	129	121.58	1	3.23	0.59	5.88	2228229	299	232467	0
115	130	491.94	1	5.93	2.39	9.48	2215209	384	231712	2
115	133	923.44	1	4.30	4.48	4.12	2199237	1385	229245	0
115	134	77.00	1	1.51	0.38	2.64	2212716	363	228567	0
115	135	439.27	1	2.62	2.13	3.10	2189896	642	225441	0
115	136	122.45	1	1.52	0.60	2.45	2205948	277	226457	2
115	155	53.33	1	2.94	0.26	5.63	2183263	1019	231599	0
116	123	55.30	-1	4.20	0.77	7.64	1815258	128	233806	0
116	124	77.73	-1	1.51	1.05	1.96	1831797	500	235269	3
116	127	794.66	1	6.84	10.28	3.40	2220296	335	233873	0
116	128	212.22	1	2.50	2.78	2.22	2208696	133	233423	0
116	130	90.98	1	1.49	1.23	1.76	2207869	122	232793	1
116	133	242.75	1	2.12	3.18	1.05	2190892	527	230005	1
116	134	36.31	1	0.88	0.52	1.23	2204139	160	229333	2
116	135	111.78	1	1.13	1.49	0.77	2181296	242	226085	1
117	126	1416.43	1	9.08	12.79	5.36	2066619	3503	234080	1
118	125	511.33	1	13.50	11.59	15.42	1851373	6733	230557	1
118	126	148.91	-1	1.95	3.35	0.54	2030543	9214	231671	1
118	127	497.87	1	6.71	11.28	2.14	2171447	752	231548	0
118	128	54.76	1	0.91	1.21	0.61	2158366	283	230995	0
118	129	27.06	1	0.94	0.58	1.30	2170383	582	231244	2
118	130	30.45	1	0.63	0.66	0.60	2158245	415	230624	5
118	133	50.71	1	0.65	1.12	0.19	2140239	2063	228006	0
119	126	4486.86	1	15.58	14.15	17.01	1899564	7049	230648	1
119	127	157.26	1	0.59	0.50	0.68	2025085	311	230626	0
119	128	45.34	1	0.33	0.15	0.52	2010483	151	230046	1
119	129	88.59	1	2.28	0.28	4.28	2021065	288	230317	2
119	131	58.02	1	3.45	0.19	6.72	2019648	407	230995	1
119	132	151.79	1	4.12	0.48	7.75	2027987	644	231540	0
119	133	273.55	1	1.03	0.87	1.19	1992230	1066	227122	0
119	134	51.07	1	0.95	0.16	1.74	2001120	354	225910	1
120	127	1102.42	1	6.84	8.97	4.71	1873970	546	229380	0
120	128	547.16	1	5.05	4.46	5.64	1858854	287	228873	2
120	129	150.10	1	4.25	1.24	7.26	1868540	284	229061	6
120	130	131.96	1	1.82	1.09	2.55	1857060	211	228456	1
120	132	37.01	1	1.09	0.32	1.86	1875101	399	230021	0
120	133	713.16	1	4.49	5.81	3.17	1842367	1088	225787	0
120	135	187.57	1	1.43	1.54	1.31	1832060	435	221680	0
120	136	105.82	1	1.50	0.88	2.12	1846243	229	222811	1
121	129	39.99	-1	1.59	1.25	1.93	1758211	1151	230521	0
121	133	75.98	-1	1.36	2.41	0.30	1729125	3797	226994	0
121	134	42.68	-1	1.39	1.33	1.45	1738701	1469	226241	0
121	135	125.90	-1	2.45	4.04	0.87	1720201	1356	223090	0
121	136	34.12	-1	0.87	1.05	0.69	1733574	798	224169	1
122	129	138.96	-1	6.90	7.08	6.72	1800658	821	232799	0
123	135	24.70	-1	1.76	3.37	0.15	1715505	734	225131	0
124	132	146.57	-1	5.61	3.74	7.48	1782370	4560	236096	0
124	133	250.66	-1	3.76	6.43	1.09	1747042	5909	231126	0
124	174	30.57	-1	0.58	0.74	0.42	1683519	25197	231276	3
125	132	214.99	-1	8.73	6.46	11.00	1841960	4347	233542	1
127	134	108.33	-1	2.10	0.47	3.73	2173150	57	228795	1
127	135	946.08	1	5.38	4.05	6.70	2147482	845	225404	0
127	136	76.54	1	0.94	0.34	1.53	2162989	249	226719	0
127	155	40.61	1	2.22	0.18	4.26	2140034	966	232599	0
128	135	266.95	1	2.33	2.78	1.87	2146191	376	225583	0
128	136	74.49	1	1.15	0.81	1.49	2159450	155	226659	3
129	136	55.54	1	1.90	2.68	1.11	2177928	271	226880	2
129	149	46.04	1	1.30	2.22	0.39	2093952	3721	226306	0
131	149	73.67	1	4.59	8.55	0.64	2094375	6404	226576	0
133	155	24.80	1	1.32	0.07	2.56	2135708	4730	229421	0
133	292	42.15	1	1.21	0.15	2.26	2031484	1413	215789	1
135	157	37.94	1	0.38	0.24	0.52	2059626	359	215926	0
135	183	23.97	-1	0.12	0.14	0.10	1898326	452	218649	0
136	183	36.29	-1	0.44	0.73	0.16	1912418	224	219658	0
138	145	70.76	1	5.36	1.78	8.94	2196565	241	226007	5
138	146	236.42	1	7.40	6.01	8.80	2204126	197	227791	5
138	149	377.03	1	6.48	9.59	3.36	2123585	6038	220790	2
138	150	73.66	1	1.06	1.86	0.27	2130536	590	221193	7
138	152	36.82	1	0.67	0.92	0.43	2146815	159	225371	0
138	154	26.89	1	2.36	0.66	4.06	2124004	1289	225632	4
138	181	26.80	1	0.98	0.66	1.29	2133840	128	219639	3
138	183	316.18	1	4.81	8.04	1.58	1936581	1138	219488	3
138	184	172.79	1	4.29	4.39	4.19	1859993	789	221988	3
138	186	34.63	1	0.68	0.86	0.50	1892324	3131	225295	1
138	188	41.91	-1	0.99	1.05	0.93	2017639	3329	223731	0
140	149	28.28	1	2.66	5.10	0.23	2166650	3654	225394	1
140	173	26.50	-1	2.60	4.78	0.43	2036605	2383	225908	2
142	168	24.12	1	3.77	4.24	3.30	2047584	62	227561	9
142	174	26.35	-1	2.49	4.62	0.36	2135582	1119	229230	0
143	171	44.90	-1	2.93	1.65	4.21	2016915	96	222544	1
143	172	30.30	1	4.16	1.15	7.17	2024361	56	222500	0
143	175	30.82	1	1.67	1.17	2.17	2139381	97	228190	0
143	176	200.81	1	9.11	7.01	11.20	2143434	123	226169	0
143	177	100.10	1	7.98	3.55	12.42	2139992	76	225520	0
144	156	25.08	1	1.56	1.47	1.64	2196801	110	232924	12
144	158	34.03	1	3.41	1.99	4.83	2109246	105	222167	13
144	165	43.96	-1	2.31	2.56	2.06	2024637	868	227028	0
144	166	45.44	-1	1.40	2.64	0.15	2047248	679	229334	1
144	171	38.74	1	2.94	2.26	3.62	2020634	1166	224854	1
144	173	37.43	-1	1.40	2.18	0.62	2001187	1455	226768	1
144	175	202.51	1	13.08	11.70	14.45	2142009	582	230818	2
145	162	33.65	1	2.39	4.28	0.50	2087778	195	228385	1
146	155	26.94	-1	1.94	1.09	2.79	2194854	125	234002	0
146	162	46.85	1	1.26	1.82	0.70	2101492	107	230459	0
146	197	40.99	1	1.11	1.61	0.61	2109125	117	227768	0
146	199	32.81	1	0.94	1.31	0.57	2112755	74	228061	0
147	162	78.28	1	2.81	4.44	1.18	2100212	142	230395	0
147	177	26.99	1	2.48	1.59	3.37	2118661	65	229175	1
147	181	127.53	1	6.50	7.17	5.84	2090141	64	225705	0
147	190	28.83	1	1.00	1.69	0.30	2079396	127	228391	0
147	195	35.84	1	1.49	2.08	0.91	2068565	87	224224	0
149	165	124.65	-1	3.52	1.09	5.94	1994875	24151	223165	2
149	166	1945.29	1	12.39	17.42	7.35	2013988	26972	224977	1
149	171	48.91	1	2.50	0.42	4.59	1977341	23643	220601	2
149	185	64.85	-1	0.59	0.56	0.62	1798721	24147	226823	1
149	188	26.84	1	0.39	0.22	0.57	1927526	41052	224472	2
150	165	28.73	1	0.72	0.10	1.33	2003095	2239	223388	0
150	166	4184.76	1	15.66	15.49	15.84	2022035	4771	225190	1
151	159	209.86	1	2.94	3.08	2.81	2059646	189	216647	0
151	161	120.34	1	2.84	1.79	3.90	2091696	55	224125	1
151	162	571.08	1	8.50	8.28	8.71	2081899	456	226659	0
151	165	120.16	-1	3.75	1.78	5.73	2011358	394	225253	0
151	190	57.17	1	0.75	0.88	0.62	2037643	234	224965	0
151	191	99.35	1	1.01	1.48	0.54	2053690	314	222585	0
151	192	52.53	1	1.02	0.81	1.23	2039081	83	221183	0
151	193	59.51	1	1.44	0.91	1.97	2035708	130	221692	0
151	194	117.12	1	2.00	1.74	2.25	2022789	182	220344	0
151	195	164.85	1	3.30	2.43	4.17	2030382	208	221252	0
151	197	350.13	1	5.27	5.10	5.44	2054829	408	224172	2
151	199	258.59	1	4.16	3.78	4.54	2057500	260	224384	0
151	232	50.68	1	0.54	0.78	0.29	1992662	231	223950	2
152	159	673.71	1	7.67	6.40	8.93	2072069	271	218743	0
152	162	701.95	1	8.69	6.67	10.71	2090725	404	228557	0
152	165	64.78	-1	1.88	0.69	3.06	2017701	255	227088	0
152	190	49.60	1	0.54	0.55	0.53	2045039	168	226753	0
152	191	107.41	1	0.84	1.09	0.58	2059962	242	224188	0
152	192	105.34	1	1.75	1.07	2.42	2044672	85	222655	0
152	193	76.44	1	1.66	0.80	2.52	2040851	107	223196	0
152	194	152.03	1	2.22	1.51	2.93	2027777	155	221780	0
152	195	242.14	1	4.24	2.35	6.12	2035485	189	222697	0
152	197	328.69	1	4.13	3.17	5.10	2061513	309	225889	0
152	199	197.90	1	2.71	1.94	3.48	2064900	187	226109	0
153	174	26.86	-1	2.46	4.56	0.36	2059306	1949	230427	1
153	197	42.29	1	3.90	7.17	0.63	2050746	408	226343	0
154	165	48.99	1	4.88	7.45	2.30	1997680	6497	227579	0
154	173	64.35	-1	5.45	9.81	1.08	1957695	8892	226681	0
154	193	30.57	-1	2.82	4.62	1.02	2022264	400	223638	2
155	162	49.01	-1	2.95	5.16	0.74	2134961	1292	230193	1
155	183	37.45	-1	2.04	3.92	0.17	1905662	2069	225904	1
155	193	61.94	-1	4.30	6.55	2.05	2085118	562	224929	0
155	230	37.33	-1	2.14	3.91	0.36	2050091	528	228467	0
156	166	29.28	1	1.00	1.91	0.09	2086599	786	231599	0
156	197	174.29	1	6.92	11.15	2.69	2110791	344	228002	0
156	198	28.55	1	1.77	1.86	1.67	2122950	63	229031	1
156	199	42.04	1	1.73	2.72	0.74	2114008	156	228527	1
157	165	271.71	-1	8.31	3.59	13.02	1991062	553	219344	0
157	166	103.44	-1	0.88	1.38	0.37	2008698	513	220946	0
157	188	42.09	-1	0.75	0.58	0.93	1918175	1213	220945	0
157	190	158.41	1	1.92	2.11	1.73	2014249	392	219221	0
157	191	188.72	1	1.77	2.50	1.04	2030748	485	216968	0
157	192	166.74	1	3.01	2.22	3.80	2017387	154	215685	0
157	193	200.62	1	4.63	2.66	6.59	2015463	244	216241	0
157	194	351.87	1	5.71	4.65	6.77	2003442	341	215013	0
157	195	371.50	1	7.15	4.91	9.39	2011325	358	215964	0
157	197	564.01	1	8.11	7.44	8.78	2033951	618	218575	0
157	198	69.47	1	2.45	0.94	3.96	2044388	104	219343	0
157	199	269.19	1	4.15	3.56	4.73	2036810	333	218864	0
157	206	75.38	1	1.12	1.02	1.23	1838458	2550	218077	0
157	207	26.14	1	1.46	0.37	2.56	1942680	324	217882	0
157	224	144.46	1	1.22	1.92	0.52	1740263	4387	217810	0
157	227	24.28	1	1.85	0.34	3.36	1938596	70	218365	1
157	232	75.63	1	0.73	1.02	0.44	1975554	335	218571	0
158	197	30.80	1	2.41	4.38	0.45	2032426	205	218600	0
159	166	79.68	-1	0.69	1.09	0.28	1988222	466	218107	0
159	190	81.98	1	1.01	1.12	0.89	1990460	315	216525	0
159	191	123.88	1	1.17	1.67	0.68	2006315	410	214401	0
159	192	112.36	1	2.05	1.52	2.58	1992847	126	213138	0
159	193	134.30	1	3.12	1.81	4.42	1990742	200	213663	1
159	194	220.46	1	3.60	2.95	4.24	1978585	270	212438	0
159	195	241.96	1	4.67	3.23	6.12	1986414	287	213366	0
159	197	385.52	1	5.56	5.13	5.99	2009422	508	215934	0
159	198	73.28	1	2.59	1.01	4.17	2020214	99	216660	0
159	199	250.62	1	3.88	3.35	4.40	2012858	305	216179	0
159	200	30.54	1	1.27	0.44	2.10	2020487	99	216894	0
159	207	39.85	1	2.24	0.56	3.92	1919129	313	215256	0
159	232	108.40	1	1.05	1.47	0.64	1952290	331	215990	0
160	194	50.87	1	2.31	3.65	0.98	2022471	58	219134	0
160	197	53.57	1	2.32	3.83	0.80	2055933	93	222948	0
160	199	45.55	1	2.04	3.29	0.80	2059787	61	223338	0
161	190	32.93	1	0.79	1.22	0.35	2027149	62	224353	0
161	191	68.74	1	1.34	2.32	0.37	2042348	92	221871	0
161	197	74.67	1	1.82	2.50	1.13	2043021	86	223493	0
161	199	99.35	1	2.50	3.26	1.74	2046083	71	223897	0
162	171	122.16	-1	6.71	1.85	11.57	1997488	1528	225076	1
162	190	88.85	1	1.16	1.35	0.97	2022040	648	227263	0
162	191	106.12	1	1.09	1.61	0.58	2038387	789	224731	1
162	192	98.01	1	1.87	1.49	2.26	2023884	210	223351	0
162	193	39.05	1	0.94	0.58	1.30	2020395	289	223790	0
162	194	74.32	1	1.28	1.12	1.43	2006612	374	222403	1
162	195	100.16	1	2.02	1.52	2.53	2014399	413	223274	0
162	197	195.15	1	2.99	2.97	3.02	2037412	784	226253	0
162	199	214.64	1	3.52	3.27	3.77	2039628	521	226672	0
162	230	41.33	1	0.51	0.62	0.40	1987058	288	227557	0
162	232	39.85	1	0.41	0.60	0.23	1979446	560	226701	0
163	171	40.03	-1	6.58	9.41	3.74	1977527	514	223844	0
164	171	30.88	-1	5.38	7.90	2.87	1949719	228	223554	0
165	173	63.86	1	2.05	3.02	1.08	1913604	21652	225272	2
165	174	46.37	1	1.41	2.18	0.65	2000960	21351	228742	1
165	199	25.87	-1	0.82	1.19	0.45	1974691	1225	225342	0
166	173	571.75	1	6.02	2.15	9.89	1935686	20338	227071	2
166	174	126.82	1	1.15	0.46	1.83	2022313	18952	230720	1
167	174	155.03	-1	7.84	13.43	2.25	2033355	1567	230813	0
168	175	32.82	-1	3.38	4.45	2.31	2033769	82	230967	0
168	185	24.42	-1	1.77	3.34	0.20	1765109	413	231715	1
171	185	44.15	-1	2.27	4.14	0.41	1756558	11131	228077	0
171	187	42.37	1	2.36	3.97	0.74	1745862	18644	226172	0
173	184	24.49	1	0.48	0.39	0.57	1725713	4379	225649	0
173	186	193.95	1	3.13	3.33	2.92	1750805	25242	229266	1
173	187	577.53	1	10.39	9.99	10.78	1732717	33343	227897	1
173	188	556.59	1	11.34	9.62	13.06	1857169	34892	227490	1
174	182	125.25	1	5.93	1.81	10.05	2068283	3504	224809	1
174	185	172.04	-1	2.12	2.50	1.75	1849080	20677	233951	0
174	186	1097.70	-1	16.40	16.09	16.70	1856113	21602	233278	3
174	187	357.92	-1	5.95	5.23	6.66	1835725	30826	231727	0
174	190	79.59	-1	1.00	1.14	0.86	2070042	3855	229511	0
174	191	26.21	-1	0.24	0.35	0.13	2086488	4832	226851	0
175	183	45.33	1	1.71	3.21	0.21	1931761	1226	227102	0
175	188	73.39	-1	3.44	5.22	1.67	1999866	5237	231697	0
176	183	150.48	1	4.57	8.39	0.74	1937308	746	225304	0
176	184	58.31	1	2.33	3.26	1.40	1860286	508	228053	0
179	186	29.35	-1	3.46	6.51	0.42	1895769	943	231442	0
180	188	88.04	1	6.15	10.28	2.01	2002523	2309	229042	1
180	190	28.72	1	1.84	3.37	0.30	2105735	317	228110	0
180	191	33.04	1	2.02	3.87	0.17	2125230	380	225805	0
181	188	74.66	1	2.57	3.45	1.70	1986777	986	226520	1
181	190	60.08	1	1.72	2.79	0.65	2086241	170	225327	1
181	191	131.22	1	3.36	6.00	0.72	2104820	245	223070	0
181	193	42.73	1	1.71	2.01	1.42	2089072	88	222262	1
181	194	36.66	1	1.22	1.74	0.71	2076026	98	220884	0
182	190	81.52	1	3.71	6.54	0.89	2051291	537	222925	0
182	191	78.72	1	3.37	6.32	0.42	2068336	624	220660	1
183	190	1451.91	1	11.68	7.33	16.03	1889454	2061	224503	2
183	191	2916.98	1	15.51	14.76	16.27	1906426	3065	222077	0
183	192	300.86	1	4.16	1.50	6.82	1891858	457	220689	0
183	193	294.37	1	5.57	1.47	9.67	1889162	719	221215	0
183	194	173.84	1	2.10	0.86	3.35	1877313	731	219812	2
183	200	42.38	1	1.54	0.19	2.90	1918015	324	224892	0
183	206	387.42	1	4.20	1.94	6.45	1726978	9490	223161	0
183	239	25.46	1	0.21	0.11	0.32	1908522	2771	222751	2
184	191	557.66	-1	8.33	13.56	3.10	1844110	205	224955	0
184	194	27.56	1	0.59	0.65	0.53	1814009	415	222483	0
184	195	82.49	1	2.04	1.99	2.09	1820394	480	223467	0
184	197	130.14	1	2.57	3.15	2.00	1840988	867	226485	0
184	206	248.75	1	5.08	6.04	4.13	1669172	6815	225939	1
185	192	101.42	-1	1.67	1.01	2.33	1859735	355	228001	0
185	194	56.81	-1	0.82	0.54	1.09	1841136	1133	226893	0
185	195	47.72	-1	0.83	0.44	1.21	1847039	1157	227895	0
185	197	298.68	-1	3.86	3.08	4.63	1867133	1860	231051	0
185	206	78.54	1	1.02	0.77	1.28	1694028	30120	230573	4
185	230	87.05	-1	0.84	0.86	0.82	1824923	733	232535	0
185	247	99.51	1	0.65	0.99	0.31	1859803	27054	228571	2
185	257	25.63	1	0.20	0.21	0.18	1870913	3331	227944	0
185	292	69.04	1	2.19	0.67	3.72	1814446	2799	223821	0
186	194	215.95	-1	3.71	3.26	4.16	1865448	1272	226174	0
186	230	141.95	-1	1.73	2.13	1.33	1847355	934	231842	0
186	234	31.33	-1	0.70	0.45	0.95	1862973	13671	229597	0
187	194	474.89	-1	9.00	8.86	9.13	1860620	1372	224720	1
187	211	41.22	-1	1.56	0.72	2.41	1819643	941	228279	0
187	230	149.15	-1	2.07	2.75	1.39	1842578	1179	230395	1
187	234	31.39	-1	0.75	0.54	0.96	1858142	16895	228238	2
188	195	40.82	-1	0.97	0.90	1.03	2026320	2101	225184	0
188	197	32.43	-1	0.59	0.70	0.47	2048377	3889	228394	0
188	210	30.82	-1	2.94	0.66	5.22	1954351	362	225582	1
188	211	63.01	-1	2.54	1.42	3.65	1973290	941	227878	0
188	227	33.65	-1	2.67	0.73	4.61	1955226	590	228675	1
188	230	66.78	-1	1.07	1.51	0.63	1999517	1345	229965	1
188	234	54.31	-1	1.45	1.22	1.68	2015344	17496	227742	0
188	335	26.21	1	0.92	0.55	1.29	1934934	47688	223127	0
190	197	101.37	1	1.33	1.10	1.55	2199530	833	227542	0
190	199	42.82	1	0.60	0.46	0.75	2199501	456	227888	0
191	199	79.37	1	0.91	0.43	1.39	2224835	607	225451	0
192	199	230.54	1	4.65	5.24	4.05	2215311	229	224177	0
192	200	150.93	1	6.83	3.45	10.21	2225266	128	225148	0
194	207	25.25	1	1.48	0.49	2.47	2108029	462	222901	0
194	232	40.88	1	0.51	0.79	0.23	2139171	405	223936	1
195	206	30.98	1	0.63	0.78	0.48	2007389	3844	224273	0
195	224	54.20	1	0.77	1.37	0.18	1900527	6718	224146	0
195	232	24.63	1	0.38	0.62	0.14	2152128	396	225081	0
196	206	25.97	1	2.70	5.00	0.40	2014655	649	224813	0
197	207	43.32	1	2.46	0.64	4.27	2147953	893	227054	0
197	230	45.08	1	0.55	0.67	0.43	2185898	270	229122	0
197	231	40.56	1	2.49	0.60	4.38	2154699	650	228769	0
197	232	322.11	1	3.46	5.00	1.92	2175938	976	228058	1
197	233	84.01	1	4.03	1.28	6.79	2173007	248	227061	0
197	239	35.94	1	0.50	0.53	0.46	2216090	2091	226940	0
197	241	34.00	1	1.59	0.50	2.68	2222777	205	225880	0
198	206	34.24	1	1.26	1.99	0.54	2043923	1455	228128	1
198	207	52.98	1	4.13	3.04	5.23	2158298	220	227940	0
198	230	24.58	1	0.85	1.45	0.25	2197752	65	230146	0
198	232	135.39	1	4.22	7.64	0.80	2186885	232	228992	1
199	206	68.12	-1	1.15	1.19	1.10	2046224	3333	228170	0
199	229	46.97	1	3.09	0.82	5.35	2237681	70	230247	0
199	230	36.73	1	0.50	0.64	0.36	2196548	167	230346	0
199	231	37.50	1	2.35	0.66	4.05	2164543	381	229897	0
199	232	503.59	1	5.93	8.85	3.00	2184816	737	229074	0
199	233	80.06	1	3.94	1.40	6.47	2180728	158	227969	0
199	241	47.15	1	2.26	0.83	3.69	2230717	139	226927	0
200	224	39.06	1	1.40	2.67	0.12	1953001	3420	229643	0
200	232	25.31	1	0.94	1.75	0.14	2199957	210	230822	0
201	224	41.65	1	3.11	6.09	0.13	1947904	1243	230137	0
201	239	25.61	1	2.06	3.80	0.32	2214104	237	230064	0
202	224	61.08	1	3.85	7.50	0.21	1938533	1400	230044	0
203	224	154.93	1	4.93	9.29	0.56	1842250	1411	230201	0
204	224	37.84	1	4.35	8.58	0.12	1806815	4006	229295	3
205	224	4108.84	1	15.38	15.11	15.64	1750690	11160	228483	1
205	239	141.06	1	1.20	0.52	1.88	1965581	1523	228231	0
206	219	32.09	-1	2.34	0.50	4.19	1998476	1002	230801	0
206	222	42.93	-1	3.90	0.68	7.12	1928316	393	231464	0
206	223	25.98	-1	1.68	0.40	2.95	1826194	1459	230485	0
206	224	836.09	1	8.57	13.97	3.16	1800325	126767	228852	4
206	225	380.03	1	4.41	6.33	2.48	1938933	51099	228603	7
206	238	28.11	1	0.52	0.43	0.61	1988264	13467	230154	2
206	239	122.38	1	1.82	2.01	1.63	2020055	20020	228646	0
207	223	63.50	1	6.71	6.28	7.14	1933082	290	230237	0
207	232	44.77	1	2.33	4.41	0.26	2102148	750	229711	0
207	235	73.06	1	3.93	7.23	0.64	2099410	4434	228004	0
208	217	48.95	1	1.67	2.04	1.30	2153178	426	229715	4
208	224	330.00	1	7.44	13.65	1.23	1905328	5917	227777	0
209	218	65.96	1	7.50	5.51	9.49	2144265	75	228624	4
209	224	54.01	1	2.35	4.52	0.18	1899276	2403	225976	0
211	224	192.90	1	5.90	11.08	0.71	1922043	3597	229274	1
212	247	137.20	1	8.14	15.85	0.44	2175929	8688	230637	0
213	224	125.46	1	5.66	10.86	0.45	1951447	4269	230751	1
213	241	71.09	1	5.85	6.17	5.52	2194327	106	229628	0
214	242	36.05	1	5.03	7.40	2.65	2196736	79	230345	0
215	242	82.34	1	6.87	7.70	6.05	2186030	74	230031	0
216	224	86.84	1	4.13	7.95	0.30	1948418	977	232060	1
217	224	452.57	-1	6.95	12.19	1.70	1952806	11830	232913	2
217	225	384.61	-1	6.44	10.36	2.51	2089941	3876	232728	1
217	234	25.82	-1	0.73	0.68	0.78	2152635	2354	233038	1
217	238	70.63	-1	1.74	1.89	1.58	2140386	1082	234843	1
218	226	32.19	1	3.84	4.66	3.01	2101889	53	234538	2
219	226	77.55	1	8.59	10.03	7.16	2071666	67	234016	2
220	273	34.12	-1	2.68	5.21	0.16	2038968	2912	229879	1
220	316	24.82	-1	1.90	3.80	0.00	1958486	3122	229004	1
223	232	24.08	1	1.44	2.74	0.13	1939129	197	235074	0
223	234	27.94	1	2.01	3.17	0.85	1947185	711	233308	1
223	235	59.27	1	3.59	6.67	0.51	1931448	1101	233062	1
224	234	293.08	1	5.18	1.09	9.26	1925632	47702	231756	3
224	235	1898.78	1	12.22	7.21	17.22	1909691	75707	231417	3
224	236	95.42	1	5.63	0.34	10.93	1919137	23920	232646	1
224	239	88.94	1	0.74	0.31	1.18	1945285	34652	231732	2
225	232	2625.58	-1	16.49	17.29	15.70	2102887	1446	233287	0
225	233	28.48	-1	1.26	0.17	2.35	2096073	878	231934	0
225	234	107.24	-1	2.02	0.69	3.36	2106578	18117	231660	1
225	235	318.38	-1	2.47	2.08	2.87	2087051	26490	231353	2
225	237	27.51	1	1.99	0.16	3.81	2078504	12516	232495	0
225	238	60.37	1	0.86	0.38	1.35	2092746	10354	233455	1
226	238	51.05	1	2.94	4.74	1.14	2124568	293	234065	0
226	239	40.37	1	2.14	3.76	0.52	2156350	390	232163	0
229	238	33.19	1	2.27	3.82	0.73	2244302	166	237154	0
230	237	40.56	-1	3.02	0.39	5.65	2199456	398	236745	1
230	238	635.99	1	10.22	5.88	14.56	2212432	1079	237639	0
230	239	1279.24	1	14.51	11.81	17.21	2244688	1787	235664	0
230	241	95.71	1	4.16	0.90	7.42	2246995	135	234293	0
231	238	114.07	-1	7.48	12.37	2.58	2187157	810	237312	0
232	239	59.24	-1	0.56	0.34	0.78	2240242	1273	234428	1
232	241	37.03	1	1.56	0.21	2.91	2240061	190	233132	0
233	255	50.56	1	4.33	4.11	4.54	2232753	144	232768	0
234	242	127.48	1	6.68	4.01	9.36	2273758	1523	233055	0
234	243	25.47	1	1.50	0.77	2.23	2254243	503	231780	0
234	244	25.57	1	0.87	0.77	0.96	2227778	1120	231007	3
234	247	401.21	1	7.02	12.70	1.35	2244407	26179	232126	0
234	255	34.56	1	2.08	1.06	3.10	2259342	1628	232615	0
234	256	50.39	1	1.62	1.56	1.69	2239130	1533	231142	0
234	257	27.49	1	0.51	0.83	0.20	2257784	3042	231300	0
234	258	82.91	1	2.46	2.59	2.33	2246682	3505	229883	1
235	242	85.95	1	3.53	0.76	6.31	2266131	2022	232647	0
235	243	80.76	1	3.81	0.71	6.91	2245434	800	231391	2
235	244	42.02	1	0.96	0.36	1.57	2219290	1626	230741	3
235	247	164.27	1	1.00	1.47	0.53	2235509	35511	231838	2
235	255	64.72	1	3.19	0.56	5.81	2249562	2379	232343	0
235	256	74.25	1	1.57	0.65	2.48	2229319	2204	230892	0
235	257	55.11	1	0.44	0.48	0.41	2247810	4430	231107	0
235	258	188.64	1	3.52	1.69	5.35	2236800	5197	229636	0
236	247	94.69	1	5.57	10.84	0.29	2248315	12219	233436	0
237	247	93.82	1	6.72	13.16	0.29	2230179	14804	233482	1
238	247	55.37	-1	0.69	1.23	0.15	2250113	11034	234766	1
238	249	29.50	1	2.25	0.64	3.86	2283908	851	237206	1
238	255	110.35	-1	6.20	2.50	9.90	2263992	465	235134	0
238	256	53.30	-1	1.49	1.19	1.78	2242967	478	233489	0
238	257	292.73	-1	4.46	6.68	2.24	2261358	814	233653	1
238	258	130.64	-1	3.33	2.96	3.69	2250336	1124	232170	0
238	273	30.63	-1	0.40	0.67	0.14	2185119	16732	230720	1
238	319	25.68	-1	0.70	0.55	0.85	2081882	978	227243	0
239	247	26.70	-1	0.20	0.34	0.05	2293956	16758	232860	0
240	247	209.39	-1	8.62	16.55	0.69	2314941	6557	232753	0
242	264	38.40	1	2.61	2.83	2.38	2267645	345	228199	2
243	259	39.19	1	2.09	3.39	0.78	2304768	201	229654	4
243	264	37.65	1	2.80	3.26	2.34	2251248	148	227069	10
243	273	24.91	1	1.15	2.19	0.11	2239518	1535	228396	0
243	285	41.21	1	1.87	3.57	0.18	2270514	392	232591	0
244	268	63.10	1	2.58	2.35	2.80	2204462	234	225016	17
244	271	132.21	1	3.86	4.90	2.82	2130539	463	229069	15
244	274	57.48	1	2.72	2.14	3.30	2238027	312	227344	8
244	285	100.54	1	2.10	3.73	0.46	2245211	935	231938	1
245	256	48.40	1	3.44	5.26	1.62	2238871	142	230319	0
245	264	44.71	1	3.82	4.87	2.78	2197063	214	226430	28
245	316	33.93	-1	1.86	3.71	0.01	2096637	1896	227158	0
246	255	36.52	1	3.02	2.75	3.28	2237615	76	232865	0
246	256	77.80	1	4.17	5.73	2.60	2217308	94	231216	1
246	259	45.70	1	2.16	3.42	0.91	2224017	151	229917	4
246	286	51.79	1	2.13	3.86	0.40	2208430	94	234415	0
247	254	24.39	-1	2.58	0.05	5.12	2329860	506	234248	0
247	255	32.67	-1	1.50	0.07	2.93	2325854	2726	234590	0
247	256	149.77	-1	2.74	0.48	5.01	2303779	2236	232893	0
247	257	990.27	1	5.50	3.38	7.61	2323285	8557	233341	2
247	258	260.07	-1	4.12	0.86	7.38	2312700	5586	231826	0
247	273	1481.31	-1	6.60	5.08	8.13	2250541	69314	230550	1
247	280	43.64	1	1.58	0.11	3.04	2261038	3224	229863	0
247	281	40.60	1	0.89	0.10	1.67	2292868	4243	233373	3
247	282	146.66	1	3.24	0.47	6.02	2285645	3228	233083	0
247	285	3633.06	-1	14.90	12.52	17.28	2284622	9285	235508	0
247	286	1919.57	1	10.70	6.60	14.80	2296862	6130	236488	0
247	287	101.57	1	6.71	0.31	13.10	2272914	9489	235838	2
247	288	2327.14	1	12.17	8.00	16.34	2291605	10574	234702	1
247	290	193.06	1	5.67	0.63	10.71	2253781	5199	229882	0
247	291	198.00	1	5.14	0.65	9.63	2263258	2803	229482	0
247	292	185.19	1	5.32	0.60	10.03	2275608	6042	230983	0
247	295	30.26	-1	1.72	0.07	3.37	2290370	484	233055	0
247	298	71.75	-1	2.23	0.21	4.26	2280394	3986	232410	0
249	256	32.42	-1	2.66	4.24	1.09	2343803	99	235769	1
249	259	36.56	1	2.75	4.78	0.72	2352658	541	234470	14
249	264	47.45	1	4.58	6.20	2.95	2303120	410	231731	40
249	271	35.59	1	2.69	4.65	0.74	2203116	486	234892	21
250	259	25.96	1	1.08	1.65	0.50	2346776	119	233916	2
250	264	39.76	1	2.47	2.47	2.47	2299341	98	231412	4
250	281	137.85	1	7.00	8.31	5.69	2330827	127	236072	1
251	259	53.66	1	3.36	5.65	1.08	2358879	125	233770	1
251	280	31.31	1	2.76	3.34	2.19	2307642	57	232039	0
251	285	26.96	1	1.50	2.89	0.11	2333605	203	237970	0
252	259	141.96	1	6.63	10.34	2.92	2348169	434	232799	2
252	264	33.10	1	2.24	2.43	2.05	2297020	240	230178	19
252	268	36.54	1	2.15	2.69	1.62	2272522	172	228736	14
252	271	62.79	1	2.96	4.59	1.32	2197007	330	233053	7
253	264	69.21	1	5.62	6.92	4.32	2299906	139	230586	9
253	271	26.30	1	1.61	2.68	0.54	2199607	131	233319	2
253	273	32.29	1	1.71	3.28	0.15	2287223	1159	231980	0
254	277	25.69	1	3.58	5.38	1.78	2324467	51	233137	0
255	276	25.88	1	2.33	2.32	2.34	2297195	58	231335	1
256	271	43.34	1	1.18	1.45	0.90	2165573	470	230963	3
256	273	370.13	1	7.19	12.36	2.01	2251469	5451	229671	0
256	274	28.82	1	1.30	0.97	1.64	2272873	359	229193	0
257	271	29.77	1	0.41	0.21	0.61	2186569	947	231588	6
257	273	1893.06	-1	12.48	14.56	10.39	2273633	5792	230229	0
257	274	43.84	1	1.42	0.32	2.51	2295252	739	229853	2
257	279	33.11	1	3.30	0.24	6.37	2290977	74	229797	0
257	286	40.64	1	0.30	0.30	0.31	2318939	591	235851	0
258	273	445.51	1	7.54	12.66	2.42	2266752	12182	228992	0
258	274	45.33	1	1.93	1.26	2.60	2288653	802	228603	5
259	266	200.54	-1	2.91	4.14	1.68	2289301	1713	229600	2
259	267	50.97	1	3.32	1.02	5.61	2279953	148	228048	3
259	268	65.05	1	2.10	1.32	2.89	2256668	616	226096	12
259	271	573.37	1	12.11	11.91	12.31	2181470	1606	230061	10
259	272	56.19	1	3.67	1.13	6.22	2132475	98	229308	1
259	273	184.96	1	2.40	3.82	0.99	2269099	11857	229008	1
259	274	90.04	1	3.51	1.84	5.19	2291960	896	228823	4
259	275	33.03	1	2.04	0.65	3.43	2298122	71	229304	1
259	276	45.68	1	2.48	0.91	4.05	2294057	122	228969	3
259	277	88.48	1	3.93	1.81	6.05	2318696	413	230817	7
259	278	122.17	1	3.92	2.51	5.34	2299056	541	229176	5
259	282	110.44	1	3.40	2.26	4.54	2304292	567	231241	7
259	285	173.82	1	2.20	3.58	0.81	2304063	2782	233752	1
259	316	31.68	-1	0.32	0.62	0.01	2182198	10151	228661	1
260	271	29.32	1	2.40	4.19	0.60	2192472	124	231343	2
260	273	30.55	1	2.25	4.36	0.14	2280146	1076	230321	0
261	268	29.17	1	1.57	1.84	1.30	2268816	159	227186	6
261	271	70.60	1	2.93	4.37	1.49	2193516	318	231202	1
261	273	160.96	1	5.38	9.90	0.86	2280267	2951	230035	0
261	274	36.68	1	2.20	2.30	2.10	2302474	225	229718	3
261	278	25.70	1	1.38	1.63	1.13	2310121	123	230245	1
261	282	24.36	1	1.28	1.54	1.01	2315964	130	232338	1
261	285	27.20	1	0.91	1.72	0.11	2315004	620	234730	0
262	273	52.93	1	3.41	6.57	0.26	2297589	2022	232382	0
262	274	36.79	1	3.35	4.59	2.10	2319050	174	232011	0
262	290	25.39	1	2.30	3.19	1.40	2302005	152	231741	2
263	278	32.13	1	3.68	5.95	1.41	2284629	50	228377	1
264	271	33.67	1	1.39	2.09	0.70	2146471	773	228052	34
264	274	101.76	1	6.12	6.37	5.87	2252049	672	226326	37
264	278	71.13	1	3.78	4.44	3.11	2260998	362	227115	21
264	282	39.38	1	2.04	2.45	1.63	2265666	350	229030	16
264	285	67.38	1	2.25	4.21	0.30	2264400	1829	231107	0
264	288	30.21	-1	1.03	1.87	0.20	2271773	485	230611	0
265	273	26.15	-1	2.32	4.52	0.11	2221622	778	226349	0
265	291	31.25	1	3.46	5.37	1.54	2234337	58	225296	0
266	273	2026.77	-1	14.14	17.15	11.13	2245027	20135	229208	3
266	290	56.90	1	1.81	0.46	3.15	2247405	1742	228769	0
266	291	75.66	1	2.16	0.62	3.69	2257002	966	228408	0
266	292	69.63	1	2.16	0.57	3.75	2269034	2065	229846	0
266	295	46.51	1	2.73	0.38	5.09	2283934	326	231787	0
266	296	276.33	1	6.81	2.32	11.30	2278955	637	232393	0
266	298	62.30	-1	2.10	0.51	3.69	2273853	1237	231117	0
266	309	232.86	-1	1.21	1.95	0.46	2072025	27875	223787	1
267	278	47.84	1	3.68	5.27	2.10	2265032	68	228067	1
268	277	80.29	1	4.53	3.57	5.49	2261749	220	227577	16
268	278	107.70	1	4.75	4.78	4.71	2243835	286	226082	22
268	281	47.72	1	2.04	2.12	1.97	2252994	344	228032	1
268	282	207.25	1	8.85	9.21	8.50	2246962	368	227965	12
268	285	130.06	1	3.19	5.78	0.60	2245690	1333	230077	5
268	287	36.65	1	3.16	1.63	4.70	2232907	674	230522	4
268	288	73.84	-1	1.89	3.28	0.51	2252476	240	229535	2
270	285	24.81	1	3.31	6.51	0.10	2239127	184	233802	0
271	278	179.71	1	5.84	3.84	7.85	2176605	559	230902	11
271	282	148.29	1	4.63	3.16	6.09	2182035	556	232972	10
271	285	403.19	1	5.28	8.65	1.90	2181733	2846	235441	1
271	288	29.95	-1	0.41	0.62	0.20	2187333	639	234699	3
271	308	35.48	1	3.18	0.73	5.62	1903983	113	226235	4
273	280	195.38	-1	7.33	1.04	13.61	2252802	3352	229146	0
274	282	65.63	1	3.24	3.77	2.70	2299753	373	232041	5
274	285	171.86	1	5.36	9.93	0.80	2301720	1960	234849	0
275	285	51.99	1	2.76	5.30	0.23	2309018	143	235315	0
276	285	58.04	1	2.68	5.11	0.26	2305578	235	234961	0
277	285	131.94	1	4.80	9.00	0.61	2338132	850	237469	1
278	285	153.31	1	3.70	6.70	0.71	2314998	1096	235357	0
278	295	26.82	1	2.09	1.18	3.01	2317756	64	232879	3
281	288	332.79	-1	8.04	13.75	2.33	2346193	151	238176	0
282	302	32.65	1	0.85	1.35	0.35	2307537	1226	235817	1
284	309	24.12	1	3.14	6.25	0.03	2106621	2245	228972	1
285	298	144.56	1	4.63	0.67	8.59	2339682	1862	239055	0
285	305	102.30	-1	4.16	0.47	7.84	2236889	455	236071	0
286	309	467.03	1	2.27	3.60	0.95	2144707	7662	232109	0
287	309	34.63	1	2.24	4.44	0.05	2122260	15869	231615	1
288	309	317.48	1	1.43	2.22	0.64	2138244	13440	230498	1
289	298	46.04	1	6.21	9.70	2.73	2333404	1699	235931	0
289	309	43.10	1	4.57	9.08	0.07	2125386	29218	228459	0
290	298	87.91	-1	5.05	4.87	5.22	2305979	217	233192	0
290	302	44.54	-1	1.48	2.47	0.49	2286787	1450	233739	0
290	309	144.52	-1	4.15	8.02	0.28	2101069	6622	226060	0
291	298	77.31	-1	4.18	3.77	4.59	2318339	83	232870	0
291	309	134.89	1	3.41	6.57	0.26	2111001	4331	225726	0
295	316	32.80	-1	1.83	3.64	0.01	2235091	834	234886	0
298	305	123.21	-1	8.38	7.32	9.45	2243880	69	233366	0
298	309	36.88	1	1.12	2.18	0.06	2136028	8564	228439	1
299	309	92.09	1	5.07	9.97	0.17	2132627	1769	228032	0
300	309	24.46	1	2.04	4.06	0.03	2128404	881	228084	0
301	309	2118.96	-1	9.91	15.46	4.36	2125067	4104	228419	1
301	310	298.70	1	5.50	2.18	8.83	2177569	181	231338	0
301	311	81.20	1	2.78	0.59	4.97	2159165	880	232099	0
301	323	100.05	1	0.51	0.73	0.29	2234824	4472	232215	0
302	309	1470.65	-1	9.96	16.89	3.02	2129869	31225	229287	1
302	311	110.15	1	4.00	1.25	6.76	2163063	3870	233054	1
302	312	67.66	1	4.03	0.76	7.31	2139823	2085	230609	0
302	316	374.75	-1	2.38	4.29	0.47	2217674	31071	235174	4
302	335	32.34	-1	0.98	0.35	1.61	2280557	24115	238901	1
303	311	89.18	1	7.25	9.05	5.46	2171718	314	234646	1
303	312	59.11	1	6.20	6.02	6.38	2148250	177	232188	0
308	323	25.26	1	2.05	4.03	0.06	1983214	611	227372	0
309	316	8203.16	-1	13.91	16.95	10.87	2069470	119783	227807	3
309	335	137.47	1	3.66	0.26	7.05	2105647	112554	231344	2
310	323	31.56	1	0.53	0.98	0.08	2126224	561	229224	0
311	319	44.09	-1	2.08	2.68	1.47	2079518	610	228769	0
311	335	199.71	1	11.28	12.28	10.28	2146730	10876	235302	1
312	319	45.47	-1	3.21	4.90	1.52	2065661	295	226987	2
312	335	51.68	-1	4.09	5.58	2.61	2125703	4763	232808	1
315	323	37.53	1	3.83	7.57	0.10	2055324	806	233269	0
316	323	5766.70	-1	12.58	7.63	17.52	2182065	61087	232159	0
316	340	929.51	1	8.99	1.20	16.77	2274806	12188	239896	3
317	335	42.40	1	5.15	8.18	2.13	2212438	1232	236056	1
318	327	46.16	1	6.08	8.54	3.62	2111397	115	222628	0
319	335	61.26	1	2.58	2.06	3.11	2206104	6842	234862	0
324	335	48.50	1	5.80	9.16	2.45	2285654	1719	238778	0
325	335	26.28	1	3.44	5.59	1.29	2287793	2689	238287	0
326	334	63.88	1	7.32	8.41	6.23	2218069	87	232973	0
326	335	50.29	1	4.58	6.63	2.54	2248538	2165	233512	0
327	334	93.81	1	8.24	7.36	9.11	2166783	152	227612	0
327	335	128.21	1	8.32	10.06	6.57	2192883	4229	227842	0
327	337	24.66	1	4.03	1.94	6.12	2230379	64	229265	1
327	340	51.08	1	2.46	4.01	0.91	2252216	467	229635	5
328	335	28.67	1	4.11	6.79	1.42	2145487	600	223751	0
335	344	44.08	-1	6.79	2.22	11.36	2363324	2834	244861	1
