325	Window=3	Metric=PAIRMAPPER	
i	j	Sig.	Class	Zij	Zi	Zj	Mod_Depth	Mod_Comuts	Unt_Depth	Unt_Comuts
40	53	42.13	1	6.13	4.88	7.38	835744	198	780047	150
144	169	38.03	1	5.91	5.19	6.62	817307	403	759402	166
202	262	327.39	1	6.14	6.08	6.20	801311	457	752617	35
288	308	29.38	1	2.76	2.06	3.46	847630	121	786800	23
63	261	24.25	2	2.69	4.53	0.85	773404	100	730112	24
68	201	196.47	2	5.20	7.47	2.93	782902	328	741746	27
68	257	29.46	2	3.21	1.11	5.31	769872	171	725943	36
69	256	27.58	2	2.09	1.25	2.93	772379	175	727229	34
69	263	109.41	2	3.17	5.00	1.34	780870	438	733107	35
194	262	91.15	2	4.69	7.68	1.71	803092	242	751982	43
201	256	69.65	2	4.22	1.02	7.41	786632	169	740346	20
201	263	648.22	2	8.87	9.70	8.03	795746	595	746895	20
289	307	34.46	2	2.51	2.30	2.72	853399	476	797830	41
58	261	29.79	0	1.29	1.53	1.05	766171	223	719822	50
59	261	81.15	0	2.67	2.43	2.91	774383	904	727320	92
101	112	36.11	0	2.28	2.41	2.15	824684	784	780631	30
102	111	82.84	0	7.69	2.29	13.08	830300	1343	785663	49
259	295	24.55	0	3.37	4.60	2.14	826998	945	768581	131
290	306	67.80	0	4.70	4.49	4.91	821501	737	773407	55
