0.000000
0.000000
0.000000
0.000000
0.000000
0.850000
0.850000
0.850000
0.000000
0.000000
0.850000
0.000000
0.000000
0.850000
0.396723
0.213182
0.000000
0.238262
0.000000
0.000000
0.000000
0.000000
0.000000
0.000000
0.000000
0.000000
0.000000
0.000000
0.000000
0.000000
0.850000
0.000000
0.527824
0.850000
0.850000
0.000000
0.591665
0.598505
0.000000
0.000000
0.000000
0.000000
0.000000
0.000000
0.000000
0.000000
0.000000
0.000000
0.000000
0.000000
0.000000
0.000000
0.000000
0.000000
0.000000
0.000000
0.000000
0.000000
0.000000
0.000000
0.082081
0.000000
0.000000
0.623585
0.000000
0.075241
0.000000
0.000000
0.000000
0.305522
0.404703
0.000000
0.000000
0.000000
0.343143
0.000000
0.000000
0.000000
0.000000
0.000000
0.000000
0.689705
0.310082
0.000000
0.000000
0.449163
0.000000
0.000000
0.108301
0.000000
0.000000
0.000000
0.045600
0.000000
0.031920
0.000000
0.000000
0.000000
0.000000
0.000000
0.484504
0.148201
0.000000
0.000000
0.000000
0.458284
0.000000
0.000000
0.000000
0.000000
0.605345
0.278162
0.000000
0.000000
0.000000
0.000000
0.525544
0.000000
0.000000
0.000000
0.000000
0.000000
0.000000
0.000000
0.449163
0.000000
0.000000
0.132241
0.000000
0.267902
0.000000
0.149341
0.102601
0.037620
0.527824
0.000000
0.000000
0.000000
0.735306
0.047880
0.000000
0.850000
0.000000
0.001140
0.000000
0.000000
0.000000
0.000000
0.000000
0.000000
0.000000
0.330603
0.000000
0.000000
0.850000
0.160741
0.335163
0.461704
0.000000
0.000000
0.850000
0.000000
0.110581
0.000000
0.099181
0.345423
0.196082
0.181261
0.000000
0.619025
0.322622
0.000000
0.000000
0.332883
0.000000
0.000000
0.850000
0.000000
0.000000
0.000000
0.000000
0.850000
0.000000
0.000000
0.000000
0.000000
0.616745
0.263342
0.000000
0.850000
0.000000
0.111721
0.100321
0.000000
0.386463
0.000000
0.850000
0.272462
0.000000
0.497044
0.000000
0.205202
0.000000
0.000000
0.416103
0.000000
0.595085
0.000000
0.000000
0.827646
0.622445
0.000000
0.000000
0.000000
0.000000
0.000000
0.000000
0.000000
0.606485
0.495904
0.000000
0.000000
0.000000
0.410403
0.562024
0.068401
0.000000
0.000000
0.850000
0.429783
0.850000
0.068401
0.000000
0.000000
0.000000
0.000000
0.000000
0.000000
0.850000
0.850000
0.850000
0.000000
0.000000
0.000000
0.000000
0.000000
0.000000
0.000000
0.000000
0.850000
0.000000
0.014820
0.571144
0.365943
0.000000
0.000000
0.000000
0.000000
0.209762
0.000000
0.000000
0.483364
0.000000
0.000000
0.000000
0.000000
0.000000
0.805986
0.000000
0.000000
0.850000
0.000000
0.000000
0.030780
0.475384
0.379623
0.000000
0.000000
0.000000
0.000000
0.440043
0.000000
0.000000
0.000000
0.000000
0.014820
0.000000
0.000000
0.185821
0.459424
0.000000
0.000000
0.000000
0.000000
0.000000
0.000000
0.300962
0.000000
0.000000
0.316922
0.000000
0.000000
0.000000
0.000000
0.295262
0.000000
0.000000
0.000000
0.000000
0.000000
0.000000
0.000000
0.199502
0.633845
0.819666
0.850000
0.850000
0.000000
0.000000
0.000000
0.287282
0.481084
0.000000
0.850000
0.000000
0.000000
0.000000
0.000000
0.000000
0.000000
0.000000
0.000000
0.650945
0.000000
0.000000
0.850000
0.217742
0.000000
0.000000
0.000000
0.000000
0.601925
0.000000
0.378483
0.000000
0.850000
0.285002
0.319202
0.000000
0.000000
0.000000
0.000000
0.000000
0.337443
0.000000
0.000000
0.000000
0.710225
0.000000
0.000000
0.000000
0.000000
0.286142
0.000000
0.850000
0.000000
0.000000
0.832206
0.000000
0.503884
0.000000
0.159601
0.000000
0.000000
0.000000
0.213182
0.000000
0.000000
0.000000
0.850000
0.000000
0.000000
0.000000
0.000000
0.000000
0.000000
0.000000
0.000000
0.000000
0.000000
0.078661
0.000000
0.342003
0.000000
0.063840
0.850000
0.000000
0.000000
0.000000
0.000000
0.000000
0.000000
0.000000
0.000000
0.000000
0.364803
0.000000
0.000000
0.000000
0.000000
0.000000
0.000000
0.000000
0.850000
0.000000
0.000000
0.000000
0.000000
0.657785
0.000000
0.000000
0.000000
0.433203
0.000000
0.000000
0.000000
0.003420
0.000000
0.139081
0.800286
0.049020
0.000000
0.098041
0.000000
0.000000
0.000000
0.106021
0.000000
0.000000
0.000000
0.733026
0.000000
0.000000
0.000000
0.000000
0.000000
0.000000
0.381903
0.166441
0.000000
0.000000
0.000000
0.000000
0.000000
0.000000
0.000000
0.000000
0.000000
0.196082
0.000000
0.093481
0.000000
0.000000
0.000000
0.000000
0.850000
0.000000
0.000000
0.426363
0.000000
0.352263
0.000000
0.082081
0.000000
0.000000
0.000000
0.000000
0.000000
0.000000
0.000000
0.000000
0.000000
0.030780
0.000000
0.000000
0.000000
0.000000
0.000000
0.000000
0.000000
0.000000
0.850000
0.000000
0.727326
0.000000
0.000000
0.000000
0.000000
0.000000
0.405843
0.139081
0.427503
0.000000
0.000000
0.000000
0.000000
0.558604
0.000000
0.000000
0.000000
0.000000
0.000000
0.000000
0.000000
0.000000
0.000000
0.650945
0.000000
0.331743
0.000000
0.000000
0.000000
0.000000
0.000000
0.239402
0.456004
0.000000
0.000000
0.000000
0.128821
0.216602
0.000000
0.090061
0.000000
0.000000
0.000000
0.448023
0.000000
0.772926
0.000000
0.000000
0.000000
0.000000
0.000000
0.000000
0.000000
0.674885
0.290702
0.000000
0.000000
0.000000
0.817386
0.141361
0.000000
0.157321
0.438903
0.000000
0.000000
0.000000
0.000000
0.748986
0.000000
0.000000
0.259922
0.000000
0.000000
0.000000
0.000000
0.188101
0.000000
0.000000
0.000000
0.000000
0.850000
0.003420
0.000000
0.000000
0.000000
0.000000
0.000000
0.000000
0.000000
0.386463
0.000000
0.000000
0.000000
0.000000
0.052440
0.000000
0.000000
0.689705
0.850000
0.000000
0.000000
0.000000
0.000000
0.000000
0.000000
0.000000
0.589385
0.000000
0.000000
0.000000
0.326043
0.000000
0.000000
0.477664
0.000000
0.000000
0.000000
0.706805
0.019380
0.139081
0.214322
0.000000
0.000000
0.000000
0.000000
0.217742
0.000000
0.000000
0.000000
0.850000
0.000000
0.467404
0.000000
0.000000
0.000000
0.000000
0.126541
0.850000
0.000000
0.326043
0.000000
0.606485
0.098041
0.000000
0.000000
0.055860
0.000000
0.850000
0.000000
0.000000
0.257642
0.108301
0.000000
0.000000
0.000000
0.000000
0.214322
0.076381
0.072961
0.000000
0.060420
0.796866
0.000000
0.000000
0.000000
0.000000
0.202922
0.000000
0.000000
0.000000
0.000000
0.000000
0.000000
0.069541
0.000000
0.000000
0.850000
0.850000
0.393303
0.000000
0.443463
0.000000
0.000000
0.850000
0.000000
0.000000
0.000000
0.000000
0.000000
0.000000
0.000000
0.000000
0.000000
0.000000
0.000000
0.000000
0.000000
0.000000
0.000000
0.000000
0.000000
0.000000
0.546064
0.000000
0.644105
0.000000
0.090061
0.850000
0.000000
0.720486
0.000000
0.114001
0.805986
0.850000
0.136801
0.000000
0.000000
0.000000
0.000000
0.000000
0.000000
0.078661
0.000000
0.850000
0.249662
0.216602
0.542644
0.850000
0.025080
0.000000
0.000000
0.067261
0.000000
0.794586
0.850000
0.850000
0.000000
0.000000
0.850000
0.000000
0.000000
0.000000
0.000000
0.000000
0.000000
0.000000
0.118561
0.000000
0.000000
0.000000
0.000000
0.564304
0.000000
0.000000
0.000000
0.000000
0.000000
0.850000
0.777486
0.000000
0.000000
0.000000
0.000000
0.000000
0.000000
0.000000
0.000000
0.000000
0.000000
0.000000
0.850000
0.000000
0.042180
0.000000
0.000000
0.000000
0.000000
0.403563
0.691985
0.850000
0.850000
0.000000
0.000000
0.000000
0.000000
0.025080
0.434343
0.095761
0.000000
0.000000
0.000000
0.000000
0.000000
0.000000
0.155041
0.000000
0.000000
0.000000
0.850000
0.000000
0.000000
0.790026
0.361383
0.850000
0.000000
0.000000
0.000000
0.850000
0.000000
0.000000
0.000000
0.000000
0.000000
0.068401
0.000000
0.000000
0.597365
0.000000
0.850000
0.000000
0.417243
0.000000
0.000000
0.000000
0.850000
0.000000
0.148201
0.000000
0.000000
0.000000
0.850000
0.000000
0.000000
0.454864
0.042180
0.850000
0.000000
0.000000
0.000000
0.850000
0.000000
0.018240
0.224582
0.000000
0.000000
0.022800
0.047880
0.000000
0.000000
0.000000
0.000000
0.000000
0.000000
0.000000
0.000000
0.589385
0.188101
0.850000
0.803706
0.000000
0.000000
0.462844
0.000000
0.000000
0.000000
0.850000
0.000000
0.756966
0.098041
0.000000
0.000000
0.850000
0.000000
0.608765
0.462844
0.000000
0.000000
0.000000
0.000000
0.580264
0.000000
0.000000
0.000000
0.000000
0.000000
0.000000
0.000000
0.000000
0.000000
0.833346
0.850000
0.000000
0.000000
0.000000
0.660065
0.264482
0.000000
0.850000
0.577984
0.000000
0.000000
0.328323
0.000000
0.000000
0.000000
0.833346
0.000000
0.000000
0.013680
0.850000
0.571144
0.351123
0.000000
0.167581
0.095761
0.000000
0.283862
0.000000
0.658925
0.673745
0.850000
0.000000
0.596225
0.123121
0.000000
0.000000
0.000000
0.000000
0.000000
0.000000
0.000000
0.000000
0.000000
0.000000
0.000000
0.000000
0.000000
0.000000
0.000000
0.177841
0.026220
0.850000
0.000000
0.000000
0.000000
0.000000
0.000000
0.336303
0.217742
0.821946
0.000000
0.850000
0.000000
0.000000
0.850000
0.682865
0.359103
0.462844
0.186961
0.000000
0.000000
0.000000
0.000000
0.000000
0.234842
0.096901
0.000000
0.000000
0.355683
0.000000
0.850000
0.379623
0.000000
0.000000
0.000000
0.000000
0.000000
0.000000
0.000000
0.725046
0.101461
0.000000
0.000000
0.313502
0.000000
0.441183
0.000000
0.000000
0.000000
0.000000
0.000000
0.599645
0.000000
0.000000
0.000000
0.000000
0.000000
0.267902
0.000000
0.000000
0.000000
0.010260
0.000000
0.000000
0.000000
0.000000
0.539224
0.000000
0.029640
0.000000
0.000000
0.799146
0.000000
0.396723
0.361383
0.000000
0.000000
0.063840
0.000000
0.000000
0.319202
0.000000
0.000000
0.067261
0.000000
0.271322
0.000000
0.000000
0.850000
0.000000
0.000000
0.000000
0.387603
0.383043
0.000000
0.000000
0.000000
0.000000
0.799146
0.000000
0.000000
0.000000
0.020520
0.000000
0.527824
0.000000
0.000000
0.000000
0.000000
0.000000
0.000000
0.000000
0.000000
0.000000
0.850000
0.000000
0.000000
0.850000
0.000000
0.000000
0.587105
0.000000
0.000000
0.000000
0.000000
0.850000
0.000000
0.639545
0.000000
0.486784
0.000000
0.000000
0.596225
0.000000
0.850000
0.000000
0.408123
0.000000
0.000000
0.565444
0.000000
0.145921
0.000000
0.000000
0.000000
0.000000
0.000000
0.000000
0.000000
0.000000
0.681725
0.000000
0.000000
0.000000
0.655505
0.277022
0.000000
0.000000
0.000000
0.000000
0.000000
0.349983
0.451443
0.155041
0.335163
0.000000
0.000000
0.000000
0.850000
0.000000
0.000000
0.044460
0.000000
0.000000
0.000000
0.000000
0.000000
0.000000
0.000000
0.000000
0.000000
0.813966
0.000000
0.000000
0.245102
0.000000
0.000000
0.000000
0.377343
0.000000
0.000000
0.000000
0.000000
0.000000
0.000000
0.000000
0.347703
0.000000
0.371643
0.000000
0.164161
0.000000
0.000000
0.000000
0.000000
0.000000
0.213182
0.123121
0.000000
0.000000
0.000000
0.000000
0.850000
0.000000
0.000000
0.000000
0.819666
0.000000
0.000000
0.216602
0.000000
0.000000
0.000000
0.334023
0.000000
0.000000
0.067261
0.000000
0.000000
0.000000
0.000000
0.000000
0.000000
0.000000
0.000000
0.000000
0.000000
0.000000
0.000000
0.427503
0.000000
0.017100
0.000000
0.000000
0.000000
0.245102
0.850000
0.172141
0.000000
0.000000
0.000000
0.000000
0.212042
0.000000
0.000000
0.297542
0.746706
0.000000
0.000000
0.135661
0.000000
0.000000
0.000000
0.000000
0.000000
0.000000
0.000000
0.000000
0.000000
0.000000
0.850000
0.000000
0.000000
0.547204
0.850000
0.850000
0.000000
0.850000
0.000000
0.850000
0.000000
0.750126
0.728466
0.510724
0.000000
0.850000
0.688565
0.000000
0.337443
0.000000
0.278162
0.000000
0.000000
0.000000
0.000000
0.000000
0.000000
0.000000
0.000000
0.000000
0.149341
0.000000
0.000000
0.000000
0.000000
0.000000
0.000000
0.176701
0.000000
0.000000
0.404703
0.000000
0.000000
0.000000
0.000000
0.000000
0.000000
0.000000
0.607625
0.759246
0.000000
0.000000
0.326043
0.000000
0.000000
0.000000
0.531244
0.235982
0.598505
0.063840
0.181261
0.000000
0.000000
0.009120
0.000000
0.343143
0.000000
0.043320
0.000000
0.000000
0.000000
0.000000
0.085501
0.000000
0.850000
0.000000
0.000000
0.000000
0.054720
0.117421
0.000000
0.106021
0.000000
0.000000
0.367083
0.000000
0.000000
0.000000
0.000000
0.000000
0.381903
0.490204
0.000000
0.764946
0.000000
0.000000
0.000000
0.000000
0.000000
0.000000
0.000000
0.000000
0.299822
0.046740
0.000000
0.000000
0.000000
0.000000
0.000000
0.000000
0.492484
0.000000
0.000000
0.000000
0.000000
0.000000
0.000000
0.000000
0.510724
0.000000
0.000000
0.000000
0.000000
0.000000
0.791166
0.487924
0.000000
0.000000
0.000000
0.069541
0.000000
0.066121
0.520984
0.082081
0.036480
0.330603
0.282722
0.000000
0.000000
0.000000
0.000000
0.000000
0.322622
0.000000
0.000000
0.335163
0.000000
0.000000
0.000000
0.427503
0.000000
0.000000
0.000000
0.000000
0.000000
0.000000
0.000000
0.000000
0.000000
0.000000
0.000000
0.000000
0.000000
0.691985
0.000000
0.850000
0.000000
0.324903
0.000000
0.000000
0.508444
0.084361
0.197222
0.000000
0.000000
0.000000
0.000000
0.000000
0.850000
0.850000
0.000000
0.000000
0.000000
0.850000
0.000000
0.000000
0.000000
0.062700
0.000000
0.000000
0.000000
0.000000
0.142501
0.000000
0.062700
0.000000
0.000000
0.000000
0.534664
0.000000
0.850000
0.000000
0.000000
0.850000
0.378483
0.034200
0.000000
0.000000
0.000000
0.440043
0.850000
0.000000
0.064981
0.270182
0.000000
0.000000
0.246242
0.000000
0.000000
0.432063
0.383043
0.000000
0.000000
0.000000
0.173281
0.000000
0.000000
0.000000
0.310082
0.000000
0.629285
0.023940
0.000000
0.000000
0.000000
0.000000
0.000000
0.000000
0.000000
0.000000
0.000000
0.000000
0.000000
0.624725
0.000000
0.000000
0.621305
0.796866
0.000000
0.000000
0.000000
0.000000
0.000000
0.850000
0.068401
0.000000
0.850000
0.660065
0.000000
0.000000
0.000000
0.000000
0.000000
0.490204
0.850000
0.000000
0.000000
0.000000
0.000000
0.503884
0.000000
0.000000
0.000000
0.000000
0.239402
0.027360
0.000000
0.000000
0.438903
0.000000
0.000000
0.000000
0.000000
0.000000
0.000000
0.000000
0.274742
0.000000
0.000000
0.000000
0.000000
0.000000
0.000000
0.649805
0.000000
0.000000
0.850000
0.514144
0.000000
0.000000
0.391023
0.000000
0.000000
0.000000
0.501604
0.192661
0.000000
0.000000
0.850000
0.000000
0.000000
0.000000
0.000000
0.000000
0.000000
0.107161
0.000000
0.000000
0.000000
0.000000
0.000000
0.000000
0.000000
0.000000
0.000000
0.000000
0.000000
0.000000
0.448023
0.000000
0.120841
0.000000
0.000000
0.000000
0.000000
0.000000
0.664625
0.000000
0.196082
0.000000
0.245102
0.316922
0.000000
0.000000
0.149341
0.000000
0.000000
0.000000
0.345423
0.010260
0.850000
0.319202
0.000000
0.000000
0.000000
0.000000
0.000000
0.671465
0.000000
0.000000
0.000000
0.126541
0.000000
0.000000
0.000000
0.000000
0.850000
0.000000
0.000000
0.000000
0.000000
0.243962
0.000000
0.000000
0.000000
0.466264
0.000000
0.000000
0.850000
0.239402
0.000000
0.000000
0.000000
0.000000
0.000000
0.000000
0.003420
0.000000
0.000000
0.000000
0.000000
0.000000
0.000000
0.785466
0.079801
0.000000
0.000000
0.726186
0.000000
0.000000
0.000000
0.000000
0.210902
0.062700
0.000000
0.000000
0.000000
0.000000
0.118561
0.000000
0.599645
0.000000
0.000000
0.850000
0.208622
0.000000
0.243962
0.000000
0.000000
0.201782
0.000000
0.000000
0.000000
0.000000
0.000000
0.043320
0.588245
0.689705
0.000000
0.850000
0.000000
0.000000
0.000000
0.000000
0.185821
0.337443
0.000000
0.000000
0.115141
0.000000
0.000000
0.288422
0.000000
0.563164
0.000000
0.000000
0.718206
0.000000
0.273602
0.000000
0.255362
0.000000
0.514144
0.000000
0.000000
0.000000
0.360243
0.489064
0.000000
0.000000
0.156181
0.000000
0.000000
0.000000
0.000000
0.000000
0.000000
0.850000
0.000000
0.000000
0.850000
0.000000
0.000000
0.000000
0.000000
0.000000
0.115141
0.000000
0.000000
0.000000
0.125401
0.000000
0.000000
0.437763
0.000000
0.000000
0.652085
0.175561
0.000000
0.000000
0.000000
0.379623
0.090061
0.000000
0.000000
0.000000
0.000000
0.000000
0.000000
0.044460
0.000000
0.000000
0.000000
0.000000
0.000000
0.121981
0.000000
0.394443
0.000000
0.327183
0.104881
0.012540
0.000000
0.000000
0.000000
0.000000
0.000000
0.000000
0.000000
0.249662
0.043320
0.000000
0.000000
0.000000
0.000000
0.000000
0.000000
0.000000
0.000000
0.000000
0.000000
0.000000
0.000000
0.000000
0.000000
0.000000
0.000000
0.000000
0.000000
0.000000
0.000000
0.000000
0.000000
0.267902
0.000000
0.000000
0.000000
0.000000
0.000000
0.000000
0.000000
0.000000
0.000000
0.850000
0.000000
0.000000
0.000000
0.000000
0.000000
0.591665
0.000000
0.000000
0.192661
0.642965
0.699965
0.000000
0.000000
0.000000
0.000000
0.000000
0.000000
0.000000
0.147061
0.128821
0.000000
0.000000
0.000000
0.000000
0.000000
0.000000
0.077521
0.000000
0.000000
0.000000
0.000000
0.000000
0.000000
0.000000
0.793446
0.000000
0.000000
0.000000
0.850000
0.000000
0.000000
0.000000
0.000000
0.321482
0.850000
0.090061
0.000000
0.850000
0.295262
0.000000
0.064981
0.000000
0.027360
0.000000
0.850000
0.689705
0.000000
0.000000
0.000000
0.174421
0.454864
0.000000
0.000000
0.000000
0.000000
0.000000
0.790026
0.000000
0.209762
0.000000
0.000000
0.000000
0.148201
0.674885
0.000000
0.000000
0.000000
0.000000
0.000000
0.588245
0.850000
0.000000
0.850000
0.000000
0.000000
0.000000
0.112861
0.000000
0.000000
0.000000
0.000000
0.000000
0.644105
0.000000
0.000000
0.000000
0.111721
0.000000
0.000000
0.000000
0.000000
0.000000
0.000000
0.427503
0.000000
0.000000
0.000000
0.000000
0.000000
0.000000
0.627005
0.850000
0.124261
0.000000
0.654365
0.000000
0.204062
0.680585
0.000000
0.000000
0.000000
0.000000
0.000000
0.000000
0.000000
0.000000
0.000000
0.000000
0.850000
0.000000
0.000000
0.471964
0.000000
0.000000
0.000000
0.238262
0.000000
0.166441
0.000000
0.000000
0.673745
0.000000
0.850000
0.000000
0.000000
0.000000
0.632705
0.526684
0.137941
0.000000
0.000000
0.313502
0.000000
0.671465
0.000000
0.000000
0.000000
0.058140
0.000000
0.000000
0.000000
0.644105
0.000000
0.000000
0.072961
0.000000
0.181261
0.000000
0.000000
0.000000
0.242822
0.000000
0.000000
0.000000
0.850000
0.335163
0.000000
0.000000
0.850000
0.000000
0.022800
0.000000
0.027360
0.151621
0.000000
0.000000
0.000000
0.000000
0.555184
0.000000
0.000000
0.132241
0.000000
0.000000
0.000000
0.000000
0.274742
0.766086
0.000000
0.000000
0.000000
0.000000
0.000000
0.298682
0.000000
0.000000
0.000000
0.261062
0.273602
0.000000
0.000000
0.000000
0.000000
0.850000
0.232562
0.000000
0.000000
0.434343
0.000000
0.000000
0.000000
0.000000
0.534664
0.585965
0.055860
0.000000
0.037620
0.000000
0.791166
0.000000
0.000000
0.000000
0.000000
0.000000
0.000000
0.000000
0.000000
0.052440
0.000000
0.000000
0.000000
0.000000
0.000000
0.000000
0.000000
0.151621
0.000000
0.000000
0.277022
0.000000
0.224582
0.000000
0.000000
0.000000
0.000000
0.000000
0.000000
0.000000
0.000000
0.000000
0.102601
0.000000
0.000000
0.000000
0.000000
0.000000
0.000000
0.461704
0.551764
0.000000
0.000000
0.000000
0.000000
0.000000
0.000000
0.000000
0.373923
0.000000
0.000000
0.000000
0.000000
0.000000
0.000000
0.000000
-0.000000
0.000000
0.701105
0.216602
0.000000
0.159601
0.000000
0.000000
0.000000
0.000000
0.655505
0.000000
0.000000
0.000000
0.000000
0.000000
0.000000
0.416103
0.000000
0.850000
0.000000
0.172141
0.000000
0.296402
0.000000
0.000000
0.000000
0.063840
0.000000
0.000000
0.000000
0.000000
0.000000
0.000000
0.000000
0.180121
0.000000
0.000000
0.057000
0.000000
0.000000
0.000000
0.069541
0.031920
0.000000
0.000000
0.000000
0.000000
0.000000
0.000000
0.000000
0.000000
0.000000
0.000000
0.000000
0.000000
0.039900
0.000000
0.062700
0.000000
0.000000
0.180121
0.000000
0.468544
0.000000
0.208622
0.000000
0.000000
0.000000
0.000000
0.000000
0.000000
0.000000
0.000000
0.000000
0.072961
0.000000
0.628145
0.477664
0.201782
0.731886
0.000000
0.115141
0.000000
0.000000
0.000000
0.000000
0.000000
0.157321
0.000000
0.850000
0.000000
0.000000
0.721626
0.581404
0.000000
0.000000
0.850000
0.000000
0.772926
0.000000
0.000000
0.000000
0.000000
0.000000
0.000000
0.000000
0.000000
0.426363
0.000000
0.000000
0.141361
0.752406
0.850000
0.000000
0.809406
0.000000
0.850000
0.000000
0.000000
0.000000
0.000000
0.000000
0.079801
0.681725
0.249662
0.000000
0.000000
0.850000
0.000000
0.000000
0.000000
0.000000
0.456004
0.036480
0.000000
0.000000
0.000000
0.000000
0.000000
0.000000
0.000000
0.000000
0.180121
0.000000
0.000000
0.000000
0.000000
0.000000
0.000000
0.000000
0.850000
0.850000
0.657785
0.000000
0.000000
0.000000
0.000000
0.107161
0.000000
0.000000
0.000000
0.000000
0.000000
0.000000
0.000000
0.000000
0.000000
0.000000
0.000000
0.109441
0.000000
0.481084
0.000000
0.092341
0.054720
0.000000
0.264482
0.850000
0.000000
0.000000
0.000000
0.000000
0.017100
0.000000
0.000000
0.000000
0.000000
0.000000
0.000000
0.000000
0.000000
0.534664
0.850000
0.000000
0.000000
0.000000
0.470824
0.401283
0.543784
0.850000
0.829926
0.000000
0.000000
0.000000
0.000000
0.000000
0.000000
0.000000
0.000000
0.242822
0.000000
0.404703
0.000000
0.000000
0.000000
0.000000
0.000000
0.000000
0.000000
0.000000
0.000000
0.850000
0.049020
0.000000
0.758106
0.000000
0.000000
0.000000
0.000000
0.850000
0.000000
0.000000
0.000000
0.000000
0.000000
0.000000
0.131101
0.000000
0.000000
0.000000
0.587105
0.850000
0.000000
0.000000
0.850000
0.000000
0.514144
0.850000
0.000000
0.240542
0.000000
0.000000
0.000000
0.000000
0.388743
0.000000
0.000000
0.000000
0.347703
0.681725
0.429783
0.523264
0.000000
0.000000
0.850000
0.850000
0.000000
0.000000
0.000000
0.850000
0.000000
0.000000
0.000000
0.444603
0.000000
0.850000
0.000000
0.000000
0.000000
0.000000
0.000000
0.850000
0.000000
0.000000
0.000000
0.000000
0.234842
0.017100
0.000000
0.178981
0.000000
0.279302
0.000000
0.000000
0.000000
0.850000
0.000000
0.266762
0.000000
0.201782
0.000000
0.424083
0.000000
0.000000
0.000000
0.234842
0.000000
0.000000
0.000000
0.000000
0.214322
0.376203
0.000000
0.000000
0.387603
0.000000
0.000000
0.000000
0.000000
0.000000
0.000000
0.000000
0.614465
0.000000
0.850000
0.000000
0.000000
0.625865
0.000000
0.000000
0.000000
0.283862
0.000000
0.571144
0.000000
0.000000
0.000000
0.173281
0.000000
0.000000
0.000000
0.043320
0.193801
0.000000
0.000000
0.554044
0.246242
0.000000
0.000000
0.000000
0.225722
0.850000
0.850000
0.000000
0.098041
0.484504
0.000000
0.000000
0.000000
0.000000
0.196082
0.000000
0.000000
0.000000
0.000000
0.038760
0.000000
0.000000
0.000000
0.000000
0.000000
0.725046
0.000000
0.000000
0.000000
0.000000
0.000000
0.850000
0.188101
0.224582
0.535804
0.000000
0.000000
0.000000
0.000000
0.000000
0.000000
0.218882
0.000000
0.000000
0.000000
0.000000
0.473104
0.000000
0.000000
0.378483
0.000000
0.850000
0.000000
0.199502
0.000000
0.000000
0.000000
0.269042
0.028500
0.000000
0.000000
0.000000
0.000000
0.226862
0.000000
0.329463
0.328323
0.225722
0.719346
0.713646
0.000000
0.000000
0.000000
0.000000
0.000000
0.000000
0.000000
0.000000
0.850000
0.000000
0.084361
0.000000
0.400143
0.850000
0.850000
0.850000
0.850000
0.000000
0.000000
0.000000
0.000000
0.000000
0.391023
0.166441
0.327183
0.000000
0.000000
0.000000
0.000000
0.583685
0.850000
0.000000
0.000000
0.000000
0.850000
0.664625
0.000000
0.000000
0.000000
0.000000
0.339723
0.850000
0.000000
0.000000
0.000000
0.850000
0.850000
0.000000
0.000000
0.850000
0.850000
0.000000
0.000000
0.000000
0.564304
0.194942
0.000000
0.850000
0.000000
0.000000
0.850000
0.850000
0.400143
0.000000
0.000000
0.000000
0.850000
0.850000
0.850000
0.574564
0.000000
0.000000
0.000000
0.850000
0.322622
0.000000
0.850000
0.499324
0.000000
0.850000
0.000000
0.000000
0.157321
0.000000
0.209762
0.226862
0.000000
0.000000
0.665765
0.000000
0.000000
0.850000
0.000000
0.000000
0.000000
0.000000
0.000000
0.000000
0.000000
0.000000
0.106021
0.000000
0.829926
0.000000
0.000000
0.000000
0.000000
0.000000
0.000000
0.000000
0.583685
0.453724
0.279302
0.000000
0.000000
0.000000
0.000000
0.000000
0.000000
0.850000
0.000000
0.000000
0.000000
0.850000
0.174421
0.000000
0.059280
0.000000
0.000000
0.000000
0.000000
0.000000
0.080941
0.839046
0.000000
0.850000
0.000000
0.000000
0.000000
0.000000
0.850000
0.000000
0.000000
0.000000
0.000000
0.000000
0.139081
0.000000
0.109441
0.490204
0.000000
0.000000
0.000000
0.000000
0.850000
0.021660
0.000000
0.158461
0.022800
0.000000
0.000000
0.850000
0.000000
0.000000
0.000000
0.003420
0.000000
0.850000
0.257642
0.000000
0.000000
0.000000
0.000000
0.760386
0.000000
0.082081
0.030780
0.000000
0.000000
0.000000
0.850000
0.000000
0.000000
0.000000
0.850000
0.124261
0.000000
0.000000
0.000000
0.061560
0.237122
0.000000
0.000000
0.000000
0.000000
0.000000
0.558604
0.000000
0.000000
0.000000
0.000000
0.000000
0.000000
0.053580
0.000000
0.000000
0.000000
0.000000
0.000000
0.000000
0.000000
0.000000
0.500464
0.000000
0.000000
0.000000
0.000000
0.000000
0.850000
0.000000
0.000000
0.000000
0.000000
0.000000
0.054720
0.625865
0.000000
0.000000
0.000000
0.000000
0.000000
0.850000
0.000000
0.000000
0.850000
0.000000
0.000000
0.183541
0.000000
0.000000
0.000000
0.000000
0.000000
0.094621
0.850000
0.000000
0.000000
0.534664
0.000000
0.627005
0.000000
0.000000
0.000000
0.000000
0.000000
0.000000
0.000000
0.492484
0.652085
0.741006
0.166441
0.000000
0.000000
0.850000
0.463984
0.850000
0.047880
0.000000
0.140221
0.850000
0.461704
0.000000
0.000000
0.000000
0.000000
0.000000
0.000000
0.000000
0.539224
0.850000
0.000000
0.114001
0.000000
0.000000
0.000000
0.000000
0.000000
0.850000
0.000000
0.000000
0.000000
0.000000
0.000000
0.704525
0.685145
0.356823
0.411543
0.408123
0.000000
0.503884
0.000000
0.850000
0.842467
0.164161
0.850000
0.850000
0.000000
0.850000
0.000000
0.000000
0.462844
0.245102
0.542644
0.000000
0.000000
0.850000
0.000000
0.000000
0.541504
0.254222
0.178981
0.000000
0.255362
0.000000
0.850000
0.077521
0.000000
0.191521
0.000000
0.000000
0.000000
0.000000
0.000000
0.000000
0.000000
0.000000
0.000000
0.850000
0.221162
0.850000
0.372783
0.850000
0.000000
0.412683
0.308942
0.000000
0.000000
0.174421
0.000000
0.000000
0.000000
0.850000
0.405843
0.508444
0.000000
0.000000
0.000000
0.850000
0.000000
0.000000
0.000000
0.599645
0.000000
0.000000
0.000000
0.850000
0.850000
0.590525
0.590525
0.604205
0.850000
0.679445
0.261062
0.850000
0.647525
0.850000
0.575704
0.000000
0.770646
0.000000
0.000000
0.000000
0.625865
0.000000
0.000000
0.070681
0.235982
0.424083
0.818526
0.850000
0.000000
0.850000
0.318062
0.000000
0.000000
0.000000
0.304382
0.850000
0.850000
0.501604
0.850000
0.000000
0.000000
0.482224
0.503884
0.000000
0.000000
0.000000
0.000000
0.000000
0.000000
0.000000
0.000000
0.000000
0.000000
0.000000
0.000000
0.850000
0.850000
0.000000
0.000000
0.000000
0.000000
0.000000
0.738726
0.000000
0.194942
0.000000
0.000000
0.364803
0.000000
0.000000
0.002280
0.000000
0.000000
0.000000
0.538084
0.000000
0.000000
0.000000
0.000000
0.000000
0.000000
0.296402
0.000000
0.397863
0.343143
0.000000
0.000000
0.000000
0.850000
0.000000
0.000000
0.000000
0.000000
0.000000
0.000000
0.000000
0.000000
0.850000
0.850000
0.000000
0.000000
0.000000
0.850000
0.000000
0.000000
0.000000
0.000000
0.000000
